FACPZ15,20151008,54.44,54.44,54.44,54.44,1,17
FCDRZ15,20151008,26.89,26.89,26.00,26.64,23,354
FCHF,20151008,389.30,389.79,388.42,389.00,151,2019
FCHFM16,20151008,394.16,394.16,393.50,393.56,11,271
FCHFWS,20151008,389.30,389.79,388.42,389.00,140,825
FCHFZ15,20151008,389.30,389.79,388.42,389.00,140,825
FEUR,20151008,424.69,425.37,424.28,424.28,352,22890
FEURH16,20151008,426.96,426.96,426.34,426.34,3,10275
FEURM16,20151008,427.40,428.53,427.40,427.41,7,355
FEURU16,20151008,429.88,430.35,429.63,429.63,6,91
FEURV15,20151008,423.52,423.52,423.00,423.00,3,500
FEURWS,20151008,423.52,423.52,423.00,423.00,3,500
FEURZ15,20151008,424.69,425.37,424.28,424.28,333,11669
FJSWH16,20151008,12.24,12.39,12.16,12.27,11,100
FJSWZ15,20151008,12.27,12.35,12.06,12.27,230,1749
FKGHH16,20151008,90.25,90.25,89.50,89.70,6,50
FKGHZ15,20151008,89.51,92.10,88.29,91.00,2281,2118
FLTSZ15,20151008,29.99,30.90,29.64,30.71,38,93
FLWBZ15,20151008,55.65,56.79,53.90,53.90,37,127
FOPLH16,20151008,7.52,7.61,7.52,7.61,4,17
FOPLZ15,20151008,7.42,7.56,7.42,7.56,21,222
FPEOZ15,20151008,154.15,155.80,152.20,154.35,114,222
FPGEH16,20151008,13.20,13.65,13.20,13.65,42,74
FPGEZ15,20151008,13.48,13.88,13.13,13.85,685,2155
FPGNZ15,20151008,6.78,6.99,6.77,6.97,145,472
FPKNH16,20151008,65.00,65.02,64.64,64.64,3,76
FPKNZ15,20151008,65.61,66.20,64.27,64.48,715,1777
FPKOH16,20151008,31.54,31.54,31.54,31.54,1,42
FPKOM16,20151008,31.33,31.33,31.33,31.33,1,1
FPKOZ15,20151008,30.78,31.50,30.55,31.30,820,2070
FPZUH16,20151008,388.00,388.00,388.00,388.00,1,2
FPZUZ15,20151008,385.00,397.45,383.10,396.45,412,763
FTPEH16,20151008,3.30,3.30,3.30,3.30,1,21
FTPEZ15,20151008,3.22,3.24,3.18,3.23,157,807
FUSD,20151008,377.34,377.37,375.45,375.84,3659,21800
FUSDH16,20151008,377.10,378.00,376.61,378.00,31,2291
FUSDU16,20151008,378.00,379.40,378.00,379.40,2,42
FUSDWS,20151008,377.34,377.37,375.45,375.84,3626,18872
FUSDZ15,20151008,377.34,377.37,375.45,375.84,3626,18872
FW20,20151008,2114,2135,2101,2130,17844,51718
FW20H1620,20151008,2120,2143,2110,2140,74,285
FW20M1620,20151008,2109,2122,2104,2122,13,119
FW20U1620,20151008,2076,2103,2076,2102,12,76
FW20WS,20151008,2114,2135,2101,2130,17745,51238
FW20Z1520,20151008,2114,2135,2101,2130,17745,51238
FW40H16,20151008,3665,3665,3662,3662,2,8
FW40Z15,20151008,3605,3665,3597,3646,454,2246
OW20C162400,20151008,23.00,23.00,20.02,20.02,11,72
OW20C162500,20151008,11.05,11.05,11.05,11.05,1,73
OW20C162600,20151008,4.66,4.66,4.45,4.45,6,195
OW20C162700,20151008,2.01,2.01,1.75,2.00,29,210
OW20F162700,20151008,6.20,6.20,6.20,6.20,10,211
OW20I162100,20151008,141.55,141.55,141.55,141.55,1,1
OW20J152025,20151008,85.00,85.00,85.00,85.00,2,40
OW20J152050,20151008,59.65,79.10,59.65,79.10,9,71
OW20J152075,20151008,54.00,58.50,54.00,58.50,11,107
OW20J152100,20151008,24.93,39.00,24.93,37.24,60,119
OW20J152125,20151008,13.85,23.00,10.29,20.30,159,174
OW20J152150,20151008,5.06,10.78,4.71,9.78,83,204
OW20J152175,20151008,2.01,4.60,2.00,4.39,114,143
OW20J152200,20151008,1.07,2.04,1.07,2.04,121,195
OW20K152050,20151008,102.50,102.50,102.50,102.50,1,1
OW20K152100,20151008,52.65,67.95,52.65,67.95,3,16
OW20K152150,20151008,32.80,45.09,32.80,45.09,4,15
OW20K152200,20151008,19.93,23.76,19.93,23.76,5,19
OW20K152250,20151008,8.44,12.30,8.44,12.30,7,30
OW20K152300,20151008,3.86,3.86,3.86,3.86,1,17
OW20K152350,20151008,2.32,2.32,2.32,2.32,10,126
OW20L152000,20151008,158.00,158.00,158.00,158.00,5,32
OW20L152050,20151008,123.00,123.00,122.90,122.90,6,52
OW20L152100,20151008,95.05,95.05,95.05,95.05,1,223
OW20L152150,20151008,62.85,64.20,62.85,64.20,5,97
OW20L152200,20151008,36.80,47.27,36.28,43.70,22,1238
OW20L152250,20151008,24.60,24.60,24.60,24.60,10,62
OW20L152300,20151008,16.00,21.58,16.00,19.83,20,448
OW20L152350,20151008,10.20,12.46,8.92,12.46,21,105
OW20L152400,20151008,5.90,7.35,4.68,7.35,56,339
OW20L152450,20151008,3.20,3.20,2.65,3.06,45,119
OW20L152500,20151008,2.00,2.34,2.00,2.34,87,1005
OW20L152550,20151008,1.05,1.05,1.05,1.05,10,25
OW20L152600,20151008,1.00,1.00,1.00,1.00,8,333
OW20O161900,20151008,35.33,35.33,35.00,35.00,2,135
OW20O162000,20151008,59.00,59.00,59.00,59.00,1,94
OW20R161800,20151008,32.08,32.08,32.08,32.08,1,67
OW20R162100,20151008,127.75,127.75,127.75,127.75,1,19
OW20V152000,20151008,2.10,2.84,2.00,2.14,285,261
OW20V152025,20151008,3.93,4.00,2.50,2.74,119,116
OW20V152050,20151008,6.72,7.55,3.69,3.69,93,100
OW20V152075,20151008,10.99,12.00,6.16,6.37,77,80
OW20V152100,20151008,18.99,22.21,9.28,10.16,92,180
OW20V152125,20151008,33.71,37.65,17.07,17.94,38,76
OW20V152150,20151008,40.00,42.17,32.20,32.20,44,68
OW20V152175,20151008,74.75,74.75,50.25,51.50,9,46
OW20V152200,20151008,79.00,79.00,79.00,79.00,1,42
OW20V152225,20151008,98.45,98.45,98.45,98.45,1,41
OW20V152350,20151008,247.00,247.00,247.00,247.00,1,8
OW20W151800,20151008,2.10,2.10,1.63,1.63,4,53
OW20W151950,20151008,9.18,9.18,9.02,9.06,4,20
OW20W152000,20151008,16.16,16.16,16.16,16.16,10,6
OW20W152050,20151008,30.41,30.41,30.41,30.41,2,36
OW20W152100,20151008,59.00,59.00,52.00,55.35,12,8
OW20W152150,20151008,65.30,65.30,65.30,65.30,1,12
OW20X151700,20151008,3.15,3.15,2.50,2.50,30,329
OW20X151750,20151008,4.98,4.98,4.32,4.32,11,89
OW20X151800,20151008,7.68,8.28,7.02,7.21,40,290
OW20X151850,20151008,11.20,11.20,11.20,11.20,3,45
OW20X151900,20151008,16.00,16.00,15.00,15.00,2,3592
OW20X151950,20151008,20.88,20.88,20.88,20.88,1,53
OW20X152000,20151008,36.71,36.71,30.00,30.12,4,549
OW20X152050,20151008,44.48,44.48,40.97,40.97,8,51
OW20X152100,20151008,70.05,72.00,57.55,57.55,38,1135
OW20X152150,20151008,92.35,92.35,81.20,83.00,4,29
OW20X152200,20151008,118.75,118.75,115.60,115.60,6,1214
OW20X152300,20151008,197.00,197.00,197.00,197.00,5,2588
06MAGNA,20151008,1.85,1.93,1.85,1.93,1018
4FUNMEDIA,20151008,4.51,4.51,4.45,4.51,2385
AATHOLD,20151008,22.40,22.40,22.40,22.40,740
ABCDATA,20151008,3.17,3.19,3.13,3.17,22171
ABMSOLID,20151008,0.58,0.58,0.58,0.58,100
ABPL,20151008,36.95,37.00,36.21,37.00,710
ACAUTOGAZ,20151008,30.00,30.00,29.45,29.45,650
ACE,20151008,12.20,12.79,12.00,12.17,10895
ACTION,20151008,27.00,27.00,26.05,26.13,1553
AGORA,20151008,11.80,11.88,11.20,11.38,18895
AGROTON,20151008,1.10,1.33,1.10,1.31,321671
ALCHEMIA,20151008,4.94,4.95,4.91,4.91,108852
ALIOR,20151008,82.50,83.22,82.15,83.00,122791
ALMA,20151008,10.00,10.30,9.73,10.22,3165
ALTA,20151008,1.97,1.97,1.83,1.90,1025
ALTUSTFI,20151008,10.69,10.69,10.58,10.60,1581
ALUMETAL,20151008,45.90,46.95,45.90,45.90,73155
AMBRA,20151008,8.70,8.70,8.70,8.70,79
AMICA,20151008,159.00,160.00,157.50,160.00,1128
AMREST,20151008,174.80,174.80,171.65,174.70,8823
APATOR,20151008,33.37,33.97,32.88,33.50,9768
APLISENS,20151008,12.72,12.72,12.72,12.72,1
APSENERGY,20151008,5.00,5.09,4.95,4.97,127923
ARCTIC,20151008,3.25,3.31,3.22,3.31,18374
ARK2FRN15,20151008,69.90,69.90,66.70,69.87,23
ARKASWE17,20151008,72.00,72.00,72.00,72.00,200
ARTERIA,20151008,14.57,14.96,14.57,14.94,517
ASBIS,20151008,1.11,1.20,1.10,1.17,437433
ASSECOBS,20151008,14.92,14.92,14.92,14.92,10
ASSECOPOL,20151008,54.98,55.00,54.12,54.54,89300
ASSECOSEE,20151008,9.62,9.62,9.60,9.60,1100
ASTARTA,20151008,28.00,30.69,26.55,29.63,21229
ATAL,20151008,21.69,21.69,21.06,21.30,14452
ATENDE,20151008,2.54,2.58,2.54,2.58,11
ATLANTAPL,20151008,8.37,8.48,8.21,8.41,5812
ATLANTIS,20151008,0.59,0.59,0.57,0.59,2752
ATLASEST,20151008,1.03,1.03,1.03,1.03,7300
ATM,20151008,9.33,9.33,9.33,9.33,10
ATMGRUPA,20151008,3.53,3.53,3.48,3.50,290
ATREM,20151008,5.08,5.08,5.08,5.08,100
AVIAAML,20151008,5.67,5.67,5.67,5.67,1
AVIASG,20151008,20.80,20.80,19.80,19.80,459
AWBUD,20151008,2.75,2.88,2.75,2.88,5679
BANKBPH,20151008,39.40,39.84,36.33,36.33,6712
BBIDEV,20151008,0.90,0.90,0.88,0.88,6678
BENEFIT,20151008,434.00,434.00,415.00,420.00,718
BETACOM,20151008,10.64,10.64,10.40,10.42,1490
BGZBNPP,20151008,50.45,50.45,50.00,50.00,210
BIOMEDLUB,20151008,3.00,3.00,2.94,2.99,3466
BIOTON,20151008,11.39,11.80,10.87,11.14,555095
BMPAG,20151008,2.70,2.70,2.70,2.70,2
BOGDANKA,20151008,59.80,59.86,59.00,59.19,25435
BORYSZEW,20151008,5.05,5.09,4.96,5.05,307853
BOS,20151008,21.05,21.29,21.00,21.04,1153
BOWIM,20151008,2.00,2.18,2.00,2.18,45405
BPHFIZMLI,20151008,87.00,87.00,87.00,87.00,65
BPHFIZSN,20151008,43.80,43.80,43.80,43.80,3
BRASTER,20151008,13.02,13.49,12.92,13.49,5278
BRIJU,20151008,14.69,14.69,14.15,14.15,331
BSCDRUK,20151008,34.64,34.64,34.20,34.20,230
BUDIMEX,20151008,206.00,209.00,205.00,207.65,3608
BUMECH,20151008,0.80,0.81,0.78,0.79,102877
BYTOM,20151008,3.21,3.21,3.16,3.20,39642
BZWBK,20151008,306.00,312.90,306.00,311.90,27611
CALATRAVA,20151008,0.66,0.71,0.63,0.65,192681
CAMMEDIA,20151008,4.70,5.19,4.70,5.17,7162
CAPITAL,20151008,2.26,2.26,2.17,2.17,10770
CCC,20151008,155.90,161.55,154.00,161.55,35011
CDPROJEKT,20151008,26.14,26.68,26.02,26.56,190773
CDRL,20151008,17.99,17.99,17.64,17.99,337
CEZ,20151008,76.35,76.35,75.68,75.68,539
CHEMOS,20151008,1.35,1.46,1.33,1.44,290053
CIECH,20151008,71.20,73.30,70.70,71.60,59513
CIGAMES,20151008,20.48,20.49,20.10,20.24,50176
CNT,20151008,8.30,8.45,8.30,8.45,1235
COGNOR,20151008,1.20,1.24,1.20,1.20,56424
COLIAN,20151008,4.42,4.43,4.36,4.43,14911
COMARCH,20151008,130.00,130.00,124.30,124.30,7205
COMP,20151008,54.50,55.50,53.99,54.00,152592
CORMAY,20151008,1.74,1.79,1.71,1.75,62100
CORMAY-PDA,20151008,1.72,1.76,1.70,1.76,38583
CPGROUP,20151008,5.89,5.89,5.65,5.89,490
CUBEITG,20151008,5.22,5.39,5.22,5.39,1428
CYFRPLSAT,20151008,24.40,24.40,24.02,24.04,206698
CZTOREBKA,20151008,1.28,1.28,1.20,1.25,105069
DEBICA,20151008,79.10,79.86,78.01,79.86,184
DECORA,20151008,6.79,6.79,6.50,6.50,463
DEKPOL,20151008,15.80,15.90,15.80,15.90,21415
DELKO,20151008,8.14,8.14,8.10,8.13,35
DGA,20151008,5.80,5.80,5.55,5.55,130
DMWDM,20151008,0.35,0.35,0.33,0.35,4783
DOMDEV,20151008,50.00,52.00,50.00,52.00,466
DROZAPOL,20151008,2.22,2.26,2.22,2.26,197
DTP,20151008,4.54,4.54,4.39,4.39,1742
DUDA,20151008,5.60,5.80,5.60,5.68,2362
DUON,20151008,3.44,3.44,3.35,3.38,117822
ECARD,20151008,3.95,3.95,3.95,3.95,5
ECHO,20151008,6.61,6.75,6.59,6.75,8652
EDINVEST,20151008,2.39,2.39,2.30,2.39,1086
EFEKT,20151008,15.55,15.75,15.01,15.63,269
EKOEXPORT,20151008,14.10,14.43,13.70,14.43,43432
ELBUDOWA,20151008,151.00,153.00,151.00,153.00,720
ELEKTROTI,20151008,17.15,17.17,16.90,17.00,12358
ELEMENTAL,20151008,4.33,4.33,4.24,4.25,361746
ELKOP,20151008,1.28,1.34,1.25,1.28,7578
ELZAB,20151008,14.62,15.19,14.61,14.62,598
EMCINSMED,20151008,15.00,15.00,15.00,15.00,1
EMPERIA,20151008,65.30,66.99,65.30,66.50,4698
ENAP,20151008,0.85,0.87,0.85,0.86,8185
ENEA,20151008,12.95,13.20,12.86,13.11,482840
ENELMED,20151008,9.71,9.90,9.70,9.90,251
ENERGA,20151008,16.34,17.11,15.90,16.94,1685805
ENERGOINS,20151008,9.25,9.68,9.16,9.66,1443
ERBUD,20151008,33.40,33.40,33.00,33.00,1501
ERG,20151008,21.03,21.61,20.11,20.70,7633
ERGIS,20151008,6.24,6.24,6.16,6.23,201
ESSYSTEM,20151008,2.94,2.94,2.94,2.94,105
ETFDAX,20151008,415.00,415.00,402.52,408.64,86
ETFSP500,20151008,76.43,76.50,75.85,76.40,12030
ETFW20L,20151008,246.00,246.00,243.24,245.21,2379
EUCO,20151008,48.61,49.33,48.00,48.99,267
EUROCASH,20151008,48.00,48.95,47.78,48.69,521029
EUROTEL,20151008,17.40,17.42,17.40,17.42,75
EVEREST,20151008,1.92,1.95,1.92,1.94,2798
FAMUR,20151008,1.90,1.90,1.89,1.90,11111
FARMACOL,20151008,64.00,64.55,64.00,64.50,17257
FASING,20151008,17.30,17.50,17.30,17.50,192
FASTFIN,20151008,0.66,0.66,0.60,0.61,74909
FEERUM,20151008,22.20,22.20,22.00,22.00,11
FERRO,20151008,11.19,12.00,11.00,11.00,16779
FERRUM,20151008,4.99,4.99,4.80,4.95,1548
FON,20151008,0.59,0.59,0.57,0.59,6996
FORTE,20151008,53.00,53.74,50.60,52.92,23138
FORTUNA,20151008,11.30,11.30,11.30,11.30,665
FOTA,20151008,0.64,0.64,0.60,0.63,41618
GETIN,20151008,1.51,1.51,1.48,1.51,58778
GETINOBLE,20151008,0.91,0.93,0.91,0.93,3511207
GINOROSSI,20151008,2.56,2.56,2.50,2.50,31708
GLCOSMED,20151008,4.59,4.59,4.41,4.53,2245
GORENJE,20151008,21.50,21.50,21.50,21.50,1
GPW,20151008,39.50,39.70,38.65,38.65,59692
GRAAL,20151008,32.00,32.35,31.63,32.00,22231
GRAJEWO,20151008,25.19,25.99,25.00,25.91,2222
GREMMEDIA,20151008,1.79,1.95,1.66,1.95,13277
GROCLIN,20151008,14.27,14.48,13.95,13.96,11676
GRUPAAZOTY,20151008,91.00,91.65,88.00,88.10,21432
GTC,20151008,6.57,6.65,6.43,6.65,232380
GTC-PDA,20151008,6.32,6.65,6.32,6.65,9291
HANDLOWY,20151008,81.74,82.19,81.05,81.30,14287
HARPER,20151008,1.87,1.87,1.78,1.78,365
HAWE,20151008,1.02,1.04,1.01,1.02,1042172
HELIO,20151008,4.11,4.18,4.10,4.18,4711
HERKULES,20151008,4.26,4.28,4.21,4.26,9263
HUBSTYLE,20151008,0.92,1.00,0.92,0.94,43527
HYDROTOR,20151008,37.00,37.90,37.00,37.90,160
HYPERION,20151008,3.63,3.63,3.42,3.42,2378
IDEABANK,20151008,25.60,25.60,25.60,25.60,120
IDMSA,20151008,1.45,1.54,1.45,1.54,2905
IFCAPITAL,20151008,1.17,1.23,1.13,1.23,8344
IFSA,20151008,0.51,0.53,0.50,0.52,30450
IIAAV,20151008,9.42,9.44,9.41,9.44,1500
IMCOMPANY,20151008,6.30,6.93,6.30,6.70,19961
IMMOBILE,20151008,2.40,2.40,2.39,2.39,7
IMPEL,20151008,28.00,28.00,28.00,28.00,2
IMPERA,20151008,1.52,1.58,1.52,1.52,1013
IMPEXMET,20151008,2.70,2.75,2.69,2.75,43955
IMS,20151008,2.15,2.15,2.15,2.15,54
INC,20151008,2.15,2.17,2.15,2.17,477
INDATA,20151008,0.94,1.01,0.93,0.95,323574
INDYGO,20151008,1.11,1.16,1.08,1.09,1409692
INDYKPOL,20151008,93.80,93.80,90.61,92.98,195
INGBSK,20151008,123.00,123.95,122.55,123.00,2232
INPRO,20151008,3.67,3.68,3.67,3.68,540
INSTALKRK,20151008,10.99,11.20,10.99,11.00,4629
INTEGERPL,20151008,122.80,124.30,121.50,124.30,1360
INTERBUD,20151008,2.27,2.30,2.15,2.17,14212
INTERCARS,20151008,239.75,241.00,235.00,241.00,964
INTERSPPL,20151008,2.01,2.08,2.00,2.06,18466
INTROL,20151008,9.85,9.85,9.70,9.84,545
INVISTA,20151008,2.18,2.26,2.15,2.23,16120
INVPEFIZ,20151008,940.00,966.00,920.00,920.00,21
IPERMFIZ,20151008,62.00,62.00,61.50,61.50,96
IPOPEMA,20151008,2.98,2.98,2.98,2.98,20
IQP,20151008,0.82,0.82,0.82,0.82,10
IVMX,20151008,5.94,5.96,5.94,5.95,1799
IZOBLOK,20151008,105.50,106.90,105.50,106.90,3
IZOLACJA,20151008,1.08,1.10,1.08,1.10,39
IZOSTAL,20151008,4.35,4.35,4.35,4.35,210
JHMDEV,20151008,1.48,1.49,1.48,1.49,6345
JSW,20151008,12.29,12.37,12.11,12.19,90942
JWCONSTR,20151008,4.91,5.19,4.91,5.09,123645
K2INTERNT,20151008,12.00,12.87,12.00,12.34,6443
KANIA,20151008,2.90,2.90,2.88,2.88,9352
KERDOS,20151008,0.53,0.65,0.52,0.65,12515748
KERNEL,20151008,50.19,50.78,49.20,50.78,255293
KETY,20151008,294.40,294.40,286.60,286.60,19215
KGHM,20151008,89.50,92.10,88.58,91.00,1602225
KINOPOL,20151008,13.50,13.84,13.50,13.83,55
KOFOLA,20151008,56.40,56.40,53.72,53.72,10
KOGENERA,20151008,71.86,71.86,68.90,69.55,381
KOMPUTRON,20151008,8.83,8.83,8.52,8.52,9174
KONSSTALI,20151008,32.53,32.99,31.05,31.05,1561
KOPEX,20151008,5.69,5.76,5.68,5.76,7162
KRAKCHEM,20151008,4.12,4.25,4.03,4.25,3847
KREC,20151008,7.14,7.14,6.90,7.14,1491
KREDYTIN,20151008,27.69,27.70,27.69,27.70,300
KREZUS,20151008,3.95,4.14,3.95,4.14,23979
KRUK,20151008,176.05,182.00,176.05,180.40,5139
KRUSZWICA,20151008,50.60,51.59,50.60,51.59,123
KSGAGRO,20151008,0.99,1.19,0.99,1.19,292438
LCCORP,20151008,1.99,1.99,1.96,1.97,135610
LENA,20151008,4.46,4.46,4.35,4.40,7027
LENTEX,20151008,9.00,9.05,8.90,9.05,13971
LIBET,20151008,2.44,2.51,2.43,2.51,4339
LIVECHAT,20151008,35.53,36.94,35.50,36.00,4644
LOTOS,20151008,30.10,30.94,29.47,30.66,311704
LPP,20151008,7750.00,7789.00,7569.45,7634.10,1268
LSISOFT,20151008,4.50,4.50,4.50,4.50,1
LUBAWA,20151008,1.06,1.07,1.04,1.06,54003
MABION,20151008,47.50,48.09,47.50,47.53,4623
MAGELLAN,20151008,54.70,55.70,54.70,55.00,2160
MAKARONPL,20151008,5.79,5.79,5.68,5.78,29486
MARVIPOL,20151008,7.06,7.07,7.05,7.05,213
MBANK,20151008,377.20,385.00,374.10,382.10,21963
MCI,20151008,11.99,12.36,11.99,12.15,18324
MCLOGIC,20151008,39.30,39.30,39.30,39.30,60
MEDICALG,20151008,203.50,209.90,203.50,209.90,762
MENNICA,20151008,13.36,13.59,13.35,13.59,1442
MERCATOR,20151008,18.25,18.25,18.25,18.25,502
MERCOR,20151008,9.87,9.88,9.73,9.88,178
MEXPOLSKA,20151008,4.35,4.36,4.26,4.34,8834
MFO,20151008,12.10,12.10,12.10,12.10,2
MIDAS,20151008,0.61,0.61,0.60,0.60,44562
MILKILAND,20151008,1.09,1.30,1.09,1.30,508871
MILLENNIUM,20151008,6.45,6.49,6.27,6.31,2377294
MIRACULUM,20151008,3.00,3.10,2.81,2.95,12825
MIRBUD,20151008,1.13,1.13,1.11,1.12,104852
MLPGROUP,20151008,35.75,35.75,34.50,34.50,220
MNI,20151008,0.97,0.97,0.95,0.95,8561
MOJ,20151008,1.20,1.21,1.11,1.21,1080
MOL,20151008,176.55,178.00,176.55,178.00,82
MONNARI,20151008,16.91,17.10,16.90,17.04,37822
MOSTALPLC,20151008,14.99,14.99,14.85,14.85,18
MOSTALWAR,20151008,13.40,14.20,13.40,14.10,11614
MOSTALZAB,20151008,1.80,1.87,1.80,1.86,110728
MUZA,20151008,3.19,3.19,3.19,3.19,88
MWTRADE,20151008,15.85,16.40,15.85,16.40,175
NETIA,20151008,5.63,5.74,5.07,5.45,1161635
NETMEDIA,20151008,5.45,5.74,5.27,5.69,7737
NEUCA,20151008,345.85,345.85,340.50,341.00,1004
NEWAG,20151008,15.75,15.75,15.61,15.62,2782
NFIEMF,20151008,3.04,3.04,2.88,3.01,1127
NORTCOAST,20151008,5.84,5.84,5.84,5.84,10
NOVITA,20151008,51.58,51.59,51.58,51.59,22
NOWAGALA,20151008,1.26,1.30,1.25,1.30,18315
NTTSYSTEM,20151008,2.40,2.40,2.30,2.39,761
ODLEWNIE,20151008,2.35,2.35,2.35,2.35,2860
OPENFIN,20151008,4.15,4.16,4.15,4.16,635
OPERA3GR,20151008,260.16,260.16,260.16,260.16,20
OPONEO.PL,20151008,18.80,19.36,18.71,19.30,708
OPTEAM,20151008,9.60,9.60,9.60,9.60,245
ORANGEPL,20151008,7.41,7.55,7.33,7.47,2775361
ORBIS,20151008,61.00,61.00,58.61,58.85,4340
ORCOGROUP,20151008,1.07,1.08,0.97,1.08,12280
ORZBIALY,20151008,6.80,6.98,6.80,6.98,618
OTMUCHOW,20151008,6.45,6.45,6.45,6.45,294
OVOSTAR,20151008,88.32,88.99,85.52,85.52,101
PAGED,20151008,54.53,54.53,51.15,52.90,1160
PAMAPOL,20151008,1.50,1.51,1.35,1.46,23233
PANOVA,20151008,18.66,19.07,18.66,18.70,182
PBG,20151008,2.43,2.44,2.20,2.34,161786
PCCEXOL,20151008,3.20,3.20,3.19,3.19,70
PCCINTER,20151008,2.09,2.09,2.09,2.09,375
PCCROKITA,20151008,39.30,39.60,39.30,39.60,402
PCM,20151008,41.50,41.60,41.10,41.50,34733
PEGAS,20151008,132.00,132.05,131.90,132.05,41
PEKABEX,20151008,10.73,10.75,10.50,10.70,1210
PEKAES,20151008,12.05,12.49,12.04,12.49,11962
PEKAO,20151008,152.85,155.60,151.75,154.00,403018
PELION,20151008,64.10,64.33,63.01,63.99,1837
PEMANAGER,20151008,127.40,127.40,127.40,127.40,15
PEP,20151008,25.58,25.95,25.58,25.94,1271
PEPEES,20151008,0.52,0.54,0.52,0.53,14413
PGE,20151008,13.25,13.90,13.08,13.87,9139992
PGNIG,20151008,6.77,7.00,6.75,6.94,6755907
PGODLEW,20151008,5.30,5.30,5.09,5.09,43
PHN,20151008,18.80,18.80,18.65,18.70,2576
PKNORLEN,20151008,65.62,66.20,64.16,64.50,1203741
PKOBL1,20151008,103.00,103.00,103.00,103.00,100
PKOBP,20151008,30.58,31.55,30.46,31.30,5155622
PKOGS,20151008,101.08,101.48,101.08,101.45,989
PKPCARGO,20151008,69.96,70.00,68.10,68.90,6157
PLASTBOX,20151008,2.28,2.28,2.27,2.27,520
PLATYNINW,20151008,3.09,3.39,3.05,3.39,7663
POLICE,20151008,24.97,24.98,24.70,24.70,57
POLMED,20151008,3.41,3.41,3.35,3.39,8734
POLNA,20151008,24.26,24.45,23.08,23.70,1048
POLNORD,20151008,12.38,12.84,12.31,12.75,148964
POLWAX,20151008,15.98,15.99,15.86,15.99,1357
POZBUD,20151008,5.39,5.40,5.39,5.40,4950
PRAGMAFA,20151008,12.81,12.82,12.70,12.70,644
PRAGMAINK,20151008,12.00,12.00,12.00,12.00,24
PRAIRIE,20151008,1.63,1.76,1.43,1.47,223169
PRESCO,20151008,5.39,5.39,5.30,5.30,101
PRIMAMODA,20151008,1.45,1.45,1.45,1.45,105
PROCAD,20151008,1.60,1.68,1.58,1.67,6994
PROCHEM,20151008,16.28,16.89,16.20,16.89,1183
PROCHNIK,20151008,1.11,1.18,1.10,1.17,98583
PROJPRZEM,20151008,7.42,7.50,7.42,7.50,779
PROTEKTOR,20151008,3.05,3.13,3.05,3.13,746
PTI,20151008,0.78,0.89,0.75,0.88,883836
PULAWY,20151008,164.00,168.00,164.00,168.00,386
PWRMEDIA,20151008,1.29,1.29,1.29,1.29,190
PZU,20151008,384.70,397.90,383.20,396.75,492382
QUANTUM,20151008,6.50,6.50,6.30,6.30,3950
QUERCUS,20151008,6.48,6.48,6.35,6.47,3133
QUMAK,20151008,10.45,10.90,10.40,10.66,84843
RADPOL,20151008,6.49,6.49,6.30,6.37,692
RAFAKO,20151008,6.80,6.80,6.65,6.70,583249
RAFAMET,20151008,15.05,15.05,15.05,15.05,16
RAINBOW,20151008,24.50,24.86,24.12,24.86,3518
RANKPROGR,20151008,1.67,1.69,1.67,1.69,756
RAWLPLUG,20151008,8.30,8.55,8.30,8.55,4283
RCCOFAOPEN,20151008,2.86,2.86,2.86,2.86,1000
RCCRUAOPEN,20151008,9.86,10.00,9.80,10.00,15234
RCDAXAOPEN,20151008,422.47,422.47,422.47,422.47,35
RCGBSH10520,20151008,942.43,942.43,942.43,942.43,15
RCGBSH21116,20151008,945.25,945.25,945.25,945.25,155
RCGLDAOPEN,20151008,431.03,431.03,431.03,431.03,5
RCGSXE0320,20151008,931.30,931.30,931.30,931.30,150
RCLNAGOPEN,20151008,6.83,6.83,6.83,6.83,150
RCNIKAOPEN,20151008,56.86,56.86,56.86,56.86,20
RCSDGP0720,20151008,980.64,980.64,980.64,980.64,59
RCSILAOPEN,20151008,58.89,59.07,58.07,59.07,200
RCWHTAOPEN,20151008,8.68,8.68,8.68,8.68,80
REDAN,20151008,2.37,2.47,2.35,2.47,53197
REDWOOD,20151008,5.90,6.00,5.90,6.00,40
REINHOLD,20151008,0.54,0.58,0.50,0.51,60046
RELPOL,20151008,6.57,6.64,6.35,6.50,2371
REMAK,20151008,18.00,18.00,17.45,17.99,369
RESBUD,20151008,1.36,1.36,1.31,1.31,3158
ROBYG,20151008,2.50,2.57,2.50,2.51,245026
RONSON,20151008,1.36,1.41,1.33,1.41,27973
ROPCZYCE,20151008,20.50,21.00,20.50,20.78,346
RUBICON,20151008,1.24,1.25,1.17,1.17,7566
SANOK,20151008,56.25,57.04,56.00,57.00,4137
SANTANDER,20151008,21.80,21.80,21.80,21.80,1
SCOPAK,20151008,3.90,3.90,3.90,3.90,2
SECOGROUP,20151008,20.55,20.84,20.20,20.68,612
SEKO,20151008,5.04,5.04,5.04,5.04,865
SELENAFM,20151008,18.92,18.92,18.92,18.92,20
SELVITA,20151008,21.88,21.89,20.80,21.51,7027
SERINUS,20151008,2.07,2.12,2.07,2.10,41067
SFINKS,20151008,3.66,3.66,3.55,3.62,15726
SILVANO,20151008,5.20,5.20,5.20,5.20,3615
SIMPLE,20151008,8.59,8.59,8.59,8.59,3130
SKARBIEC,20151008,33.62,33.62,33.60,33.60,294
SKOK,20151008,1.59,1.59,1.59,1.59,161
SKOTAN,20151008,0.49,0.49,0.47,0.48,91704
SMT,20151008,17.22,17.79,17.22,17.59,2772
SNIEZKA,20151008,54.28,54.28,52.42,54.00,436
SOBIESKI,20151008,74.00,74.00,73.25,73.25,97
SOHODEV,20151008,1.23,1.23,1.20,1.20,32
SOLAR,20151008,1.56,1.68,1.54,1.64,132616
SONEL,20151008,12.25,12.42,12.04,12.20,14603
STALEXP,20151008,3.33,3.33,3.30,3.33,11359
STALPROD,20151008,313.35,313.35,312.70,312.70,124
STALPROFI,20151008,11.99,11.99,11.51,11.51,502
STAPORKOW,20151008,4.90,5.09,4.90,5.09,3410
STARHEDGE,20151008,0.63,0.66,0.62,0.65,4016
SUNEX,20151008,0.17,0.17,0.15,0.17,541849
SUWARY,20151008,10.82,10.82,10.80,10.80,82
SWISSMED,20151008,1.85,1.93,1.84,1.93,3351
SYGNITY,20151008,8.59,8.70,8.59,8.61,2449
SYNEKTIK,20151008,16.10,16.10,16.00,16.10,807
SYNTHOS,20151008,3.91,3.92,3.77,3.84,1936583
TALEX,20151008,18.14,18.14,17.35,18.14,127
TARCZYNSKI,20151008,13.75,13.75,13.75,13.75,10
TATRY,20151008,96.50,96.50,96.50,96.50,25
TAURONPE,20151008,3.20,3.21,3.16,3.19,3900397
TELL,20151008,11.83,11.83,11.60,11.60,10557
TERESA,20151008,15.30,15.34,15.29,15.34,1730
TERMOREX,20151008,2.82,2.92,2.54,2.83,13839
TESGAS,20151008,3.49,3.49,3.40,3.40,157
TFONE,20151008,3.02,3.03,2.96,3.03,1382
TIM,20151008,8.74,8.74,8.74,8.74,10
TORPOL,20151008,11.29,11.39,11.12,11.39,4296
TOYA,20151008,5.13,5.30,5.12,5.30,5340
TRAKCJA,20151008,9.30,9.62,9.21,9.60,66150
TRANSPOL,20151008,3.05,3.60,3.05,3.20,11231
TRAVELPL,20151008,3.82,3.82,3.82,3.82,263
TRITON,20151008,1.91,1.91,1.91,1.91,27
UNIBEP,20151008,11.46,11.46,11.17,11.40,867
UNIMA,20151008,1.91,2.05,1.88,2.04,22720
UNIWHEELS,20151008,114.15,116.00,114.00,114.05,20974
URSUS,20151008,2.94,2.94,2.86,2.88,269254
VANTAGE,20151008,2.52,2.52,2.44,2.50,4435
VARIANT,20151008,1.70,1.70,1.70,1.70,24
VIGOSYS,20151008,251.00,259.00,250.00,259.00,141
VINDEXUS,20151008,5.69,5.78,5.68,5.77,27590
VISTAL,20151008,11.08,11.38,11.08,11.38,4320
VISTULA,20151008,2.86,2.98,2.86,2.92,205327
VOTUM,20151008,16.50,16.70,16.50,16.50,1445
VOXEL,20151008,16.45,17.00,16.45,17.00,2337
WADEX,20151008,4.30,4.53,3.87,4.53,1489
WARIMPEX,20151008,3.10,3.14,3.01,3.01,1202
WASKO,20151008,1.90,1.90,1.85,1.86,2473
WAWEL,20151008,1315.00,1316.00,1315.00,1316.00,11
WDX,20151008,5.59,5.59,5.11,5.18,6562
WIELTON,20151008,7.48,7.48,7.36,7.36,93169
WIKANA,20151008,1.27,1.39,1.27,1.39,1051
WINDMOBIL,20151008,7.91,8.00,7.91,7.99,9789
WINVEST,20151008,3.83,3.83,3.83,3.83,2
WIRTUALNA,20151008,39.74,39.74,39.54,39.74,39521
WOJAS,20151008,6.64,6.64,6.41,6.41,1386
WORKSERV,20151008,15.02,15.73,15.02,15.12,125547
YAWAL,20151008,5.00,5.50,4.96,5.34,9623
ZAMET,20151008,2.04,2.04,1.99,1.99,1233
ZASTAL,20151008,0.59,0.60,0.58,0.59,7437
ZEPAK,20151008,13.85,13.85,13.40,13.65,17553
ZETKAMA,20151008,88.98,88.98,88.00,88.98,349
ZPUE,20151008,356.00,356.00,356.00,356.00,29
ZUE,20151008,7.62,7.62,7.60,7.60,32
ZYWIEC,20151008,394.00,400.00,394.00,399.50,280
INVESTORMS,20151008,3734.97,3738.05,3734.97,3738.05,157059.893
MWIG40,20151008,3688.94,3697.94,3676.79,3690.61,94993.789
NCINDEX30,20151008,1011.53,1027.23,1004.25,1027.23,3526.499
RESPECT,20151008,2576.60,2616.95,2575.16,2609.43,689522.305
SWIG80,20151008,13418.90,13436.23,13364.36,13364.36,44332.543
WIG,20151008,50779.01,51310.46,50733.97,51222.77,1108585.228
WIG-BANKI,20151008,6813.28,6869.26,6813.28,6862.48,270055.481
WIG-BUDOW,20151008,3042.36,3056.69,3042.36,3056.69,2853.314
WIG-CEE,20151008,736.01,738.17,735.96,738.17,14982.719
WIG-CHEMIA,20151008,15048.52,15048.52,14827.05,14827.05,13713.686
WIG-DEWEL,20151008,1438.06,1456.20,1438.06,1456.20,5490.831
WIG-ENERG,20151008,3214.07,3310.20,3214.07,3310.20,169877.381
WIG-INFO,20151008,1631.68,1634.46,1631.68,1634.46,21837.034
WIG-MEDIA,20151008,4406.96,4406.96,4376.47,4376.47,6924.149
WIG-PALIWA,20151008,4755.36,4765.25,4755.36,4765.25,134579.041
WIG-POLAND,20151008,51950.13,52395.26,51950.13,52395.26,1090379.756
WIG-SPOZYW,20151008,3608.40,3611.57,3585.72,3611.57,15962.874
WIG-SUROWC,20151008,2806.63,2857.36,2806.63,2857.36,147854.185
WIG-TELKOM,20151008,904.34,905.56,896.03,896.03,28118.375
WIG-UKRAIN,20151008,371.68,372.74,371.68,372.30,14881.681
WIG20,20151008,2104.00,2131.35,2096.24,2126.48,956253.214
WIG20LEV,20151008,650.64,667.61,645.82,664.58,956253.214
WIG20SHORT,20151008,3738.66,3752.37,3690.36,3698.96,956253.214
WIG20TR,20151008,3449.00,3493.47,3449.00,3493.47,956253.214
WIG30,20151008,2325.72,2357.83,2321.81,2353.52,991896.953
WIG30TR,20151008,3775.56,3822.31,3775.56,3822.31,991896.953
WIGDIV,20151008,1073.50,1093.16,1073.21,1091.06,696229.050
08OCTAVA,20151008,1.35,1.35,1.35,1.35,17
ARCUS,20151008,0.89,0.89,0.89,0.89,500
BEDZIN,20151008,14.75,14.75,14.75,14.75,1000
CASHFLOW,20151008,0.14,0.14,0.14,0.14,732
CFI,20151008,9.90,9.90,9.90,9.90,5
COALENERG,20151008,0.71,0.71,0.71,0.71,23198
EFH,20151008,0.04,0.04,0.04,0.04,9024
EKANCELAR,20151008,0.04,0.06,0.04,0.06,1358887
FAM,20151008,1.42,1.42,1.39,1.39,3500
HUTMEN,20151008,5.01,5.01,5.01,5.01,6100
IBSM,20151008,0.75,0.75,0.75,0.75,120
IDEON,20151008,0.01,0.01,0.01,0.01,6500
INTERFERI,20151008,4.59,4.59,4.59,4.59,20
KCI,20151008,0.03,0.03,0.03,0.03,169500
KDMSHIPNG,20151008,2.49,2.49,2.49,2.49,480
KOMPAP,20151008,8.50,8.50,8.50,8.50,500
MEGARON,20151008,16.90,16.90,16.90,16.90,15
MIT,20151008,0.14,0.14,0.14,0.14,260667
NEWWORLDR,20151008,0.03,0.03,0.03,0.03,215091
PEIXIN,20151008,5.50,5.50,5.50,5.50,320
PEMUG,20151008,0.46,0.46,0.46,0.46,328
PETROLINV,20151008,0.16,0.16,0.16,0.16,358377
PLAZACNTR,20151008,0.12,0.12,0.12,0.12,47692
POLCOLORIT,20151008,1.15,1.15,1.15,1.15,50
REGNON,20151008,1.10,1.10,1.10,1.10,2030
ROVESE,20151008,1.40,1.40,1.40,1.40,17303
SANWIL,20151008,0.83,0.83,0.83,0.83,1500
SKYLINE,20151008,0.49,0.49,0.49,0.49,7777
SKYSTONE,20151008,3.35,3.35,3.35,3.35,14
ZREMB,20151008,1.19,1.19,1.18,1.18,3273
01CYBATON,20151008,2.66,2.72,2.66,2.68,34459
11BIT,20151008,67.30,67.50,67.00,67.00,1494
2CPARTNER,20151008,0.62,0.62,0.62,0.62,2
2INTELLECT,20151008,0.43,0.43,0.43,0.43,30
5THAVENUE,20151008,1.27,1.27,1.27,1.27,917
ABPOL,20151008,0.35,0.36,0.30,0.32,102729
ABSINVEST,20151008,1.83,1.84,1.77,1.83,20297
ACREBIT,20151008,2.00,2.00,2.00,2.00,550
ADFORM,20151008,8.50,8.50,8.50,8.50,5
ADIUVO,20151008,24.00,24.00,23.70,23.99,10414
ADMASSIVE,20151008,0.37,0.37,0.37,0.37,50
ADMIRAL,20151008,0.25,0.25,0.24,0.24,9000
ADVOCULAR,20151008,2.39,2.49,2.36,2.49,895
AEDES,20151008,0.81,0.82,0.67,0.67,15406
AERFINANC,20151008,0.42,0.42,0.42,0.42,30
AFHOL,20151008,1.75,1.90,1.75,1.90,800
AGROLIGA,20151008,15.24,15.24,14.16,14.95,155
AGROTOUR,20151008,0.45,0.46,0.44,0.46,10036
AIRWAY,20151008,1.42,1.42,1.42,1.42,700
AITON,20151008,1.10,1.21,1.10,1.21,215
ALDA,20151008,1.52,1.52,1.52,1.52,1
ALEJA,20151008,0.24,0.25,0.24,0.25,5829
ALFASTAR,20151008,0.24,0.24,0.20,0.20,4210
ALKAL,20151008,1.04,1.04,1.04,1.04,150
ALUMAST,20151008,0.96,0.96,0.90,0.94,6446
APANET,20151008,5.16,5.60,5.16,5.59,365
APIS,20151008,0.03,0.03,0.03,0.03,490
APS,20151008,2.91,2.91,2.91,2.91,1
AQUABB,20151008,12.66,12.99,12.66,12.99,20
AQUAPOZ,20151008,7.54,8.00,7.05,8.00,610
ARI,20151008,0.36,0.40,0.36,0.40,27931
ARRINERA,20151008,9.00,9.00,9.00,9.00,1
ARTNEWMED,20151008,0.03,0.03,0.03,0.03,500
ARTNEWS,20151008,1.72,1.75,1.68,1.68,2335
ARTP,20151008,0.10,0.10,0.10,0.10,100
ASMGROUP,20151008,2.23,2.24,2.23,2.24,1363
ATCCARGO,20151008,2.94,2.94,2.66,2.66,900
ATONHT,20151008,0.17,0.17,0.15,0.17,7673
AUTOSPA,20151008,2.49,2.50,2.49,2.50,1172
AZTEC,20151008,2.80,2.80,2.65,2.80,255
B2BPARTNER,20151008,0.15,0.16,0.15,0.16,2100
BALTICINV,20151008,1.02,1.05,0.97,1.03,449008
BALTICON,20151008,14.20,14.40,14.20,14.40,40
BBCONSULT,20151008,3.72,3.83,3.72,3.83,1757
BGE,20151008,0.25,0.25,0.24,0.24,3858
BINARY,20151008,0.16,0.19,0.16,0.19,105
BIOERG,20151008,0.22,0.22,0.22,0.22,1500
BIOFACTOR,20151008,3.70,3.75,3.70,3.75,200
BIOGENED,20151008,11.90,11.90,11.90,11.90,1
BIOMASS,20151008,1.63,1.66,1.60,1.66,4645
BIOMAX,20151008,0.16,0.18,0.16,0.16,331562
BIOMAXIMA,20151008,3.80,3.80,3.80,3.80,310
BIOPLANET,20151008,11.02,13.00,11.02,13.00,298
BLACKPOIN,20151008,0.39,0.40,0.36,0.40,8714
BLIRT,20151008,1.82,1.82,1.82,1.82,52
BLOOBER,20151008,38.20,38.55,36.78,38.49,6386
BLUMERANG,20151008,1.10,1.10,1.10,1.10,12690
BOOMERANG,20151008,0.35,0.40,0.35,0.40,67802
BORUTA,20151008,0.24,0.24,0.22,0.22,1308257
BPC,20151008,0.41,0.41,0.41,0.41,30
BPI,20151008,0.37,0.44,0.36,0.43,1271
BROADGATE,20151008,0.82,0.82,0.82,0.82,9
BVT,20151008,1.59,1.75,1.58,1.75,34158
CALESCO,20151008,1.31,1.31,1.31,1.31,10
CCS,20151008,1.03,1.10,0.97,0.98,31795
CCTOOLS,20151008,0.27,0.27,0.22,0.22,11150
CDE,20151008,0.13,0.15,0.13,0.15,38515
CENTURION,20151008,0.30,0.30,0.30,0.30,1500
CFBPS,20151008,6.29,6.29,6.29,6.29,1
CLOUD,20151008,94.00,94.00,90.00,92.50,44
COLUMBUS,20151008,0.25,0.27,0.24,0.27,226749
COMECO,20151008,0.37,0.37,0.37,0.37,50
COPERNIC,20151008,12.80,15.36,12.80,14.10,1660
CORELENS,20151008,0.66,0.66,0.66,0.66,20
CSY,20151008,3.68,3.68,3.68,3.68,11
CTE,20151008,4.75,5.15,4.75,5.15,212
CWPE,20151008,0.15,0.16,0.15,0.16,7200
DANKS,20151008,0.90,0.90,0.90,0.90,5470
DASE,20151008,0.44,0.44,0.44,0.44,30
DEKTRA,20151008,9.40,9.40,9.40,9.40,2
DENTAMDC,20151008,0.01,0.01,0.01,0.01,191300
DEVORAN,20151008,0.30,0.30,0.28,0.28,300
DOMENOMAN,20151008,0.35,0.42,0.35,0.42,4181
DOMLEK,20151008,17.70,17.70,17.70,17.70,1
EASTSIDE,20151008,1.64,1.64,1.56,1.58,2445
EASYCALL,20151008,2.28,2.30,2.21,2.30,1918
EBC,20151008,0.90,0.93,0.81,0.92,5377
EC2,20151008,1.40,1.40,1.12,1.32,2081
ECA,20151008,1.29,1.35,1.29,1.35,4790
ECERAMICS,20151008,0.02,0.02,0.01,0.01,15882992
ECOTECH,20151008,1.15,1.15,1.02,1.14,840
EDISON,20151008,1.00,1.30,1.00,1.10,610
EFICOM,20151008,0.69,0.69,0.65,0.68,6120
EKIOSK,20151008,0.72,0.72,0.72,0.72,30
EKOPOL,20151008,3.27,3.65,3.25,3.65,1080
EONET,20151008,5.43,5.43,4.95,4.95,312
EPIGON,20151008,0.16,0.17,0.16,0.17,2442
ERNE,20151008,4.18,4.20,4.05,4.19,33622
ERS,20151008,0.28,0.28,0.28,0.28,50
ESKIMOS,20151008,0.30,0.30,0.30,0.30,150
EUROCENT,20151008,9.99,9.99,9.11,9.79,330
EUROTAX,20151008,2.65,2.65,2.65,2.65,1
EXAMOBILE,20151008,2.50,2.50,2.40,2.40,280
EXCELLENC,20151008,1.50,1.50,1.50,1.50,10
FABRYKAKD,20151008,2.00,2.40,2.00,2.00,637
FACHOWCY,20151008,0.18,0.18,0.17,0.17,9170
FARM51,20151008,11.37,12.65,10.90,12.15,92555
FHDOM,20151008,2.40,2.40,2.40,2.40,589
FLUID,20151008,0.91,0.93,0.88,0.90,106347
FLYPL,20151008,0.12,0.15,0.11,0.15,6834867
FOREVEREN,20151008,0.58,0.58,0.55,0.57,8500
FORPOSTA,20151008,1.01,1.01,1.01,1.01,10
FUTURIS,20151008,0.94,0.94,0.94,0.94,20
GCINVEST,20151008,0.50,0.50,0.45,0.45,3577
GEKOPLAST,20151008,8.81,8.81,8.81,8.81,50
GENOMED,20151008,17.90,17.90,17.90,17.90,60
GENRG,20151008,0.10,0.12,0.10,0.12,1130018
GEOTRANS,20151008,7.63,7.63,6.91,7.22,14575
GOLAB,20151008,0.35,0.35,0.33,0.35,3098
GRAPHIC,20151008,0.22,0.22,0.22,0.22,400
GREMPCO,20151008,0.15,0.15,0.14,0.14,5450
GRJAGUAR,20151008,0.83,0.83,0.80,0.80,7762
GRODNO,20151008,5.45,5.50,5.45,5.45,8484
GRUPAEMM,20151008,0.19,0.19,0.19,0.19,2
GRUPAHRC,20151008,2.86,2.86,2.86,2.86,20
GRUPAREC,20151008,12.39,12.39,12.39,12.39,2
HETAN,20151008,0.70,0.75,0.65,0.65,4812
HORTICO,20151008,3.30,3.41,3.30,3.41,1244
HYDRAPRES,20151008,0.36,0.36,0.34,0.34,7650
HYDROPHI,20151008,0.20,0.20,0.19,0.20,5551
IAI,20151008,5.50,5.50,5.50,5.50,10
IGORIA,20151008,1.09,1.09,1.09,1.09,6
IMAGIS,20151008,0.29,0.34,0.29,0.34,17401
INBOOK,20151008,0.43,0.43,0.43,0.43,30
INCANA,20151008,0.67,0.67,0.67,0.67,20
INDEXMEDI,20151008,2.45,2.45,2.45,2.45,20
INFOSCAN,20151008,4.50,4.50,4.50,4.50,15
INFRA,20151008,0.67,0.67,0.63,0.67,13630
INNOGENE,20151008,9.50,9.50,9.08,9.30,2306
INTELIWIS,20151008,1.86,1.86,1.86,1.86,123
INVENTI,20151008,2.14,2.14,2.01,2.01,949
INVESTEKO,20151008,1.80,1.80,1.80,1.80,20
INWESTPL,20151008,0.26,0.31,0.26,0.31,3882
IPOSA,20151008,0.05,0.06,0.05,0.06,103000
JRHOLDING,20151008,0.52,0.57,0.52,0.55,58708
JUJUBEE-PDA,20151008,3.70,4.10,3.70,3.94,22184
KBJ,20151008,5.18,5.18,5.11,5.11,400
KKHERBAL,20151008,0.24,0.24,0.24,0.24,3500
KLASZTORNE,20151008,0.08,0.08,0.08,0.08,2000
KLEBAINV,20151008,4.07,4.07,4.07,4.07,1
KME,20151008,3.22,3.39,3.22,3.36,460
KUPIEC,20151008,2.61,2.70,2.50,2.70,2916
LABOPRINT,20151008,15.60,15.60,15.60,15.60,1
LAURENPES,20151008,0.04,0.04,0.04,0.04,300
LEASINGEX,20151008,0.60,0.60,0.49,0.49,27405
LEONIDAS,20151008,0.24,0.24,0.24,0.24,7
LETUS,20151008,0.12,0.13,0.12,0.12,116739
LOYD,20151008,0.33,0.33,0.33,0.33,100
LSTECHHOM,20151008,0.95,0.97,0.92,0.97,20885
LUG,20151008,3.19,3.19,3.19,3.19,5
LUXIMA,20151008,0.04,0.04,0.04,0.04,300
LZMO,20151008,1.54,1.59,1.52,1.58,17147
MADKOM,20151008,1.72,1.72,1.72,1.72,120
MAKOLAB,20151008,3.81,3.94,3.75,3.90,5778
MAKORA,20151008,1.54,1.54,1.25,1.40,3682
MARKA,20151008,2.37,2.37,2.37,2.37,5
MARSOFT,20151008,0.13,0.13,0.13,0.13,500
MAXIPIZZA,20151008,0.72,0.72,0.72,0.72,1581
MBFGROUP,20151008,6.84,7.20,6.20,6.87,2840
MEDIACAP,20151008,2.30,2.55,2.30,2.40,1724
MEGASONIC,20151008,6.20,6.20,5.65,6.20,1160
MENNICASK,20151008,3.88,3.88,3.88,3.88,2
MERA,20151008,1.59,1.59,1.59,1.59,2543
MERIT,20151008,0.23,0.23,0.23,0.23,150
MIDVEN,20151008,103.00,103.00,103.00,103.00,6
MILESTONE,20151008,6.40,6.50,6.10,6.41,2350
MILKPOL,20151008,0.24,0.24,0.24,0.24,599
MINERAL,20151008,0.54,0.54,0.54,0.54,1138
MINOX,20151008,0.07,0.08,0.06,0.08,417916
MMCPL,20151008,5.45,5.45,5.45,5.45,1000
MODE,20151008,0.55,0.55,0.55,0.55,4
MODECOM,20151008,10.99,10.99,10.99,10.99,10
MOLMEDICA,20151008,0.03,0.03,0.03,0.03,1085586
MOMO,20151008,2.70,2.70,2.70,2.70,775
MONDAY,20151008,0.77,0.77,0.77,0.77,405
MORIZON,20151008,1.46,1.46,1.45,1.46,5001
MOTORICUS,20151008,0.73,0.73,0.48,0.63,220593
MPAY,20151008,0.37,0.44,0.37,0.44,1400
NANOTEL,20151008,3.02,3.02,3.01,3.01,301
NAVIMORIN,20151008,4.08,4.08,3.99,4.00,585
NEPTIS,20151008,24.80,24.80,24.50,24.50,132
NETWISE,20151008,3.50,3.50,3.50,3.50,5
NFPL,20151008,0.18,0.18,0.16,0.17,29707
NOVATIS,20151008,0.33,0.33,0.33,0.33,357
NOVAVIS,20151008,1.18,1.28,1.17,1.28,11450
NOVINA,20151008,0.61,0.61,0.58,0.59,9101
OPENNET,20151008,1.86,1.91,1.80,1.80,4583
OPTIZENLB,20151008,0.30,0.30,0.29,0.29,9050
ORZLOPONY,20151008,0.46,0.55,0.46,0.55,50010
PATFUND,20151008,0.27,0.30,0.27,0.30,16650
PFMEDICAL,20151008,37.50,37.50,36.31,36.45,37
PGSSOFT,20151008,7.55,8.50,7.30,7.85,37584
PHARMENA,20151008,18.92,21.65,18.92,21.50,5354
PHOTON,20151008,0.66,0.76,0.65,0.75,54923
PILAB,20151008,44.60,44.99,44.00,44.00,184
PLANETSOF,20151008,0.11,0.11,0.11,0.11,15248
PLASMA,20151008,13.53,13.53,13.53,13.53,1
PLATIGE,20151008,12.79,12.79,12.79,12.79,160
POLFA,20151008,0.34,0.34,0.34,0.34,100
POLMAN,20151008,0.21,0.21,0.21,0.21,1950
PPRICE,20151008,0.03,0.03,0.03,0.03,3540
PREFABET,20151008,10.00,11.20,10.00,11.20,790
PRESENT24,20151008,1.86,2.01,1.86,2.01,808
PRESTO,20151008,0.75,0.75,0.75,0.75,7991
PRIME,20151008,38.90,39.76,35.66,39.50,3934
PROLOG,20151008,8.61,8.61,8.61,8.61,60
PRYMUS,20151008,5.10,5.10,5.10,5.10,5
RAJDY4X4,20151008,0.05,0.05,0.05,0.05,200
READGENE,20151008,1.45,1.45,1.45,1.45,100
ROBINSON,20151008,12.44,12.44,10.75,12.43,1157
ROCCA,20151008,0.40,0.40,0.40,0.40,603
ROVITA,20151008,0.21,0.21,0.21,0.21,600
RSY,20151008,6.93,6.93,6.93,6.93,5
SAKANA,20151008,0.29,0.29,0.29,0.29,8000
SAPLING,20151008,0.29,0.29,0.29,0.29,501
SARE,20151008,26.31,27.85,26.31,27.85,131
SFERANET,20151008,0.66,0.69,0.66,0.69,400
SFKPOLKAP,20151008,4.90,5.88,4.90,5.88,29053
SILESIA,20151008,0.01,0.01,0.01,0.01,150
SILVACG,20151008,0.01,0.01,0.01,0.01,201
SITE,20151008,0.05,0.05,0.05,0.05,500
SMOKESHOP,20151008,0.24,0.24,0.24,0.24,200
STANDREW,20151008,6.45,7.55,6.45,7.55,125
STANUSCH,20151008,7.99,8.50,7.99,8.20,95
STOPKLA,20151008,10.00,10.00,10.00,10.00,22
SUMMALING,20151008,4.94,5.50,4.94,5.19,1072
SURFLAND,20151008,0.92,0.92,0.82,0.87,7148
SWISSPSM,20151008,0.26,0.26,0.26,0.26,100
SZAR,20151008,0.07,0.07,0.07,0.07,300
T2INVEST,20151008,1.85,1.85,1.85,1.85,10
TABLEO,20151008,1.30,1.30,1.30,1.30,300
TAMEX,20151008,0.48,0.49,0.40,0.49,53921
TAXNET,20151008,0.43,0.43,0.43,0.43,30
TAXUSFUND,20151008,0.06,0.06,0.05,0.06,82100
TECHMADEX,20151008,23.30,23.30,23.30,23.30,2
TELESTR,20151008,11.50,11.50,11.50,11.50,2516
TELGAM,20151008,0.24,0.24,0.24,0.24,100
TERMOEXP,20151008,1.70,1.70,1.50,1.65,1972
TRICEPS,20151008,0.40,0.40,0.40,0.40,1049
UNIMOT,20151008,15.88,15.88,15.88,15.88,5
UNITED,20151008,0.49,0.49,0.45,0.49,14777
VAKOMTEK,20151008,1.19,1.19,1.19,1.19,1
VCP,20151008,0.28,0.28,0.28,0.28,50
VELTO,20151008,0.30,0.30,0.30,0.30,1000
VENITI,20151008,0.70,0.70,0.70,0.70,40
VENTUREIN,20151008,2.30,2.30,2.30,2.30,20
VERBICOM,20151008,3.55,3.55,3.00,3.00,980
VIATRON,20151008,5.00,5.00,5.00,5.00,60
VIDIS,20151008,2.77,2.77,2.77,2.77,687
VIVID,20151008,6.08,6.08,5.96,6.08,11514
WBAY,20151008,3.45,3.45,3.45,3.45,92
WDBBU,20151008,3.00,3.00,2.76,3.00,2063
WIERZYCL,20151008,0.48,0.48,0.48,0.48,50
WODKAN,20151008,5.36,5.37,5.36,5.37,187
XPLUS,20151008,0.12,0.12,0.12,0.12,3100
YELLOWHAT,20151008,0.35,0.35,0.35,0.35,63881
YOURIMAGE,20151008,0.26,0.29,0.26,0.26,45666
NCINDEX,20151008,285.06,286.23,283.64,286.09,5392.590
2CP0316,20151008,93.00,96.99,93.00,96.99,70
2CP0317,20151008,87.00,97.00,87.00,97.00,19
2CP0416,20151008,89.00,94.00,89.00,94.00,191
2CP0517,20151008,85.00,85.00,85.00,85.00,2
ALR0321,20151008,104.00,104.00,104.00,104.00,1000
AOW0317,20151008,100.00,100.00,100.00,100.00,10
BST0319,20151008,99.06,99.06,99.06,99.06,50
BST0418,20151008,100.50,100.50,100.45,100.50,235
BST0516,20151008,101.00,101.00,101.00,101.00,25
BSW0721,20151008,84.50,84.50,84.50,84.50,2
CAP0318,20151008,98.50,98.50,98.50,98.50,34
CAP0617,20151008,99.90,99.90,99.90,99.90,13
CAS1216,20151008,100.00,100.00,100.00,100.00,13
CPS0721,20151008,101.20,101.20,101.20,101.20,721
DAY0916,20151008,45.00,50.00,45.00,50.00,2
DS0725,20151008,106.00,106.00,106.00,106.00,14
DS0726,20151008,98.00,98.00,98.00,98.00,2
DS1017,20151008,107.05,107.05,107.05,107.05,20
DS1020,20151008,114.40,114.40,114.40,114.40,30
EFM0416,20151008,100.20,100.20,100.20,100.20,5
EFM1216,20151008,100.00,100.00,100.00,100.00,4
ERC0617,20151008,100.78,100.78,100.78,100.78,100
FFI0116,20151008,93.00,93.00,93.00,93.00,1
FFI1116,20151008,90.00,91.99,90.00,91.99,4
GNB0218,20151008,97.75,98.00,97.75,98.00,17
GNB0220,20151008,93.39,93.55,93.39,93.55,300
GNB0221,20151008,91.90,91.95,91.90,91.95,42
GNB0420,20151008,91.52,91.52,91.52,91.52,1
GNB0421,20151008,91.49,91.50,91.49,91.50,117
GNB0720,20151008,91.85,91.89,91.85,91.89,43
GNB0819,20151008,94.95,95.50,94.95,95.50,426
GNB1019,20151008,95.00,95.00,95.00,95.00,26
GNB1120,20151008,91.25,91.25,91.25,91.25,5
GNB1220,20151008,91.49,91.49,91.49,91.49,5
GPW0117,20151008,101.21,101.21,101.21,101.21,1000
GTB0617,20151008,94.75,94.75,94.75,94.75,3
IIF1115,20151008,99.69,99.69,99.69,99.69,14
IPP0620,20151008,101.00,101.00,100.99,100.99,110
KAN0318,20151008,101.49,101.49,101.49,101.49,6
KME0416,20151008,100.00,100.00,100.00,100.00,5
KME0916,20151008,98.01,99.00,98.01,99.00,120
KRS0416,20151008,70.00,70.00,70.00,70.00,160
KRU0620,20151008,101.00,101.00,100.15,100.49,599
KRU1217,20151008,103.51,103.70,103.51,103.70,291
LZM1116,20151008,91.49,91.50,91.49,91.50,11
MRB0717,20151008,88.00,91.80,86.50,91.80,636
MUR0816,20151008,100.70,100.70,100.70,100.70,3
MUR1115,20151008,99.80,99.85,99.80,99.85,22
MUR1116,20151008,100.39,100.39,100.39,100.39,50
MWD0316,20151008,99.99,99.99,99.99,99.99,30
OK0716,20151008,98.90,98.90,98.90,98.90,40
OK0717,20151008,97.30,97.40,97.30,97.40,5
OTS0217,20151008,101.60,101.60,101.60,101.60,10
PBD0116,20151008,98.80,98.80,98.80,98.80,22
PBS1021,20151008,94.00,94.00,94.00,94.00,110
PCR0416,20151008,101.10,101.10,101.00,101.00,100
PCR0419,20151008,100.80,100.80,100.80,100.80,36
PCR0620,20151008,100.26,100.26,100.26,100.26,1
PCR1019,20151008,100.80,100.80,100.80,100.80,1
PK11117,20151008,101.40,101.41,101.40,101.41,71
PKN0420,20151008,108.00,108.00,108.00,108.00,82
PKN1117,20151008,101.29,101.29,101.29,101.29,11
PND0118,20151008,100.35,100.35,100.35,100.35,50
PND0217,20151008,100.80,101.10,100.80,101.10,40
PND0618,20151008,99.19,99.19,98.80,98.80,96
PRF0418,20151008,99.97,99.97,99.97,99.97,2
PRF1216,20151008,99.25,99.25,99.25,99.25,1
PRI1117,20151008,99.80,99.80,99.80,99.80,6
PS0416,20151008,101.65,101.65,101.65,101.65,39
RNK0616,20151008,81.00,81.00,80.00,80.00,32
ROB0219,20151008,101.00,101.00,101.00,101.00,180
ROG0218,20151008,101.50,101.50,101.50,101.50,14
RON0119,20151008,100.05,100.05,100.05,100.05,30
SFK1215,20151008,99.64,99.65,99.64,99.65,3
SUL0717,20151008,99.60,99.60,99.60,99.60,5
WLD0516,20151008,82.50,82.50,82.50,82.50,5
WZ0117,20151008,99.85,99.85,99.85,99.85,88
