FCDRZ15,20151023,26.83,27.02,26.62,27.02,16,340
FCHF,20151023,394.29,395.85,394.00,395.80,347,2887
FCHFF16,20151023,396.51,396.51,396.51,396.51,1,2
FCHFH16,20151023,397.28,397.28,397.28,397.28,1,644
FCHFU16,20151023,401.73,402.35,401.73,402.35,3,61
FCHFWS,20151023,394.29,395.85,394.00,395.80,342,1658
FCHFZ15,20151023,394.29,395.85,394.00,395.80,342,1658
FEUR,20151023,426.54,426.83,425.21,426.29,1064,22274
FEURH16,20151023,428.64,428.64,427.50,427.50,26,10479
FEURM16,20151023,429.72,430.34,429.00,429.56,9,389
FEURU16,20151023,431.75,431.75,430.89,431.01,15,151
FEURWS,20151023,426.29,426.29,425.64,425.64,2,5
FEURX15,20151023,426.29,426.29,425.64,425.64,2,5
FEURZ15,20151023,426.54,426.83,425.21,426.29,1012,11250
FJSWH16,20151023,13.50,13.50,13.46,13.46,2,97
FJSWZ15,20151023,12.98,13.68,12.85,13.44,412,2062
FKGHH16,20151023,96.80,99.50,96.50,98.33,23,47
FKGHM16,20151023,96.98,99.98,96.98,99.10,5,97
FKGHZ15,20151023,96.85,99.97,95.90,98.19,2586,1947
FLTSM16,20151023,28.80,28.80,28.80,28.80,1,1
FLTSZ15,20151023,29.47,29.47,29.06,29.06,9,157
FLWBZ15,20151023,51.00,51.00,50.12,50.12,5,229
FOPLZ15,20151023,7.17,7.25,7.05,7.05,39,460
FPEOZ15,20151023,157.50,158.35,154.50,154.50,82,216
FPGEZ15,20151023,14.19,14.27,13.59,13.59,548,2494
FPGNM16,20151023,6.84,6.84,6.84,6.84,1,20
FPGNZ15,20151023,6.79,6.89,6.79,6.83,75,417
FPKNH16,20151023,64.26,64.26,64.26,64.26,1,57
FPKNM16,20151023,62.85,62.85,62.85,62.85,1,7
FPKNZ15,20151023,63.22,64.45,62.15,64.00,740,1725
FPKOH16,20151023,30.35,30.35,30.30,30.30,4,78
FPKOM16,20151023,30.98,30.98,30.98,30.98,1,2
FPKOZ15,20151023,30.41,30.82,29.82,30.00,908,2468
FPZUH16,20151023,375.80,375.80,375.80,375.80,1,4
FPZUZ15,20151023,375.05,377.75,372.90,374.70,173,1196
FTPEH16,20151023,3.18,3.18,3.16,3.18,11,58
FTPEZ15,20151023,3.16,3.19,3.15,3.16,180,1219
FUSD,20151023,382.87,386.32,382.30,386.25,5807,26262
FUSDF16,20151023,382.37,382.37,382.37,382.37,2,250
FUSDH16,20151023,383.50,386.90,383.20,386.90,73,2525
FUSDM16,20151023,385.58,387.88,385.50,387.88,25,95
FUSDU16,20151023,385.80,388.39,385.80,388.39,8,57
FUSDWS,20151023,382.87,386.32,382.30,386.25,5699,23085
FUSDZ15,20151023,382.87,386.32,382.30,386.25,5699,23085
FW20,20151023,2117,2122,2106,2106,11967,56315
FW20H1620,20151023,2125,2129,2114,2114,46,331
FW20M1620,20151023,2111,2112,2100,2100,9,141
FW20U1620,20151023,2103,2103,2089,2089,11,131
FW20WS,20151023,2117,2122,2106,2106,11901,55712
FW20Z1520,20151023,2117,2122,2106,2106,11901,55712
FW40Z15,20151023,3686,3717,3685,3685,235,2377
OW20C162400,20151023,19.45,19.45,19.45,19.45,10,96
OW20C162600,20151023,2.45,3.10,2.45,2.52,5,205
OW20F162100,20151023,132.00,132.00,132.00,132.00,1,14
OW20F162700,20151023,3.52,3.52,3.52,3.52,4,212
OW20I162500,20151023,19.40,19.40,19.40,19.40,1,21
OW20K152075,20151023,70.00,70.00,66.00,68.40,3,72
OW20K152100,20151023,49.22,49.22,49.22,49.22,1,16
OW20K152125,20151023,38.25,38.25,38.25,38.25,5,16
OW20K152150,20151023,28.83,29.07,26.98,28.00,25,64
OW20K152175,20151023,18.74,19.46,17.00,17.30,20,20
OW20K152200,20151023,11.55,14.95,11.55,12.95,124,209
OW20K152225,20151023,7.38,9.01,6.85,7.34,44,46
OW20K152250,20151023,4.53,5.07,4.00,5.07,29,51
OW20K152300,20151023,1.50,1.50,1.50,1.50,1,208
OW20K152450,20151023,0.02,0.02,0.02,0.02,11,13
OW20L152100,20151023,76.95,76.95,76.95,76.95,1,200
OW20L152150,20151023,46.70,52.40,46.46,46.46,4,135
OW20L152200,20151023,32.25,32.25,28.80,28.80,24,1241
OW20L152250,20151023,19.20,19.80,18.20,18.20,32,97
OW20L152300,20151023,10.80,10.80,9.60,9.60,10,507
OW20L152350,20151023,4.95,4.95,4.60,4.61,29,80
OW20L152400,20151023,2.49,2.49,2.24,2.30,25,327
OW20L152600,20151023,0.65,0.65,0.65,0.65,20,377
OW20L152700,20151023,0.55,0.55,0.55,0.55,5,247
OW20M162000,20151023,35.54,35.54,35.54,35.54,1,1
OW20M162300,20151023,201.00,201.00,201.00,201.00,1,1
OW20O161700,20151023,9.00,9.00,9.00,9.00,1,130
OW20O162000,20151023,52.35,52.35,52.35,52.35,1,98
OW20O162100,20151023,89.45,89.45,86.90,86.90,2,45
OW20O162400,20151023,287.00,287.00,287.00,287.00,1,35
OW20O162500,20151023,395.55,395.55,395.55,395.55,1,35
OW20R161700,20151023,17.45,17.45,17.45,17.45,5,57
OW20W151800,20151023,1.00,1.00,1.00,1.00,3,98
OW20W151850,20151023,2.00,2.00,2.00,2.00,172,219
OW20W151875,20151023,2.02,2.60,2.02,2.42,76,64
OW20W151900,20151023,2.66,3.26,2.66,3.26,13,50
OW20W151925,20151023,4.26,4.26,4.26,4.26,5,19
OW20W151950,20151023,5.45,7.03,5.45,7.03,21,73
OW20W151975,20151023,8.07,8.42,7.78,8.42,15,26
OW20W152000,20151023,11.18,12.92,10.05,12.92,25,99
OW20W152025,20151023,15.47,15.47,14.02,14.02,2,14
OW20W152050,20151023,18.65,23.35,18.65,23.35,14,68
OW20W152100,20151023,35.81,38.70,35.81,35.88,13,82
OW20W152125,20151023,47.44,49.00,45.95,45.95,3,6
OW20W152175,20151023,73.65,73.65,73.65,73.65,9,9
OW20X151650,20151023,1.00,1.00,1.00,1.00,10,71
OW20X151700,20151023,1.71,1.72,1.71,1.72,20,546
OW20X151800,20151023,5.84,5.84,5.84,5.84,1,396
OW20X151900,20151023,14.60,14.60,12.11,12.11,15,3651
OW20X152050,20151023,41.00,41.18,41.00,41.18,2,107
OW20X152100,20151023,58.25,62.85,58.25,62.85,4,1149
OW20X152150,20151023,79.50,83.00,79.50,83.00,3,32
OW20X152200,20151023,112.60,117.20,110.00,114.15,4,1226
06MAGNA,20151023,1.85,1.92,1.85,1.92,13
4FUNMEDIA,20151023,5.15,5.15,4.98,4.98,2516
AATHOLD,20151023,21.80,21.80,21.00,21.00,1245
ABCDATA,20151023,3.17,3.19,3.16,3.18,5556
ABMSOLID,20151023,0.63,0.63,0.55,0.55,1211
ABPL,20151023,36.32,36.99,36.11,36.25,2698
ACAUTOGAZ,20151023,31.74,31.74,31.74,31.74,9
ACE,20151023,11.60,11.94,11.60,11.93,3339
ACTION,20151023,24.54,26.38,24.54,24.81,2143
ADIUVO,20151023,26.04,27.35,26.04,27.35,9859
ADIUVO-PDA,20151023,27.20,27.20,27.20,27.20,357
AGORA,20151023,11.25,11.30,11.20,11.21,19712
AGROTON,20151023,1.38,1.42,1.34,1.36,34633
ALCHEMIA,20151023,4.91,4.92,4.85,4.92,37644
ALIOR,20151023,82.99,83.08,81.76,82.35,106608
ALMA,20151023,9.39,9.39,9.05,9.05,11010
ALTA,20151023,2.16,2.16,2.16,2.16,1
ALTUSTFI,20151023,11.05,11.15,10.98,11.00,26814
ALUMETAL,20151023,50.00,50.38,50.00,50.38,3180
AMBRA,20151023,8.18,8.19,8.05,8.19,1528
AMICA,20151023,164.00,169.00,164.00,168.30,5010
AMREST,20151023,179.50,181.00,179.50,181.00,19412
APATOR,20151023,32.72,32.99,32.16,32.21,2440
APLISENS,20151023,12.18,12.30,12.18,12.30,100
APSENERGY,20151023,5.20,5.20,5.00,5.19,1560
ARCTIC,20151023,3.18,3.18,3.07,3.07,38287
ARK2FRN15,20151023,67.62,67.62,67.62,67.62,10
ARKASWE17,20151023,74.00,74.00,74.00,74.00,26
ARTERIA,20151023,15.00,15.00,15.00,15.00,2
ASBIS,20151023,1.27,1.28,1.20,1.20,634444
ASSECOBS,20151023,15.21,15.35,15.16,15.33,1442
ASSECOPOL,20151023,55.84,55.84,54.82,55.29,81047
ASSECOSEE,20151023,10.14,10.20,10.10,10.20,3644
ASSECOSLO,20151023,17.91,17.95,17.50,17.92,1761
ASTARTA,20151023,31.20,32.96,31.20,32.15,8502
ATAL,20151023,21.70,21.70,21.70,21.70,469
ATENDE,20151023,2.71,2.74,2.71,2.74,4271
ATLANTAPL,20151023,9.10,9.24,9.00,9.00,9064
ATLANTIS,20151023,0.75,0.79,0.75,0.77,45223
ATM,20151023,9.51,9.62,9.32,9.62,2944
ATMGRUPA,20151023,3.35,3.35,3.28,3.30,32962
ATREM,20151023,4.84,4.84,4.84,4.84,100
AVIAAML,20151023,5.12,5.12,5.02,5.02,488
AVIASG,20151023,20.75,20.75,20.75,20.75,13
AWBUD,20151023,3.10,3.10,2.96,2.96,1230
BANKBPH,20151023,35.75,36.38,35.75,36.38,447
BBIDEV,20151023,1.00,1.00,0.97,0.98,37436
BENEFIT,20151023,432.05,447.00,429.00,429.00,568
BETACOM,20151023,10.34,10.49,10.34,10.49,515
BGZBNPP,20151023,50.90,50.90,49.33,50.88,2987
BIOMEDLUB,20151023,2.96,3.16,2.96,3.16,9328
BIOTON,20151023,10.90,10.90,10.74,10.76,39317
BOGDANKA,20151023,57.45,57.45,54.80,55.20,54673
BORYSZEW,20151023,5.10,5.13,5.09,5.12,151466
BOS,20151023,22.62,22.75,22.58,22.60,653
BOWIM,20151023,2.02,2.03,2.02,2.03,1200
BPHFIZSN,20151023,45.11,46.50,45.10,45.10,119
BRASTER,20151023,14.27,14.27,13.91,14.07,3414
BRIJU,20151023,13.80,13.89,13.80,13.80,3314
BSCDRUK,20151023,34.70,34.70,34.00,34.70,1105
BUDIMEX,20151023,211.00,216.00,210.00,215.65,40326
BUMECH,20151023,0.77,0.78,0.76,0.77,21566
BYTOM,20151023,3.10,3.15,3.07,3.12,64433
BZWBK,20151023,315.30,318.50,314.20,316.10,79062
CALATRAVA,20151023,0.66,0.67,0.64,0.67,24471
CAMMEDIA,20151023,6.05,6.05,6.05,6.05,950
CAPITAL,20151023,2.26,2.26,2.20,2.25,10662
CCC,20151023,174.90,174.90,173.35,173.45,23096
CDPROJEKT,20151023,26.80,26.80,26.55,26.55,110244
CDRL,20151023,19.25,19.25,19.05,19.05,114
CEZ,20151023,74.70,75.17,74.66,75.05,696
CHEMOS,20151023,1.60,1.60,1.49,1.49,158550
CIECH,20151023,72.65,73.00,72.04,73.00,54697
CIGAMES,20151023,22.65,23.70,22.16,23.55,62873
CNT,20151023,8.45,8.45,8.31,8.43,2048
COGNOR,20151023,1.24,1.27,1.20,1.24,47156
COLIAN,20151023,4.47,4.70,4.47,4.70,77277
COMARCH,20151023,120.50,121.00,120.20,120.20,7684
COMP,20151023,56.90,58.00,56.90,58.00,818
CORMAY,20151023,1.90,1.97,1.90,1.94,329938
CPGROUP,20151023,6.00,6.00,6.00,6.00,2199
CUBEITG,20151023,4.82,5.10,4.82,5.10,1223
CYFRPLSAT,20151023,25.00,25.02,24.50,24.81,448377
CZTOREBKA,20151023,1.22,1.26,1.13,1.16,130145
DBDAIM1218,20151023,108.00,108.00,108.00,108.00,910
DBW20S0317,20151023,95.40,95.40,95.40,95.40,400
DEBICA,20151023,87.50,87.86,86.12,87.50,1678
DECORA,20151023,7.38,7.40,7.38,7.40,659
DELKO,20151023,9.16,9.30,9.16,9.30,4244
DGA,20151023,5.70,5.70,5.70,5.70,1
DMWDM,20151023,0.35,0.35,0.32,0.32,9766
DOMDEV,20151023,51.80,52.00,50.00,52.00,48837
DROZAPOL,20151023,2.14,2.24,2.14,2.24,3740
DTP,20151023,4.60,4.60,4.46,4.53,14380
DUDA,20151023,6.00,6.07,5.93,5.96,6704
DUON,20151023,3.22,3.26,3.20,3.23,232327
ECHO,20151023,6.99,7.00,6.91,6.93,6101
EDINVEST,20151023,2.30,2.30,2.30,2.30,1000
EFEKT,20151023,15.78,15.78,14.76,15.47,1615
EKOEXPORT,20151023,14.76,14.91,14.40,14.87,6213
ELBUDOWA,20151023,152.65,152.70,150.40,150.40,795
ELEKTROTI,20151023,18.78,19.09,18.71,19.05,10560
ELEMENTAL,20151023,4.30,4.30,4.29,4.30,17401
ELKOP,20151023,1.33,1.37,1.32,1.37,1822
ELZAB,20151023,14.65,15.28,14.65,15.28,810
EMCINSMED,20151023,14.60,14.60,14.60,14.60,1
EMPERIA,20151023,68.52,70.50,68.52,70.50,14453
ENAP,20151023,0.91,0.91,0.89,0.90,1801
ENEA,20151023,13.40,13.46,12.95,13.01,1408049
ENELMED,20151023,10.42,10.90,10.42,10.90,2
ENERGA,20151023,17.00,17.13,16.69,16.69,933660
ENERGOINS,20151023,11.29,11.29,11.00,11.24,721
ERBUD,20151023,33.12,33.12,32.25,33.05,734
ERG,20151023,20.63,20.63,20.51,20.51,180
ERGIS,20151023,4.88,4.91,4.84,4.88,69191
ESOTIQ,20151023,32.40,32.40,32.40,32.40,1
ESSYSTEM,20151023,2.94,2.94,2.85,2.89,5549
ETFDAX,20151023,435.00,442.29,434.90,442.21,591
ETFSP500,20151023,80.21,81.50,80.21,81.09,657
ETFW20L,20151023,245.06,245.10,243.50,243.50,715
EUCO,20151023,51.35,51.35,50.14,50.14,461
EUROCASH,20151023,49.20,50.79,49.01,50.40,588162
EUROHOLD,20151023,3.40,3.66,3.40,3.66,501
EVEREST,20151023,1.65,1.78,1.60,1.77,15673
FAMUR,20151023,1.91,1.91,1.87,1.87,1541
FARMACOL,20151023,63.20,63.20,62.70,63.18,401
FASING,20151023,17.05,17.55,17.05,17.55,201
FASTFIN,20151023,0.65,0.65,0.63,0.63,3218
FEERUM,20151023,21.96,21.96,19.77,20.87,1427
FERRO,20151023,11.15,11.15,11.04,11.11,3300
FERRUM,20151023,4.80,4.80,4.55,4.77,1780
FON,20151023,0.66,0.69,0.66,0.68,27879
FORTE,20151023,53.95,55.15,53.90,55.10,8317
FORTUNA,20151023,11.54,11.60,11.54,11.60,120
FOTA,20151023,0.71,0.71,0.66,0.69,40345
GETIN,20151023,1.61,1.64,1.60,1.62,97761
GETINOBLE,20151023,0.93,0.93,0.90,0.91,5159988
GINOROSSI,20151023,2.57,2.57,2.50,2.51,43756
GLCOSMED,20151023,4.41,4.44,4.35,4.44,421
GORENJE,20151023,21.50,21.50,21.50,21.50,1
GPW,20151023,40.20,40.44,40.10,40.30,17405
GRAAL,20151023,31.45,32.60,31.45,32.60,7302
GRAJEWO,20151023,24.50,25.49,24.00,24.00,7923
GREMMEDIA,20151023,1.95,2.14,1.65,1.74,92676
GROCLIN,20151023,13.65,14.05,13.50,13.90,26430
GRODNO,20151023,5.41,5.50,5.15,5.47,15994
GRUPAAZOTY,20151023,91.50,94.49,91.50,94.00,20553
GTC,20151023,6.90,7.02,6.90,6.99,155257
HANDLOWY,20151023,82.20,83.75,82.03,83.00,36015
HARPER,20151023,1.90,1.90,1.89,1.90,4401
HAWE,20151023,0.95,0.97,0.91,0.92,1839310
HELIO,20151023,4.68,4.68,4.68,4.68,49
HERKULES,20151023,4.07,4.12,4.07,4.10,513393
HUBSTYLE,20151023,1.01,1.04,1.01,1.04,794
HYDROTOR,20151023,37.54,37.54,37.54,37.54,2
HYPERION,20151023,3.18,3.44,3.18,3.40,606
IDEABANK,20151023,25.26,25.50,25.17,25.50,3072
IDMSA,20151023,1.57,1.57,1.48,1.57,412
IFCAPITAL,20151023,2.77,3.34,2.60,3.34,229640
IFSA,20151023,0.87,0.92,0.82,0.87,291000
IIAAV,20151023,10.11,10.12,10.11,10.12,1138
IMCOMPANY,20151023,6.31,6.84,6.26,6.83,8028
IMMOBILE,20151023,2.39,2.39,2.34,2.38,44749
IMPEL,20151023,27.90,28.00,27.38,27.90,58452
IMPERA,20151023,1.55,1.55,1.55,1.55,22
IMPEXMET,20151023,2.71,2.72,2.69,2.69,37337
IMS,20151023,2.10,2.10,2.09,2.09,2061
INC,20151023,2.24,2.24,2.24,2.24,30
INDATA,20151023,0.90,0.92,0.90,0.90,12705
INDYGO,20151023,0.97,0.99,0.94,0.95,424057
INDYKPOL,20151023,96.50,97.79,95.44,95.44,924
INGBSK,20151023,128.45,128.45,126.75,126.90,5247
INPOST,20151023,21.92,22.17,21.85,22.00,19734
INPRO,20151023,3.87,3.87,3.87,3.87,5
INSTALKRK,20151023,12.80,12.80,12.60,12.66,1537
INTEGERPL,20151023,120.00,122.00,120.00,121.35,5564
INTERAOLT,20151023,17.40,18.00,17.40,18.00,618
INTERBUD,20151023,2.54,2.70,2.44,2.53,22995
INTERCARS,20151023,235.00,235.95,230.25,235.95,5060
INTERSPPL,20151023,2.90,2.90,2.78,2.85,10816
INTROL,20151023,9.90,9.90,9.56,9.85,624
INVFIZ,20151023,920.00,925.00,920.00,925.00,5
INVISTA,20151023,2.27,2.27,2.27,2.27,790
INVPEFIZ,20151023,931.20,931.20,931.00,931.00,10
IPERMFIZ,20151023,61.10,61.10,61.10,61.10,21
IPOPEMA,20151023,2.80,2.87,2.78,2.80,10528
IQP,20151023,0.84,0.84,0.80,0.80,401
IVMX,20151023,5.96,5.98,5.96,5.98,21753
IZOBLOK,20151023,119.95,120.00,117.60,120.00,604
IZOLACJA,20151023,1.35,1.35,1.35,1.35,3151
IZOSTAL,20151023,4.55,4.75,4.47,4.75,24294
JHMDEV,20151023,1.66,1.67,1.62,1.65,71255
JSW,20151023,12.98,13.74,12.98,13.55,588650
JWCONSTR,20151023,4.87,4.94,4.84,4.86,9404
K2INTERNT,20151023,13.85,13.94,13.54,13.70,3694
KANIA,20151023,2.87,2.89,2.85,2.89,2620
KBDOM,20151023,3.29,3.29,3.06,3.28,4646
KERDOS,20151023,0.57,0.57,0.53,0.54,1740415
KERNEL,20151023,51.36,52.80,51.29,52.50,169899
KETY,20151023,272.00,272.95,271.20,271.40,1798
KGHM,20151023,95.81,100.00,95.81,98.20,1892343
KINOPOL,20151023,14.34,14.35,14.01,14.01,439
KOFOLA,20151023,56.99,56.99,56.11,56.99,59
KOGENERA,20151023,70.51,71.92,70.51,71.92,166
KOMPUTRON,20151023,8.99,8.99,8.85,8.91,2956
KONSSTALI,20151023,36.39,36.39,35.50,36.00,39
KOPEX,20151023,5.95,6.00,5.95,5.99,6606
KRAKCHEM,20151023,4.20,4.20,4.00,4.10,146248
KREC,20151023,7.49,7.50,7.40,7.50,1369
KREDYTIN,20151023,26.40,26.40,25.50,25.50,68609
KREZUS,20151023,4.63,4.67,4.52,4.52,12251
KRKA,20151023,258.00,258.00,257.00,257.00,385
KRUK,20151023,184.00,185.00,183.50,184.50,236214
KRUSZWICA,20151023,50.41,50.41,50.00,50.00,303
KSGAGRO,20151023,1.19,1.23,1.18,1.20,24347
LCCORP,20151023,1.99,1.99,1.95,1.98,74391
LENA,20151023,4.45,4.46,4.40,4.46,4307
LENTEX,20151023,8.82,9.34,8.82,9.25,293723
LIBET,20151023,2.44,2.50,2.41,2.43,7500
LIVECHAT,20151023,34.45,35.00,34.45,35.00,1089
LMDSFIZ,20151023,1150.00,1150.00,1150.00,1150.00,10
LOTOS,20151023,29.13,29.55,28.95,29.05,349042
LPP,20151023,7580.00,7679.95,7520.05,7554.20,1324
LSISOFT,20151023,4.19,4.19,4.00,4.00,1201
LUBAWA,20151023,1.07,1.08,1.04,1.05,289610
MABION,20151023,47.00,47.88,44.20,47.00,7002
MAGELLAN,20151023,59.49,59.49,58.81,59.48,1189
MAKARONPL,20151023,5.85,5.85,5.85,5.85,100
MARVIPOL,20151023,6.52,6.70,6.52,6.70,2578
MBANK,20151023,387.15,387.90,382.20,385.00,22848
MCI,20151023,12.05,12.20,12.02,12.15,37371
MEDIATEL,20151023,1.04,1.04,1.04,1.04,5
MEDICALG,20151023,230.00,230.00,226.00,228.00,5127
MENNICA,20151023,13.74,13.74,13.70,13.70,95
MERCATOR,20151023,18.10,18.29,18.10,18.24,14600
MERCOR,20151023,9.60,9.60,9.53,9.53,2511
MEXPOLSKA,20151023,3.75,4.00,3.75,3.82,38076
MFO,20151023,11.99,11.99,11.99,11.99,1
MIDAS,20151023,0.62,0.63,0.62,0.63,125744
MILKILAND,20151023,1.95,2.03,1.94,2.01,80373
MILLENNIUM,20151023,6.43,6.50,6.35,6.36,1882937
MIRACULUM,20151023,2.71,2.71,2.62,2.70,707
MIRBUD,20151023,1.18,1.18,1.14,1.16,162075
MLPGROUP,20151023,34.40,34.99,34.40,34.99,401
MNI,20151023,0.88,0.90,0.88,0.90,8010
MOL,20151023,179.00,179.60,179.00,179.60,24
MONNARI,20151023,15.97,16.20,15.73,16.05,259958
MOSTALPLC,20151023,15.74,15.74,14.75,14.75,1035
MOSTALWAR,20151023,14.20,14.55,13.56,13.99,109174
MOSTALZAB,20151023,1.84,1.84,1.82,1.82,56873
MUZA,20151023,2.88,3.16,2.88,3.16,289
MWTRADE,20151023,16.59,16.67,16.59,16.67,1483
NETIA,20151023,5.51,5.56,5.41,5.41,147671
NETMEDIA,20151023,4.85,4.98,4.65,4.98,13030
NEUCA,20151023,336.00,336.00,330.75,334.00,2517
NEWAG,20151023,16.42,16.42,16.17,16.25,3825
NFIEMF,20151023,3.35,3.35,3.25,3.34,1019
NORTCOAST,20151023,6.01,6.01,5.90,6.00,1733
NOVITA,20151023,51.91,51.91,51.91,51.91,32
NOWAGALA,20151023,1.45,1.45,1.43,1.43,12600
NTTSYSTEM,20151023,2.43,2.48,2.43,2.48,1202
ODLEWNIE,20151023,2.38,2.39,2.38,2.39,2250
OPENFIN,20151023,3.99,4.15,3.99,4.10,7949
OPERA3GR,20151023,270.00,273.00,270.00,273.00,15
OPONEO.PL,20151023,23.98,24.80,23.98,24.10,8192
OPTEAM,20151023,9.41,10.20,9.41,10.20,836
ORANGEPL,20151023,7.14,7.29,7.08,7.12,1482137
ORBIS,20151023,58.66,58.70,57.55,57.60,978
ORCOGROUP,20151023,1.07,1.07,1.07,1.07,100
ORZBIALY,20151023,7.16,7.16,7.16,7.16,10
OTLOG,20151023,230.05,230.05,230.05,230.05,1
OTMUCHOW,20151023,6.38,6.38,6.38,6.38,182
OVOSTAR,20151023,88.00,88.00,88.00,88.00,400
PAGED,20151023,51.00,51.49,51.00,51.49,175
PAMAPOL,20151023,1.45,1.50,1.36,1.49,3267
PANOVA,20151023,18.65,18.65,18.51,18.51,27869
PATENTUS,20151023,0.78,0.78,0.78,0.78,3898
PBG,20151023,2.30,2.30,2.17,2.28,57195
PCCEXOL,20151023,3.17,3.17,3.17,3.17,5
PCCINTER,20151023,2.25,2.25,2.25,2.25,31
PCCROKITA,20151023,40.30,40.30,39.60,40.10,1069
PCM,20151023,42.70,43.00,42.29,43.00,903
PEGAS,20151023,122.35,122.35,122.35,122.35,800
PEKABEX,20151023,11.50,11.62,11.50,11.62,1940
PEKAES,20151023,12.41,12.74,12.41,12.60,7285
PEKAO,20151023,156.30,158.15,153.60,155.00,330636
PELION,20151023,60.70,61.20,60.70,60.71,294
PEMANAGER,20151023,130.00,134.90,130.00,134.90,162
PEP,20151023,25.80,25.93,25.50,25.55,3186
PEPEES,20151023,0.52,0.54,0.52,0.54,4502
PGE,20151023,14.08,14.29,13.73,13.73,2885405
PGNIG,20151023,6.77,6.88,6.77,6.85,2936005
PGODLEW,20151023,5.22,5.22,5.06,5.06,27
PHN,20151023,20.75,20.75,20.20,20.75,5369
PKNORLEN,20151023,62.90,64.40,62.10,64.00,1086419
PKOBP,20151023,30.31,30.85,29.78,30.10,3671376
PKOGS,20151023,101.51,101.51,101.51,101.51,655
PKOSO,20151023,99.55,99.57,99.55,99.57,212
PKPCARGO,20151023,64.70,66.50,64.70,65.21,9775
PLASTBOX,20151023,2.26,2.26,2.26,2.26,10
PLATYNINW,20151023,3.62,4.11,3.46,4.11,44081
POLICE,20151023,24.32,24.61,23.99,23.99,1708
POLMED,20151023,3.32,3.32,3.30,3.30,1725
POLNA,20151023,25.40,26.18,25.21,26.18,177
POLNORD,20151023,12.60,12.74,11.75,11.90,343546
POLWAX,20151023,15.78,15.89,15.51,15.89,2973
POZBUD,20151023,6.00,6.00,5.91,6.00,927
PRAGMAFA,20151023,13.34,13.34,13.25,13.25,129
PRAGMAINK,20151023,11.80,11.94,11.80,11.80,699
PRAIRIE,20151023,0.89,0.90,0.80,0.82,318759
PRESCO,20151023,4.99,5.42,4.99,5.40,5937
PRIMAMODA,20151023,1.55,1.60,1.55,1.59,3590
PROCAD,20151023,1.64,1.75,1.64,1.70,2536
PROCHEM,20151023,17.75,18.90,17.50,18.50,17695
PROCHNIK,20151023,1.15,1.19,1.10,1.12,312890
PROJPRZEM,20151023,7.20,7.45,7.20,7.45,3048
PROTEKTOR,20151023,3.05,3.07,3.05,3.06,1665
PROVIDENT,20151023,25.08,25.08,25.08,25.08,2
PSG,20151023,0.66,0.68,0.60,0.68,1802
PTI,20151023,0.43,0.51,0.40,0.47,1131252
PULAWY,20151023,171.30,173.00,171.30,173.00,708
PWRMEDIA,20151023,1.20,1.20,1.20,1.20,1
PZU,20151023,376.50,378.35,373.25,375.20,215172
QUANTUM,20151023,6.01,6.01,6.01,6.01,469
QUERCUS,20151023,6.30,6.44,6.28,6.44,11785
QUMAK,20151023,10.15,10.22,9.94,10.22,13132
RADPOL,20151023,6.58,6.70,6.57,6.70,923
RAFAKO,20151023,6.74,6.78,6.70,6.70,12121
RAINBOW,20151023,25.12,25.12,24.92,24.94,2300
RANKPROGR,20151023,1.49,1.49,1.35,1.43,45628
RAWLPLUG,20151023,8.90,9.09,8.88,9.00,7239
RCCOFAOPEN,20151023,2.70,2.70,2.70,2.70,1300
RCCRUAOPEN,20151023,9.37,9.37,9.21,9.21,1796
RCENA10117,20151023,885.00,885.00,885.00,885.00,3
RCGBSH11116,20151023,1061.57,1070.99,1061.57,1070.99,130
RCGLDAOPEN,20151023,448.77,454.42,448.77,454.42,328
RCGSDG10419,20151023,1026.06,1026.06,1026.06,1026.06,10
RCLLCOOPEN,20151023,15.59,15.59,15.59,15.59,500
RCLNAGOPEN,20151023,6.52,6.52,6.48,6.48,570
RCNDXAOPEN,20151023,177.29,177.29,177.29,177.29,1
RCSCEAOPEN,20151023,74.06,74.06,74.06,74.06,60
RCSCRAOPEN,20151023,352.00,355.00,352.00,355.00,83
RCSDAXOPEN,20151023,126.51,127.60,126.51,127.60,91
RCSDGP0717,20151023,1108.05,1108.05,1108.05,1108.05,50
RCSILAOPEN,20151023,61.10,61.71,61.05,61.66,534
RCSUGAOPEN,20151023,3.59,3.59,3.59,3.59,350
RCWHTAOPEN,20151023,8.22,8.22,8.22,8.22,230
REDAN,20151023,2.32,2.34,2.25,2.30,20592
REDWOOD,20151023,5.59,6.03,5.59,6.03,481
REINHOLD,20151023,0.51,0.51,0.51,0.51,1000
RELPOL,20151023,6.45,6.72,6.45,6.72,11141
REMAK,20151023,22.70,22.70,21.50,22.70,1164
RESBUD,20151023,2.00,2.14,1.89,1.95,60538
ROBYG,20151023,2.54,2.55,2.46,2.46,523520
RONSON,20151023,1.37,1.42,1.37,1.42,4056
ROPCZYCE,20151023,21.00,21.79,21.00,21.50,720
RUBICON,20151023,1.24,1.25,1.24,1.24,1003
SANOK,20151023,58.04,58.10,57.58,57.58,2340
SANTANDER,20151023,22.50,22.50,22.50,22.50,325
SCOPAK,20151023,3.05,3.09,3.05,3.09,2
SECOGROUP,20151023,20.02,20.84,20.00,20.84,116
SELENAFM,20151023,17.66,18.46,17.66,18.46,2
SELVITA,20151023,21.12,21.50,21.01,21.30,2203
SERINUS,20151023,2.08,2.08,2.04,2.08,23594
SFINKS,20151023,3.60,3.77,3.60,3.74,39952
SILVANO,20151023,5.51,5.51,5.37,5.37,2471
SIMPLE,20151023,9.16,9.39,9.16,9.39,10555
SKARBIEC,20151023,33.05,33.30,32.50,32.50,171
SKOK,20151023,1.60,1.60,1.60,1.60,649
SKOTAN,20151023,0.59,0.60,0.57,0.58,340006
SMT,20151023,16.75,17.00,16.75,16.92,1446
SNIEZKA,20151023,55.00,55.00,54.30,54.30,250
SOBIESKI,20151023,78.73,78.73,75.53,75.69,43
SOHODEV,20151023,1.17,1.21,1.17,1.21,3815
SOLAR,20151023,1.48,1.48,1.40,1.46,20829
SONEL,20151023,12.85,13.20,12.80,13.20,7147
STALEXP,20151023,3.06,3.22,3.00,3.22,420320
STALPROD,20151023,328.70,328.70,322.40,322.40,38
STALPROFI,20151023,12.17,12.50,11.80,12.50,5642
STAPORKOW,20151023,4.95,5.00,4.77,4.77,24356
STARHEDGE,20151023,0.77,0.81,0.77,0.81,3035
SUNEX,20151023,0.23,0.23,0.20,0.21,3615801
SUWARY,20151023,10.70,10.70,10.36,10.70,678
SWISSMED,20151023,1.89,1.90,1.84,1.90,1592
SYGNITY,20151023,9.30,9.43,9.04,9.18,9214
SYNEKTIK,20151023,15.99,16.00,15.60,16.00,5092
SYNTHOS,20151023,3.74,3.79,3.74,3.78,638334
TALEX,20151023,18.13,18.13,18.13,18.13,5
TARCZYNSKI,20151023,13.18,13.18,13.16,13.16,500
TATRY,20151023,100.00,100.00,100.00,100.00,25
TAURONPE,20151023,3.15,3.19,3.13,3.16,2441825
TELL,20151023,11.65,11.97,11.65,11.97,528
TERMOREX,20151023,3.05,3.12,2.90,3.05,2360
TESGAS,20151023,3.70,3.77,3.65,3.74,9098
TFONE,20151023,3.23,3.55,3.21,3.29,65017
TIM,20151023,9.26,9.26,9.25,9.25,6884
TORPOL,20151023,12.68,12.68,12.10,12.36,118891
TOYA,20151023,5.20,5.20,5.00,5.05,43299
TRAKCJA,20151023,10.30,10.30,10.02,10.20,121334
TRANSPOL,20151023,4.60,4.60,4.55,4.55,2932
TRIGONPP,20151023,114.53,114.60,114.53,114.60,500
TRITON,20151023,2.00,2.00,2.00,2.00,376
ULMA,20151023,78.50,78.50,78.00,78.00,15
UNIBEP,20151023,10.60,10.89,10.60,10.85,804
UNICREDIT,20151023,25.75,25.75,25.75,25.75,108
UNIMA,20151023,2.57,2.65,2.56,2.65,19479
UNISYS1AB,20151023,969.00,969.00,969.00,969.00,6
UNIWHEELS,20151023,118.00,118.10,117.05,117.70,879
URSUS,20151023,3.23,3.24,3.13,3.13,674372
VANTAGE,20151023,2.60,2.60,2.59,2.60,114968
VARIANT,20151023,1.63,1.79,1.60,1.79,7530
VIGOSYS,20151023,256.00,264.00,256.00,263.00,38
VINDEXUS,20151023,5.95,6.24,5.95,6.20,65783
VISTAL,20151023,11.00,11.39,11.00,11.20,2114
VISTULA,20151023,2.84,2.89,2.83,2.86,234350
VOTUM,20151023,16.55,16.68,16.55,16.68,249
VOXEL,20151023,17.29,17.29,17.15,17.29,530
WADEX,20151023,4.51,4.51,4.32,4.32,1315
WASKO,20151023,1.97,1.97,1.91,1.91,16363
WAWEL,20151023,1277.95,1277.95,1265.05,1265.05,40
WDX,20151023,5.29,5.29,5.27,5.27,7
WIELTON,20151023,7.44,7.44,7.33,7.42,40184
WILBO,20151023,1.28,1.29,1.27,1.29,6607
WINDMOBIL,20151023,7.82,7.90,7.82,7.85,3823
WINDMOBIL-PDA,20151023,7.80,7.80,7.80,7.80,271
WINVEST,20151023,4.09,4.09,4.04,4.09,58
WIRTUALNA,20151023,39.50,39.80,39.50,39.79,48253
WOJAS,20151023,7.36,7.59,7.36,7.53,5444
WORKSERV,20151023,15.55,15.55,15.50,15.55,2736
YAWAL,20151023,4.28,4.50,4.11,4.27,6731
ZAMET,20151023,1.91,1.94,1.91,1.94,1640
ZASTAL,20151023,0.69,0.69,0.68,0.68,16470
ZEPAK,20151023,12.68,12.90,12.39,12.39,33677
ZETKAMA,20151023,90.44,90.44,88.31,88.40,433
ZPUE,20151023,331.05,344.00,331.05,344.00,25
ZUE,20151023,8.50,8.55,8.31,8.55,2416
ZYWIEC,20151023,399.00,400.00,399.00,400.00,15
INVESTORMS,20151023,3753.88,3753.88,3752.49,3752.49,170814.229
MWIG40,20151023,3739.00,3758.74,3739.00,3747.44,131735.509
NCINDEX30,20151023,1044.98,1057.51,1037.82,1051.29,4057.993
RESPECT,20151023,2610.87,2632.49,2610.87,2617.12,503371.885
SWIG80,20151023,13445.92,13446.77,13369.81,13423.89,36864.613
WIG,20151023,51192.96,51402.78,51090.18,51157.09,899379.198
WIG-BANKI,20151023,6893.31,6893.31,6818.80,6818.80,226296.536
WIG-BUDOW,20151023,3117.61,3139.90,3117.61,3139.90,16686.158
WIG-CEE,20151023,744.14,744.70,744.00,744.00,9809.480
WIG-CHEMIA,20151023,15259.09,15268.74,15256.99,15268.74,8715.730
WIG-DEWEL,20151023,1488.79,1488.79,1478.34,1483.61,9772.614
WIG-ENERG,20151023,3302.11,3302.11,3275.11,3275.11,82628.885
WIG-INFO,20151023,1661.71,1663.06,1656.90,1663.06,11707.880
WIG-MEDIA,20151023,4483.45,4483.45,4440.45,4477.01,13425.733
WIG-PALIWA,20151023,4670.89,4704.46,4670.89,4704.46,100277.597
WIG-POLAND,20151023,52416.39,52462.01,52296.59,52296.59,888565.878
WIG-SPOZYW,20151023,3687.95,3694.23,3685.68,3685.68,10354.935
WIG-SUROWC,20151023,3024.52,3060.53,3024.52,3031.45,196871.228
WIG-TELKOM,20151023,875.07,875.07,864.14,864.14,13272.611
WIG-UKRAIN,20151023,390.32,395.69,390.32,392.61,9523.543
WIG20,20151023,2108.45,2123.32,2103.20,2107.43,714640.019
WIG20LEV,20151023,652.76,661.96,649.52,652.13,714640.019
WIG20SHORT,20151023,3734.12,3743.44,3707.74,3735.93,714640.019
WIG20TR,20151023,3472.75,3479.13,3462.18,3462.18,714640.019
WIG30,20151023,2348.57,2362.77,2342.80,2346.44,753695.840
WIG30TR,20151023,3821.17,3829.01,3810.81,3810.81,753695.840
WIGDIV,20151023,1093.22,1100.31,1091.02,1092.99,512376.358
08OCTAVA,20151023,1.24,1.24,1.24,1.24,4
ADVADIS,20151023,0.01,0.01,0.01,0.01,100000
B3SYSTEM,20151023,0.61,0.61,0.61,0.61,1590
CASHFLOW,20151023,0.18,0.18,0.18,0.18,103
CFI,20151023,10.00,11.00,10.00,11.00,1631
COALENERG,20151023,0.71,0.71,0.71,0.71,180
COMPERIA,20151023,18.40,18.40,18.40,18.40,145
DREWEX,20151023,1.09,1.09,1.09,1.09,300
EFH,20151023,0.05,0.07,0.05,0.07,1980
EKANCELAR,20151023,0.03,0.03,0.03,0.03,9600
FAM,20151023,1.32,1.32,1.32,1.32,6641
HUTMEN,20151023,5.08,5.08,4.98,4.98,386
IDEON,20151023,0.01,0.01,0.01,0.01,46762
KCI,20151023,0.03,0.03,0.03,0.03,599007
MIT,20151023,0.15,0.15,0.14,0.14,28000
MSXRESOUR,20151023,0.47,0.50,0.47,0.50,9622
NEWWORLDR,20151023,0.03,0.04,0.03,0.04,50100
PBOANIOLA,20151023,0.16,0.16,0.16,0.16,1000
PBSFINANSE,20151023,3.42,3.43,3.42,3.43,800
PEIXIN,20151023,5.31,5.31,5.31,5.31,360
PEMUG,20151023,0.48,0.51,0.48,0.51,9700
PETROLINV,20151023,0.14,0.14,0.14,0.14,632491
PLAZACNTR,20151023,0.13,0.13,0.13,0.13,5953
POLIMEXMS,20151023,5.62,5.75,5.62,5.75,244614
REGNON,20151023,1.40,1.40,1.40,1.40,50
ROVESE,20151023,1.39,1.40,1.39,1.40,5145
SKYLINE,20151023,0.54,0.54,0.54,0.54,6
SKYSTONE,20151023,3.45,3.45,3.45,3.45,45
WISTIL,20151023,33.31,33.31,33.31,33.31,16
ZREMB,20151023,1.14,1.14,1.14,1.14,310
01CYBATON,20151023,3.13,3.18,3.06,3.11,37331
11BIT,20151023,69.75,72.00,69.70,70.10,11206
2CPARTNER,20151023,0.62,0.62,0.61,0.62,107
2INTELLECT,20151023,0.43,0.43,0.43,0.43,30
ABPOL,20151023,0.22,0.23,0.22,0.23,66861
ABSINVEST,20151023,1.83,1.86,1.83,1.86,5400
ACARTUS,20151023,0.28,0.28,0.24,0.24,337
ADFORM,20151023,8.00,8.00,8.00,8.00,5
ADMASSIVE,20151023,0.36,0.36,0.36,0.36,300
ADMIRAL,20151023,0.32,0.33,0.31,0.32,53040
ADVOCULAR,20151023,2.45,2.50,2.24,2.50,1320
AEDES,20151023,0.73,0.74,0.73,0.74,1100
AERFINANC,20151023,0.31,0.31,0.31,0.31,100
AGROLIGA,20151023,15.59,15.59,15.59,15.59,1
AGROMA,20151023,0.03,0.03,0.03,0.03,3515
AGROTOUR,20151023,0.46,0.46,0.46,0.46,30
AIRWAY,20151023,1.61,1.64,1.59,1.64,1095
AITON,20151023,1.20,1.20,1.20,1.20,10
ALDA,20151023,1.47,1.47,1.47,1.47,14
ALUMAST,20151023,0.98,1.13,0.98,1.12,75613
APANET,20151023,4.90,5.30,4.70,5.05,559
APIS,20151023,0.03,0.03,0.03,0.03,500
ARAMUS,20151023,0.82,0.82,0.82,0.82,10
ARI,20151023,0.51,0.51,0.45,0.49,13763
ARRINERA,20151023,10.99,11.60,10.01,10.99,3016
ARTNEWMED,20151023,0.04,0.04,0.03,0.03,305
ARTNEWS,20151023,1.69,1.69,1.69,1.69,10
ARTP,20151023,0.10,0.10,0.10,0.10,100
ASMGROUP,20151023,2.28,2.28,2.28,2.28,2295
ASSETUS,20151023,1.00,1.00,1.00,1.00,15
ASTORIA,20151023,3.44,3.44,3.40,3.44,210
ATCCARGO,20151023,2.95,2.95,2.55,2.85,455
ATONHT,20151023,0.16,0.16,0.15,0.15,37746
AUTOSPA,20151023,4.49,4.49,4.49,4.49,6
AZTEC,20151023,2.94,2.94,2.94,2.94,5
B2BPARTNER,20151023,0.18,0.18,0.18,0.18,10
BALTICINV,20151023,0.83,0.90,0.83,0.90,157673
BBCONSULT,20151023,3.54,3.65,3.41,3.49,1320
BDF,20151023,25.20,27.10,25.20,27.10,69
BGE,20151023,0.29,0.29,0.29,0.29,100
BINARY,20151023,0.22,0.22,0.19,0.19,577
BIOERG,20151023,0.23,0.23,0.19,0.21,9299
BIOGENED,20151023,12.30,12.30,12.30,12.30,1
BIOMASS,20151023,1.56,1.58,1.49,1.53,6789
BIOMAX,20151023,0.19,0.19,0.18,0.19,115463
BIOMAXIMA,20151023,4.10,4.10,3.90,3.90,26
BLIRT,20151023,1.79,1.79,1.79,1.79,49
BLOOBER,20151023,35.53,36.44,34.36,36.44,7380
BLUMERANG,20151023,1.10,1.10,1.10,1.10,10
BOA,20151023,0.33,0.33,0.33,0.33,50
BOOMERANG,20151023,0.40,0.40,0.40,0.40,2000
BORUTA,20151023,0.24,0.27,0.23,0.26,3606238
BPC,20151023,0.54,0.54,0.54,0.54,130
BROADGATE,20151023,0.78,0.78,0.78,0.78,30
BVT,20151023,1.69,1.71,1.57,1.66,19737
CALESCO,20151023,1.33,1.33,1.33,1.33,10
CCTOOLS,20151023,0.29,0.29,0.29,0.29,50
CDE,20151023,0.15,0.15,0.15,0.15,8800
CENTURION,20151023,0.26,0.26,0.22,0.25,7550
CEREALPLT,20151023,12.19,12.19,12.19,12.19,1
CFBPS,20151023,6.29,6.29,6.29,6.29,1
CLOUD,20151023,95.50,95.50,95.50,95.50,75
COLUMBUS,20151023,0.32,0.34,0.31,0.31,265260
COMECO,20151023,0.36,0.36,0.35,0.35,740
CSY,20151023,3.70,3.70,3.36,3.70,1799
CTE,20151023,5.35,5.35,5.35,5.35,1
CWPE,20151023,0.16,0.16,0.16,0.16,100
DANKS,20151023,0.83,0.87,0.83,0.87,4600
DASE,20151023,0.44,0.44,0.44,0.44,30
DEKTRA,20151023,9.60,9.60,9.60,9.60,2
DENTAMDC,20151023,0.01,0.02,0.01,0.01,3156800
DEVORAN,20151023,0.54,0.56,0.54,0.56,2030
DOMENOMAN,20151023,0.50,0.55,0.50,0.55,1180
DOMLEK,20151023,17.70,17.70,17.70,17.70,1
EASTSIDE,20151023,1.61,1.62,1.53,1.62,8697
EASTSIDE-PP,20151023,0.01,0.03,0.01,0.03,166567
EASYCALL,20151023,2.50,2.50,2.50,2.50,200
EC2,20151023,0.95,1.00,0.93,1.00,10975
ECA,20151023,1.45,1.45,1.45,1.45,20
ECERAMICS,20151023,0.01,0.01,0.01,0.01,308901
ECOTECH,20151023,1.15,1.15,1.15,1.15,10
EDISON,20151023,1.25,1.25,1.25,1.25,6
EFICOM,20151023,0.53,0.55,0.53,0.55,8790
EFIXDM,20151023,13.40,13.40,13.40,13.40,1
EGB,20151023,3.75,3.99,3.75,3.99,223
EKIOSK,20151023,0.72,0.72,0.68,0.72,5622
EKOKOGEN,20151023,1.00,1.00,1.00,1.00,500
EKOPOL,20151023,3.05,3.05,3.05,3.05,3
EMMERSON,20151023,0.05,0.05,0.05,0.05,39
EMONT,20151023,1.05,1.05,0.95,0.95,1537
EMUZYKA,20151023,2.07,2.07,2.05,2.05,700
EONET,20151023,6.63,6.63,6.63,6.63,28
ERNE,20151023,5.10,5.25,5.10,5.17,48660
ERS,20151023,0.28,0.28,0.28,0.28,50
ESKIMOS,20151023,0.32,0.32,0.32,0.32,200
EUROCENT,20151023,10.22,10.22,9.75,10.18,230
EUROTAX,20151023,2.60,2.60,2.60,2.60,1
EXAMOBILE,20151023,2.90,2.90,2.90,2.90,5
EXCELLENC,20151023,1.64,1.64,1.64,1.64,10
EZO,20151023,4.93,5.10,4.92,5.00,3100
FACHOWCY,20151023,0.19,0.19,0.18,0.18,250
FARM51,20151023,13.70,14.61,13.50,14.00,63598
FITEN,20151023,1.28,1.28,1.28,1.28,1470
FLUID,20151023,0.90,0.91,0.89,0.91,10243
FLYPL,20151023,0.30,0.34,0.30,0.32,1983326
FOREVEREN,20151023,0.49,0.49,0.48,0.48,5300
FORPOSTA,20151023,0.95,0.95,0.95,0.95,15
FUTURIS,20151023,0.87,0.87,0.87,0.87,5
GCINVEST,20151023,0.48,0.54,0.48,0.54,3312
GEKOPLAST,20151023,9.30,9.30,9.30,9.30,20
GENRG,20151023,0.15,0.15,0.13,0.13,332201
GEOTERM,20151023,7.90,7.90,7.90,7.90,7
GEOTRANS,20151023,6.22,6.32,5.55,5.90,23848
GLGPHARMA,20151023,0.08,0.08,0.08,0.08,2800
GOLAB,20151023,0.36,0.36,0.36,0.36,40
GRAPHIC,20151023,0.60,0.72,0.51,0.72,44607
GREENENER,20151023,0.06,0.06,0.06,0.06,1000
GREMPCO,20151023,0.12,0.14,0.12,0.14,14800
GRJAGUAR,20151023,0.77,0.85,0.76,0.76,6135
GRUPAEMM,20151023,0.12,0.12,0.10,0.10,165083
GRUPAHRC,20151023,2.86,2.86,2.86,2.86,10
GRUPAREC,20151023,13.19,13.30,12.26,13.29,1061
GTRINITY,20151023,5.00,5.00,4.73,4.73,102
GWARANT,20151023,3.12,3.12,3.12,3.12,42
HAMBURGER,20151023,1.21,1.21,1.17,1.17,65
HEFAL,20151023,0.25,0.25,0.25,0.25,100
HETAN,20151023,0.74,0.74,0.74,0.74,20
HOLLYWOOD,20151023,5.00,5.00,5.00,5.00,1000
HORTICO,20151023,3.41,3.41,3.41,3.41,62
HURTIMEX,20151023,0.22,0.24,0.22,0.24,10001
HYDRAPRES,20151023,0.32,0.32,0.32,0.32,594
HYDROPHI,20151023,0.21,0.21,0.20,0.20,3140
I3D,20151023,0.67,0.68,0.60,0.60,10300
IAI,20151023,5.29,5.29,5.29,5.29,10
IFM,20151023,0.55,0.55,0.55,0.55,30
IMAGIS,20151023,0.37,0.45,0.36,0.36,73288
INBOOK,20151023,0.43,0.43,0.43,0.43,50
INCANA,20151023,0.66,0.66,0.66,0.66,20
INDEXMEDI,20151023,2.45,2.45,2.45,2.45,10
INFOSCAN,20151023,4.35,4.35,4.35,4.35,5
INFRA,20151023,1.69,1.99,1.45,1.61,272483
INNOGENE,20151023,7.60,7.91,7.60,7.91,3595
INTELIWIS,20151023,1.62,1.62,1.60,1.60,710
INTERNITY,20151023,1.00,1.00,1.00,1.00,20
INVENTI,20151023,1.71,1.84,1.71,1.84,15
INVESTEKO,20151023,1.90,1.90,1.90,1.90,10
IPODS,20151023,0.36,0.51,0.36,0.51,25886
IPOSA,20151023,0.06,0.07,0.06,0.07,107039
IU,20151023,2.95,3.03,2.95,3.03,70
JRHOLDING,20151023,0.52,0.55,0.52,0.55,2078
JUJUBEE,20151023,6.96,7.20,6.72,7.20,8423
KANCELWEC,20151023,0.45,0.45,0.36,0.39,8956
KKHERBAL,20151023,0.33,0.33,0.33,0.33,50
KLASZTORNE,20151023,0.10,0.11,0.10,0.11,8393
KLEBAINV,20151023,3.85,3.85,3.85,3.85,5
KLON,20151023,1.75,1.75,1.75,1.75,15
KME,20151023,3.18,3.27,3.18,3.27,613
KOMPLEKS,20151023,0.93,0.93,0.93,0.93,15
KORBANK,20151023,1.69,1.69,1.69,1.69,100
KUPIEC,20151023,2.46,2.61,2.45,2.61,1471
LABOPRINT,20151023,15.10,15.10,15.05,15.05,442
LAURENPES,20151023,0.03,0.03,0.03,0.03,300
LEASINGEX,20151023,0.38,0.39,0.38,0.38,1500
LEONIDAS,20151023,0.34,0.34,0.34,0.34,33
LETUS,20151023,0.14,0.15,0.13,0.13,169147
LOKATYBUD,20151023,0.23,0.23,0.23,0.23,2363
LOYD,20151023,0.34,0.40,0.34,0.40,17726
LSTECHHOM,20151023,1.04,1.04,0.95,1.02,10242
LUG,20151023,3.35,3.35,3.35,3.35,100
LUXIMA,20151023,0.04,0.04,0.04,0.04,300
LZMO,20151023,1.45,1.45,1.45,1.45,341
MAGNIFICO,20151023,0.20,0.20,0.20,0.20,100
MAKOLAB,20151023,3.89,3.94,3.80,3.93,1705
MAKORA,20151023,1.10,1.14,1.10,1.14,800
MARKA,20151023,2.58,2.59,2.50,2.58,131
MARSOFT,20151023,0.14,0.15,0.14,0.15,151
MAXIPIZZA,20151023,0.65,0.68,0.65,0.68,13002
MBFGROUP,20151023,6.23,6.51,6.02,6.51,351
MBPARTNER,20151023,0.03,0.03,0.03,0.03,166
MEDIACAP,20151023,2.80,3.00,2.80,2.90,26000
MEDIANPOL,20151023,0.41,0.41,0.41,0.41,30
MEGASONIC,20151023,5.61,6.09,5.61,6.09,1230
MERIT,20151023,0.27,0.27,0.27,0.27,50
MGMSYS,20151023,1.91,2.17,1.91,2.17,356
MILESTONE,20151023,7.84,8.00,6.40,7.60,1416
MILKPOL,20151023,0.22,0.22,0.22,0.22,2011
MINERAL,20151023,0.55,0.62,0.55,0.62,7698
MINOX,20151023,0.07,0.07,0.06,0.07,172977
MODE,20151023,0.57,0.57,0.57,0.57,1417
MOLMEDICA,20151023,0.01,0.01,0.01,0.01,118333
MOMO,20151023,2.66,2.66,2.66,2.66,4667
MORIZON,20151023,1.49,1.49,1.49,1.49,1
MOTORICUS,20151023,0.47,0.56,0.44,0.56,9707
NANOTEL,20151023,2.85,2.85,2.85,2.85,1
NEPTIS,20151023,29.95,30.94,29.95,30.00,488
NETWISE,20151023,4.15,4.15,4.15,4.15,5
NFPL,20151023,0.18,0.18,0.18,0.18,3
NOVATIS,20151023,0.46,0.46,0.40,0.40,1897
NOVAVIS,20151023,1.11,1.13,1.09,1.13,12203
NOVINA,20151023,0.57,0.57,0.57,0.57,1
ONICO,20151023,39.95,39.95,39.95,39.95,3
OPENNET,20151023,1.83,1.90,1.83,1.90,760
ORGANIC,20151023,4.49,4.49,4.49,4.49,55
ORIONINV,20151023,98.79,98.79,98.79,98.79,1
PARTNER,20151023,0.07,0.07,0.07,0.07,500
PATFUND,20151023,0.38,0.40,0.38,0.40,1700
PFMEDICAL,20151023,36.00,36.00,36.00,36.00,1
PGPPOLONI,20151023,1.45,1.45,1.45,1.45,275
PGSSOFT,20151023,8.15,8.21,7.97,8.20,4565
PHARMENA,20151023,19.70,19.70,18.80,19.70,137
PHOTON,20151023,0.75,0.77,0.72,0.76,9587
PILAB,20151023,38.53,40.98,38.50,40.98,1380
PLASMA,20151023,14.43,16.74,14.25,14.99,1690
PLASTPACK,20151023,1.20,1.30,1.15,1.30,1490
PLATIGE,20151023,12.40,12.44,12.40,12.44,2
PLAYMAKER,20151023,0.03,0.03,0.03,0.03,12000
POLFA,20151023,0.28,0.28,0.27,0.27,440
PPRICE,20151023,0.05,0.05,0.05,0.05,52000
PREFABET,20151023,10.74,11.35,10.45,10.45,220
PRESTO,20151023,0.71,0.71,0.71,0.71,13338
PRIME,20151023,30.97,31.50,30.50,30.50,983
PROMISE,20151023,3.58,3.58,3.58,3.58,2600
PRYMUS,20151023,5.07,5.07,5.06,5.06,20
PTWP,20151023,12.34,13.00,12.34,12.50,1463
PYLON,20151023,0.19,0.22,0.19,0.22,7501
RAJDY4X4,20151023,0.06,0.06,0.06,0.06,200
READGENE,20151023,1.58,1.58,1.58,1.58,50
REMEDIS,20151023,0.15,0.16,0.15,0.16,816
REVITUM,20151023,0.70,0.70,0.70,0.70,1630
ROBINSON,20151023,11.55,11.55,11.55,11.55,1
ROCCA,20151023,0.40,0.40,0.40,0.40,20
ROVITA,20151023,0.24,0.24,0.24,0.24,100
RSY,20151023,6.93,6.93,6.93,6.93,5
RUCHCHORZ,20151023,0.24,0.24,0.24,0.24,30
RUNICOM,20151023,0.56,0.56,0.56,0.56,20
SAKANA,20151023,0.28,0.33,0.28,0.33,35136
SAPLING,20151023,0.29,0.29,0.26,0.28,1058
SARE,20151023,28.50,28.50,28.00,28.50,98
SEAMASTER,20151023,3.60,4.31,3.60,4.31,222
SFD,20151023,0.45,0.45,0.45,0.45,2000
SFERANET,20151023,0.72,0.75,0.72,0.75,5331
SFKPOLKAP,20151023,5.72,5.84,5.45,5.80,3679
SILVACG,20151023,0.01,0.01,0.01,0.01,200
SPC,20151023,0.05,0.05,0.05,0.05,200
STANDREW,20151023,8.33,9.99,8.33,9.99,262
STANUSCH,20151023,8.25,8.37,8.25,8.37,215
STEMCELLS,20151023,1.19,1.19,1.19,1.19,10
SUMMALING,20151023,4.00,4.00,4.00,4.00,3
SUNTECH,20151023,0.34,0.34,0.34,0.34,400
SURFLAND,20151023,1.00,1.00,0.82,0.85,5920
SWISSPSM,20151023,0.26,0.26,0.26,0.26,49090
SZAR,20151023,0.07,0.07,0.07,0.07,200
T2INVEST,20151023,1.64,1.64,1.64,1.64,260
TABLEO,20151023,0.93,0.93,0.75,0.85,11443
TAMEX,20151023,0.59,0.60,0.50,0.60,22781
TAXNET,20151023,0.56,0.56,0.56,0.56,50
TAXUSFUND,20151023,0.05,0.05,0.05,0.05,46741
TECHMADEX,20151023,20.50,20.50,20.50,20.50,1
TELGAM,20151023,0.24,0.25,0.24,0.25,2400
TELIANI,20151023,0.43,0.43,0.43,0.43,15
TERMOEXP,20151023,1.57,1.57,1.57,1.57,10
TILIA,20151023,1.60,1.60,1.30,1.30,2613
TRICEPS,20151023,0.45,0.45,0.41,0.41,959
TROPHYRES,20151023,3.16,3.16,3.16,3.16,10
UNIMOT,20151023,13.45,13.45,13.45,13.45,13
UNITED,20151023,0.55,0.59,0.51,0.59,22788
VAKOMTEK,20151023,1.19,1.19,1.19,1.19,2
VCP,20151023,0.29,0.29,0.29,0.29,50
VELTO,20151023,0.30,0.30,0.28,0.28,8355
VENITI,20151023,0.69,0.69,0.66,0.68,936
VENTUREIN,20151023,2.20,2.30,2.20,2.30,2514
VERBICOM,20151023,2.40,2.40,2.40,2.40,1150
VIATRON,20151023,5.91,5.91,5.88,5.88,168
VIVID,20151023,7.01,7.15,6.90,6.98,43085
WBAY,20151023,4.25,4.25,4.25,4.25,10
WDBBU,20151023,2.96,2.96,2.96,2.96,1
WESTREAL,20151023,1.49,1.49,1.40,1.40,4311
WIERZYCL,20151023,0.46,0.46,0.46,0.46,30
XPLUS,20151023,0.12,0.12,0.12,0.12,100
YELLOWHAT,20151023,0.28,0.28,0.25,0.28,1628
YOURIMAGE,20151023,0.41,0.41,0.37,0.39,112249
NCINDEX,20151023,289.29,290.99,288.83,290.12,5324.023
2CP0316,20151023,100.00,100.00,98.67,98.67,68
2CP0416,20151023,93.00,95.00,93.00,94.08,73
ALR0421,20151023,102.99,102.99,102.99,102.99,1
BBI0217,20151023,100.30,100.40,100.30,100.40,9
BPS0718,20151023,96.50,96.50,96.50,96.50,42
BS20118,20151023,100.00,100.00,100.00,100.00,20
BSC0621,20151023,89.00,89.00,89.00,89.00,12
BST0319,20151023,99.50,99.50,99.50,99.50,17
BST0418,20151023,100.58,100.58,100.58,100.58,80
BST0516,20151023,100.41,100.41,100.41,100.41,100
BSW0721,20151023,80.50,80.50,80.50,80.50,4
CAP0617,20151023,100.00,100.00,100.00,100.00,61
CAP0917,20151023,100.30,100.30,100.30,100.30,170
CAS1117,20151023,102.00,102.00,102.00,102.00,1
CAS1216,20151023,99.75,99.75,99.75,99.75,26
CMP0620,20151023,100.75,100.75,100.75,100.75,7
CPS0721,20151023,101.00,101.40,100.80,101.40,430
DAY0916,20151023,26.00,26.00,26.00,26.00,23
DS0725,20151023,105.40,105.40,105.40,105.40,156
DS0726,20151023,97.90,97.90,97.90,97.90,5000
DS1019,20151023,112.90,112.90,112.90,112.90,66
ECH0318,20151023,102.46,102.50,102.46,102.50,5425
ERB0318,20151023,101.69,101.69,101.69,101.69,1
EVC0418,20151023,100.99,100.99,100.99,100.99,3
FFI0116,20151023,93.80,94.20,93.80,94.20,22
GHC0619,20151023,101.00,101.00,101.00,101.00,13
GHE0619,20151023,97.80,97.99,97.80,97.99,460
GHE0718,20151023,100.00,100.90,99.95,100.90,8
GHI0619,20151023,100.80,100.98,100.71,100.71,4204
GHI0718,20151023,100.10,100.10,100.10,100.10,1
GNB0218,20151023,97.40,97.97,97.40,97.97,64
GNB0220,20151023,94.00,94.00,94.00,94.00,5
GNB0418,20151023,96.51,96.51,96.51,96.51,2
GNB0720,20151023,92.49,92.50,92.49,92.49,46
GNB0819,20151023,96.97,96.97,96.97,96.97,35
GNB1120,20151023,92.00,92.00,92.00,92.00,21
GPW0117,20151023,100.81,100.81,100.81,100.81,65
GTB0617,20151023,94.99,94.99,94.99,94.99,5
GTB1117,20151023,93.00,93.00,93.00,93.00,10
HGR0517,20151023,99.00,99.00,99.00,99.00,5
INS1017,20151023,100.00,100.00,100.00,100.00,5
KAN0318,20151023,102.00,102.00,102.00,102.00,1
KLN1115,20151023,99.50,99.50,99.50,99.50,55
KME0217,20151023,100.00,100.00,100.00,100.00,50
KME0916,20151023,100.50,100.50,100.50,100.50,10
KRU0317,20151023,103.80,103.80,103.80,103.80,7
KRU0621,20151023,101.10,101.10,101.00,101.00,160
KRU1220,20151023,103.89,103.89,103.89,103.89,6
MRB0717,20151023,91.48,91.50,91.48,91.50,13
MUR0418,20151023,99.75,99.75,99.75,99.75,98
MUR1115,20151023,100.00,100.00,100.00,100.00,85
MUR1116,20151023,100.45,100.45,100.45,100.45,18
MWT0416,20151023,99.80,99.80,99.80,99.80,294
MWT0616,20151023,100.00,100.00,100.00,100.00,240
OK0717,20151023,97.50,97.50,97.50,97.50,1
PCR0419,20151023,100.83,100.83,100.83,100.83,14
PCR0517,20151023,103.00,103.00,103.00,103.00,1
PCR0620,20151023,100.19,100.19,100.19,100.19,1
PCR1019,20151023,100.80,100.80,100.80,100.80,16
PKN0418,20151023,101.65,101.65,101.65,101.65,14
PKN0420,20151023,108.20,108.20,108.20,108.20,8
PKN0617,20151023,101.32,101.61,101.32,101.61,1010
PMS0624,20151023,94.00,94.00,94.00,94.00,5
PND0118,20151023,100.50,100.50,100.50,100.50,132
PND0618,20151023,99.65,99.65,99.65,99.65,58
PRF0418,20151023,99.98,99.98,99.98,99.98,3
PS0416,20151023,101.50,101.75,101.50,101.75,96
PS0420,20151023,97.46,97.46,97.46,97.46,169
PS0718,20151023,101.40,101.70,101.40,101.70,42
RNK0616,20151023,88.05,88.05,88.05,88.05,5
SBK1020,20151023,100.98,101.40,100.98,101.40,16
VOX0716,20151023,99.49,99.49,99.49,99.49,3
WLO0516,20151023,45.00,45.00,45.00,45.00,21
WRL0516,20151023,97.00,97.00,97.00,97.00,7
WS0429,20151023,130.00,130.00,130.00,130.00,15
WZ0124,20151023,97.01,97.01,96.84,96.85,338
