FCDRZ15,20151028,26.82,27.07,26.68,27.07,12,318
FCHF,20151028,395.30,395.60,394.75,395.00,103,2865
FCHFH16,20151028,397.90,397.90,397.90,397.90,20,649
FCHFWS,20151028,395.30,395.60,394.75,395.00,83,1630
FCHFZ15,20151028,395.30,395.60,394.75,395.00,83,1630
FEUR,20151028,428.82,430.40,428.78,429.39,646,23216
FEURH16,20151028,431.44,432.07,431.44,431.50,25,10538
FEURM16,20151028,432.70,433.40,432.70,432.75,3,424
FEURU16,20151028,434.58,435.00,434.50,434.99,6,162
FEURWS,20151028,429.57,429.57,429.52,429.52,2,1
FEURX15,20151028,429.57,429.57,429.52,429.52,2,1
FEURZ15,20151028,428.82,430.40,428.78,429.39,610,12091
FJSWM16,20151028,13.87,13.87,13.87,13.87,1,15
FJSWZ15,20151028,13.32,13.57,13.30,13.40,215,2158
FKGHH16,20151028,93.06,94.85,92.50,94.85,4,48
FKGHM16,20151028,91.04,94.15,91.04,94.15,12,55
FKGHZ15,20151028,93.69,95.37,91.80,94.35,1649,1726
FLTSZ15,20151028,28.60,28.60,28.11,28.20,31,221
FLWBZ15,20151028,48.10,49.75,46.66,49.06,145,390
FOPLM16,20151028,7.16,7.16,7.16,7.16,1,11
FOPLZ15,20151028,7.10,7.10,7.00,7.03,60,504
FPEOZ15,20151028,154.10,154.10,153.20,153.85,16,198
FPGEZ15,20151028,14.24,14.50,14.18,14.27,167,2508
FPGNM16,20151028,6.85,6.85,6.85,6.85,2,20
FPGNZ15,20151028,6.77,6.92,6.77,6.88,46,390
FPKNZ15,20151028,65.00,65.00,63.14,64.00,609,1812
FPKOH16,20151028,29.75,30.15,29.49,29.71,11,83
FPKOM16,20151028,29.89,29.89,29.89,29.89,1,3
FPKOZ15,20151028,29.83,29.96,29.40,29.60,608,2847
FPZUZ15,20151028,382.00,382.00,379.25,380.55,165,1184
FTPEH16,20151028,3.14,3.15,3.13,3.13,18,52
FTPEZ15,20151028,3.17,3.17,3.10,3.12,268,1485
FUSD,20151028,388.00,389.10,387.50,387.71,2001,31933
FUSDH16,20151028,389.96,389.96,387.97,387.97,618,4693
FUSDU16,20151028,390.60,390.60,390.00,390.00,6,80
FUSDWS,20151028,388.00,389.10,387.50,387.71,1377,26542
FUSDZ15,20151028,388.00,389.10,387.50,387.71,1377,26542
FW20,20151028,2110,2110,2092,2103,11018,56812
FW20H1620,20151028,2115,2115,2100,2110,20,344
FW20M1620,20151028,2091,2091,2086,2088,5,151
FW20U1620,20151028,2085,2085,2073,2084,8,142
FW20WS,20151028,2110,2110,2092,2103,10985,56175
FW20Z1520,20151028,2110,2110,2092,2103,10985,56175
FW40Z15,20151028,3705,3715,3676,3707,182,2442
OW20C162000,20151028,161.60,161.60,161.60,161.60,1,122
OW20C162600,20151028,2.00,2.00,2.00,2.00,1,201
OW20F162600,20151028,6.20,6.20,6.20,6.20,2,92
OW20K152050,20151028,64.65,64.65,64.65,64.65,4,15
OW20K152075,20151028,55.15,55.15,49.57,50.70,11,86
OW20K152100,20151028,41.25,41.25,36.14,39.95,12,39
OW20K152125,20151028,27.65,27.65,27.00,27.00,2,21
OW20K152150,20151028,21.00,21.00,17.56,19.68,17,83
OW20K152175,20151028,13.73,13.73,12.00,12.00,7,27
OW20K152200,20151028,9.78,9.78,7.66,9.09,28,265
OW20K152225,20151028,5.00,5.00,4.50,4.50,12,86
OW20K152250,20151028,3.01,3.01,2.48,2.51,11,75
OW20K152300,20151028,1.60,1.60,1.60,1.60,10,237
OW20L152050,20151028,92.00,92.00,92.00,92.00,1,62
OW20L152100,20151028,66.00,68.20,63.05,68.20,6,1430
OW20L152150,20151028,42.50,42.50,38.32,38.32,3,119
OW20L152200,20151028,23.71,23.71,23.70,23.70,2,1247
OW20L152250,20151028,15.10,15.25,15.10,15.25,7,1365
OW20L152300,20151028,7.55,7.55,7.55,7.55,10,543
OW20L152400,20151028,1.63,1.75,1.51,1.75,19,338
OW20M162050,20151028,57.45,57.45,57.45,57.45,1,4
OW20M162200,20151028,141.80,141.80,141.80,141.80,1,1
OW20O161700,20151028,8.30,8.30,8.30,8.30,1,141
OW20R161800,20151028,30.27,30.27,30.27,30.27,5,68
OW20R162000,20151028,90.70,90.70,90.70,90.70,1,14
OW20W151950,20151028,5.00,7.07,4.55,4.55,28,106
OW20W151975,20151028,8.02,8.02,7.29,7.29,10,38
OW20W152000,20151028,11.11,12.71,10.40,12.00,24,142
OW20W152025,20151028,15.22,15.61,15.12,15.61,21,91
OW20W152050,20151028,20.30,23.00,20.30,22.50,20,80
OW20W152075,20151028,29.33,29.33,29.33,29.33,5,7
OW20W152100,20151028,39.39,43.00,39.39,43.00,4,98
OW20W152150,20151028,65.30,65.95,65.30,65.95,8,94
OW20X151900,20151028,10.33,10.33,10.33,10.33,1,3660
OW20X152000,20151028,28.58,31.80,28.58,30.32,21,633
06MAGNA,20151028,1.85,1.92,1.85,1.92,692
4FUNMEDIA,20151028,5.00,5.00,4.99,4.99,1275
AATHOLD,20151028,22.80,23.00,21.20,21.20,325
ABCDATA,20151028,3.19,3.19,3.17,3.17,6882
ABMSOLID,20151028,0.55,0.55,0.55,0.55,210
ABPL,20151028,35.40,35.40,35.05,35.05,1805
ACAUTOGAZ,20151028,31.50,31.90,31.50,31.90,33
ACE,20151028,13.88,13.88,13.58,13.62,52367
ACTION,20151028,25.00,25.00,24.70,24.70,2034
ADIUVO,20151028,29.45,30.44,29.45,29.50,7259
ADIUVO-PDA,20151028,29.00,29.10,29.00,29.10,3476
AGORA,20151028,11.63,11.70,11.53,11.69,11330
AGROTON,20151028,1.30,1.31,1.26,1.27,38870
AGROWILL,20151028,0.95,0.95,0.95,0.95,100
ALCHEMIA,20151028,4.92,4.92,4.84,4.92,28817
ALIOR,20151028,82.79,82.94,82.50,82.80,40687
ALMA,20151028,9.18,9.18,9.09,9.09,299
ALTA,20151028,2.16,2.19,2.16,2.19,3945
ALTUSTFI,20151028,11.21,11.28,11.20,11.21,5343
ALUMETAL,20151028,52.95,52.95,51.54,52.32,3656
AMBRA,20151028,8.17,8.20,8.17,8.20,1861
AMICA,20151028,168.50,168.65,167.60,167.65,1745
AMREST,20151028,180.00,180.00,177.65,180.00,1649
APATOR,20151028,31.89,31.89,30.83,30.83,6358
APLISENS,20151028,12.32,13.12,12.32,13.12,7
APSENERGY,20151028,5.20,5.20,5.05,5.20,2501
ARCTIC,20151028,3.10,3.15,3.08,3.10,28194
ARKASWE17,20151028,72.10,74.45,70.10,74.45,501
ARTERIA,20151028,15.29,15.31,14.74,14.74,1074
ASBIS,20151028,1.24,1.30,1.20,1.26,1018655
ASSECOBS,20151028,16.05,16.42,16.05,16.07,8343
ASSECOPOL,20151028,56.60,57.25,56.20,56.25,72527
ASSECOSEE,20151028,10.10,10.10,10.10,10.10,470
ASSECOSLO,20151028,17.64,17.64,17.64,17.64,250
ASTARTA,20151028,35.00,35.97,35.00,35.05,3614
ATAL,20151028,21.85,21.85,21.85,21.85,199
ATENDE,20151028,2.80,2.80,2.76,2.76,760
ATLANTAPL,20151028,9.09,9.09,8.88,8.88,6624
ATLANTIS,20151028,0.72,0.77,0.71,0.74,74119
ATM,20151028,9.60,9.70,9.00,9.70,2605
ATMGRUPA,20151028,3.36,3.40,3.29,3.38,10044
ATREM,20151028,4.83,4.83,4.74,4.74,109
AVIAAML,20151028,4.93,4.93,4.92,4.92,2092
AVIASG,20151028,18.83,18.83,18.83,18.83,1
BANKBPH,20151028,35.42,36.00,35.41,36.00,173
BBIDEV,20151028,0.96,0.98,0.94,0.94,92119
BENEFIT,20151028,422.20,442.95,422.20,431.00,450
BEST,20151028,16.60,17.00,16.05,17.00,626
BETACOM,20151028,10.48,10.48,10.48,10.48,5
BGZBNPP,20151028,50.00,50.00,49.05,49.70,1451
BIOMEDLUB,20151028,3.03,3.03,2.93,2.93,9377
BIOTON,20151028,10.82,11.06,10.77,10.99,128486
BMPAG,20151028,2.73,2.73,2.73,2.73,102
BOGDANKA,20151028,51.90,51.90,48.00,51.81,135703
BORYSZEW,20151028,5.05,5.08,4.97,5.02,103829
BOS,20151028,22.50,22.98,22.50,22.98,1252
BOWIM,20151028,2.05,2.05,2.05,2.05,600
BRASTER,20151028,13.98,14.35,13.85,14.35,3754
BRIJU,20151028,13.77,13.77,13.20,13.25,179
BSCDRUK,20151028,35.88,35.88,34.18,35.40,6284
BUDIMEX,20151028,218.00,218.00,216.00,216.35,2371
BYTOM,20151028,3.12,3.16,3.12,3.12,26376
BZWBK,20151028,313.00,317.70,313.00,315.35,53334
CALATRAVA,20151028,0.63,0.64,0.63,0.64,16213
CAPITAL,20151028,2.21,2.27,2.21,2.27,3660
CCC,20151028,175.00,176.40,174.40,176.40,23057
CDPROJEKT,20151028,26.89,26.96,26.61,26.96,72741
CDRL,20151028,19.24,19.24,19.00,19.20,327
CELTIC,20151028,4.80,4.80,4.57,4.57,208
CEZ,20151028,76.78,76.78,75.50,75.50,148
CHEMOS,20151028,1.48,1.48,1.42,1.44,77991
CIECH,20151028,73.90,74.26,73.90,74.15,28204
CIGAMES,20151028,23.62,23.99,23.31,23.89,23442
CNT,20151028,8.43,8.43,8.43,8.43,11
COGNOR,20151028,1.26,1.26,1.24,1.25,101953
COLIAN,20151028,4.65,4.75,4.58,4.75,29087
COMARCH,20151028,121.50,121.50,120.20,120.65,124
COMP,20151028,64.00,65.00,62.01,63.50,2583
CORMAY,20151028,1.93,1.93,1.90,1.93,38304
CPGROUP,20151028,6.06,6.06,6.06,6.06,1
CUBEITG,20151028,4.66,5.08,4.66,4.75,2452
CYFRPLSAT,20151028,25.22,25.43,25.07,25.17,183263
CZTOREBKA,20151028,1.14,1.14,1.11,1.14,9735
DEBICA,20151028,88.90,88.90,87.50,87.50,92636
DECORA,20151028,7.35,7.35,7.35,7.35,1
DELKO,20151028,9.35,9.64,9.26,9.50,801
DGA,20151028,5.70,5.70,5.39,5.70,91
DMWDM,20151028,0.31,0.32,0.31,0.32,1627
DOMDEV,20151028,53.78,53.78,53.50,53.50,1541
DROZAPOL,20151028,2.22,2.22,2.22,2.22,25
DTP,20151028,4.58,4.58,4.37,4.57,1281
DUDA,20151028,6.06,6.06,6.06,6.06,9598
DUON,20151028,3.27,3.36,3.27,3.32,218747
ECHO,20151028,6.98,6.98,6.95,6.95,13948
EDINVEST,20151028,2.26,2.38,2.22,2.38,5778
EFEKT,20151028,15.25,15.25,14.75,14.98,2422
EKOEXPORT,20151028,15.65,16.48,15.47,16.40,113303
ELBUDOWA,20151028,148.60,148.65,147.60,147.60,8221
ELEKTROTI,20151028,19.40,19.40,19.00,19.30,15985
ELEMENTAL,20151028,4.30,4.30,4.26,4.28,11053
ELZAB,20151028,14.66,15.19,14.66,15.14,530
EMCINSMED,20151028,14.91,14.91,14.91,14.91,1
EMPERIA,20151028,70.50,71.00,70.02,71.00,20642
ENAP,20151028,0.91,0.91,0.91,0.91,5
ENEA,20151028,13.28,13.35,13.16,13.24,406472
ENELMED,20151028,10.10,10.52,10.10,10.12,29362
ENERGA,20151028,17.10,17.24,16.88,17.05,522943
ENERGOINS,20151028,10.97,10.97,10.50,10.50,2701
ERBUD,20151028,32.07,32.07,31.80,31.80,659
ERG,20151028,21.50,21.50,20.53,20.53,75
ERGIS,20151028,4.87,4.90,4.87,4.90,9127
ESSYSTEM,20151028,2.93,2.93,2.89,2.89,440
ETFDAX,20151028,445.80,447.00,444.37,447.00,26
ETFSP500,20151028,82.00,82.50,81.90,82.50,459
ETFW20L,20151028,242.50,242.90,241.25,242.90,15343
EUCO,20151028,51.39,51.39,49.98,49.98,1202
EUROCASH,20151028,50.69,51.47,49.61,50.13,195961
EUROHOLD,20151028,4.51,4.51,4.51,4.51,200
EUROTEL,20151028,16.92,16.92,16.92,16.92,26406
EVEREST,20151028,2.02,2.09,1.94,2.03,7657
FAMUR,20151028,1.87,1.87,1.86,1.86,4960
FARMACOL,20151028,64.92,66.45,64.51,65.79,2477
FASING,20151028,17.02,17.61,16.60,16.60,7685
FASTFIN,20151028,0.62,0.63,0.62,0.63,5336
FEERUM,20151028,21.70,21.95,20.25,21.50,135
FERRO,20151028,11.60,11.60,11.38,11.60,540
FERRUM,20151028,4.66,4.77,4.65,4.77,3755
FON,20151028,0.65,0.67,0.63,0.64,16867
FORTE,20151028,55.55,56.20,54.60,56.20,11901
FORTUNA,20151028,11.30,11.30,11.30,11.30,9
FOTA,20151028,0.68,0.68,0.63,0.66,43310
GETIN,20151028,1.59,1.64,1.59,1.64,169987
GETINOBLE,20151028,0.84,0.85,0.83,0.84,2551904
GINOROSSI,20151028,2.49,2.49,2.47,2.49,7523
GLCOSMED,20151028,4.45,4.45,4.30,4.39,479
GPW,20151028,40.00,40.29,40.00,40.29,10484
GRAAL,20151028,32.40,32.81,32.21,32.81,1506
GRAJEWO,20151028,24.25,25.30,24.11,25.11,1610
GREMMEDIA,20151028,1.74,1.75,1.74,1.75,400
GROCLIN,20151028,13.70,13.88,13.50,13.50,14971
GRODNO,20151028,5.60,5.60,5.26,5.50,4074
GRUPAAZOTY,20151028,93.01,94.48,93.01,94.23,16582
GTC,20151028,6.90,6.90,6.79,6.87,169594
GTC-PDA,20151028,6.72,6.87,6.72,6.87,340
HANDLOWY,20151028,82.29,82.29,81.03,81.10,31144
HARPER,20151028,1.93,1.93,1.93,1.93,1
HAWE,20151028,0.91,0.92,0.88,0.91,963351
HELIO,20151028,4.66,4.66,4.66,4.66,5
HERKULES,20151028,4.16,4.26,4.16,4.20,44296
HUBSTYLE,20151028,1.03,1.03,1.03,1.03,1
HYDROTOR,20151028,38.00,38.00,38.00,38.00,3
HYPERION,20151028,3.39,3.39,3.34,3.34,18
IDEABANK,20151028,25.10,26.29,25.10,25.90,589697
IDMSA,20151028,1.45,1.52,1.45,1.52,884
IFCAPITAL,20151028,2.19,2.64,2.00,2.64,756329
IFSA,20151028,0.74,0.87,0.68,0.81,283362
IMCOMPANY,20151028,6.77,6.78,6.77,6.78,480
IMMOBILE,20151028,2.38,2.38,2.34,2.35,41852
IMPEL,20151028,29.34,29.34,27.85,27.90,1208
IMPERA,20151028,1.55,1.55,1.55,1.55,1393
IMPEXMET,20151028,2.75,2.81,2.71,2.79,23951
IMS,20151028,2.07,2.07,2.07,2.07,35
INC,20151028,2.24,2.24,2.24,2.24,28
INDATA,20151028,0.89,0.90,0.88,0.89,2914
INDYGO,20151028,0.95,0.95,0.93,0.94,108794
INDYKPOL,20151028,95.89,95.89,93.25,94.98,154
INGBSK,20151028,123.55,126.00,123.55,125.80,7251
INPOST,20151028,22.29,22.30,21.81,22.00,2476
INPRO,20151028,4.00,4.00,4.00,4.00,3405
INSTALKRK,20151028,12.76,12.80,12.70,12.80,1940
INTEGERPL,20151028,123.50,123.60,119.95,119.95,8121
INTERAOLT,20151028,18.25,18.25,18.25,18.25,201
INTERBUD,20151028,2.56,2.58,2.46,2.57,11986
INTERCARS,20151028,243.35,243.35,235.25,238.00,712
INTERSPPL,20151028,2.84,2.84,2.75,2.75,1417
INTROL,20151028,9.80,9.89,9.80,9.85,253
INVCEEFIZ,20151028,411.00,411.00,411.00,411.00,15
INVISTA,20151028,2.28,2.28,2.28,2.28,93
INVPEFIZ,20151028,945.00,945.00,945.00,945.00,5
IPOPEMA,20151028,2.95,2.95,2.80,2.87,2514
IQP,20151028,0.84,0.84,0.79,0.80,22057
IVMX,20151028,5.95,5.97,5.95,5.97,299
IZOBLOK,20151028,133.00,135.40,129.50,131.85,191
IZOLACJA,20151028,1.35,1.35,1.35,1.35,1
IZOSTAL,20151028,4.80,4.92,4.78,4.90,3665
JHMDEV,20151028,1.64,1.69,1.62,1.69,45796
JSW,20151028,13.30,13.59,13.28,13.38,126841
JWCONSTR,20151028,4.96,5.02,4.95,4.99,73210
K2INTERNT,20151028,13.78,13.81,13.50,13.81,7351
KANIA,20151028,2.94,2.95,2.89,2.89,22519
KERDOS,20151028,0.52,0.53,0.51,0.52,291474
KERNEL,20151028,52.40,52.65,52.11,52.65,31013
KETY,20151028,269.00,280.00,268.25,279.50,10988
KGHM,20151028,93.01,95.49,91.80,94.22,655237
KINOPOL,20151028,14.20,14.20,14.04,14.04,375
KOGENERA,20151028,71.80,71.80,71.80,71.80,1
KOMPUTRON,20151028,8.85,8.86,8.80,8.80,2122
KONSSTALI,20151028,36.49,36.49,36.49,36.49,1
KOPEX,20151028,5.94,6.25,5.94,6.08,18809
KRAKCHEM,20151028,4.18,4.18,4.03,4.03,2656
KREDYTIN,20151028,25.80,26.66,25.80,26.49,17442
KREZUS,20151028,4.53,4.62,4.52,4.58,3588
KRKA,20151028,264.95,284.00,264.95,284.00,992
KRUK,20151028,182.60,184.85,181.60,182.75,4853
KRUSZWICA,20151028,53.00,53.00,53.00,53.00,385
KSGAGRO,20151028,1.09,1.13,1.08,1.08,19819
LARQ,20151028,6.22,6.22,6.19,6.19,139
LCCORP,20151028,1.92,2.02,1.92,2.01,131699
LENA,20151028,4.49,4.49,4.45,4.45,1018
LENTEX,20151028,9.20,9.30,9.20,9.25,7602
LIBET,20151028,2.43,2.45,2.43,2.45,1800
LIVECHAT,20151028,35.97,35.97,34.52,35.00,5759
LOTOS,20151028,28.51,28.58,28.01,28.25,287353
LPP,20151028,7665.00,7739.00,7613.15,7739.00,620
LSISOFT,20151028,4.27,4.27,4.03,4.20,2502
LUBAWA,20151028,1.07,1.11,1.06,1.09,220431
MABION,20151028,46.73,46.96,45.50,46.96,2602
MAGELLAN,20151028,59.10,59.10,58.06,58.98,745
MAKARONPL,20151028,5.84,5.85,5.84,5.85,362
MARVIPOL,20151028,6.85,6.85,6.72,6.85,4242
MBANK,20151028,371.30,371.30,363.80,366.20,32892
MCI,20151028,12.23,12.30,12.15,12.25,14099
MCLOGIC,20151028,38.51,38.51,37.00,37.50,1400
MEDIATEL,20151028,1.04,1.04,0.99,0.99,987
MEDICALG,20151028,228.95,230.10,228.00,228.40,1150
MENNICA,20151028,13.93,14.40,13.92,14.40,5053
MERCATOR,20151028,18.15,18.15,18.10,18.15,920
MERCOR,20151028,9.60,9.85,9.60,9.80,7189
MEXPOLSKA,20151028,4.00,4.00,3.87,3.90,9985
MFO,20151028,12.01,12.10,12.01,12.10,372
MIDAS,20151028,0.63,0.63,0.62,0.63,259639
MILKILAND,20151028,2.11,2.18,2.00,2.01,154947
MILLENNIUM,20151028,6.22,6.30,6.15,6.30,1041938
MIRACULUM,20151028,2.67,2.67,2.54,2.65,5894
MIRBUD,20151028,1.16,1.17,1.14,1.15,75900
MLPGROUP,20151028,34.99,34.99,34.97,34.97,46
MNI,20151028,0.84,0.85,0.82,0.85,9366
MOL,20151028,179.00,179.00,179.00,179.00,10
MONNARI,20151028,16.55,16.60,16.50,16.57,9413
MOSTALPLC,20151028,15.30,15.30,15.30,15.30,1
MOSTALWAR,20151028,14.38,14.38,14.16,14.21,5146
MOSTALZAB,20151028,1.78,1.84,1.78,1.79,266034
MUZA,20151028,3.17,3.17,3.17,3.17,4
MWTRADE,20151028,16.80,16.80,16.10,16.15,940
NETIA,20151028,5.54,5.57,5.51,5.57,46433
NETMEDIA,20151028,5.28,5.28,5.05,5.28,1481
NEUCA,20151028,352.40,352.40,346.00,349.00,1191
NEWAG,20151028,16.22,16.22,16.12,16.15,153
NFIEMF,20151028,3.37,3.40,3.29,3.40,55
NORTCOAST,20151028,6.38,6.38,6.33,6.33,744
NOVITA,20151028,50.87,50.87,50.86,50.86,32
NOWAGALA,20151028,1.42,1.44,1.42,1.44,550
NTTSYSTEM,20151028,2.43,2.43,2.43,2.43,11
OPENFIN,20151028,4.15,4.15,4.15,4.15,1018
OPONEO.PL,20151028,23.88,23.88,23.87,23.87,668
OPTEAM,20151028,9.80,9.80,9.60,9.60,349
ORANGEPL,20151028,7.07,7.08,6.98,7.00,5854354
ORBIS,20151028,57.31,59.40,57.30,59.00,784
ORCOGROUP,20151028,1.09,1.25,1.09,1.20,37584
ORZBIALY,20151028,7.03,7.03,7.03,7.03,145
OTMUCHOW,20151028,6.50,6.76,6.50,6.76,637
OVOSTAR,20151028,88.99,88.99,87.24,87.33,167
PAGED,20151028,53.01,54.41,52.90,54.41,588
PANOVA,20151028,19.34,19.34,18.41,18.49,395
PATENTUS,20151028,0.74,0.74,0.74,0.74,6000
PBG,20151028,2.19,2.25,2.19,2.19,7728
PCCEXOL,20151028,3.15,3.15,3.15,3.15,15
PCCINTER,20151028,2.23,2.28,2.23,2.28,3089
PCCROKITA,20151028,39.75,41.00,39.75,41.00,1096
PCM,20151028,41.78,42.50,41.78,42.50,452
PEKABEX,20151028,11.30,11.80,11.30,11.80,5032
PEKAES,20151028,12.74,12.85,12.70,12.70,7627
PEKAO,20151028,154.90,154.90,152.95,154.05,100508
PELION,20151028,60.82,61.01,60.81,60.81,344
PEMANAGER,20151028,134.00,134.00,134.00,134.00,2
PEP,20151028,26.23,26.23,25.80,26.23,2906
PEPEES,20151028,0.54,0.54,0.53,0.53,5010
PGE,20151028,14.25,14.51,14.18,14.29,1792971
PGNIG,20151028,6.80,6.92,6.79,6.90,2976391
PGODLEW,20151028,5.30,5.50,5.30,5.36,1087
PHN,20151028,19.99,20.10,19.66,20.10,1428
PKNORLEN,20151028,64.61,64.88,63.07,63.94,2392456
PKOBP,20151028,29.76,29.88,29.33,29.64,2102779
PKOGS,20151028,101.90,101.95,101.55,101.55,1188
PKOSO,20151028,99.63,100.00,99.63,100.00,380
PKPCARGO,20151028,65.95,66.29,65.21,66.00,35008
PLASTBOX,20151028,2.24,2.24,2.24,2.24,30
PLATYNINW,20151028,3.72,4.10,3.72,3.78,28327
PMPG,20151028,1.40,1.40,1.40,1.40,1753
POLICE,20151028,24.55,24.55,24.55,24.55,4
POLMED,20151028,3.34,3.35,3.33,3.35,4421
POLNA,20151028,26.25,26.25,25.61,26.25,348
POLNORD,20151028,12.42,12.67,12.27,12.40,413751
POLWAX,20151028,15.55,15.86,15.40,15.48,1634
POZBUD,20151028,5.81,5.93,5.81,5.90,179181
PRAGMAFA,20151028,13.33,13.33,13.33,13.33,8
PRAGMAINK,20151028,11.70,11.80,11.66,11.66,1286
PRAIRIE,20151028,0.82,0.82,0.80,0.82,68227
PRESCO,20151028,5.28,5.28,5.20,5.20,27
PRIMAMODA,20151028,1.56,1.56,1.50,1.56,2650
PROCAD,20151028,1.83,1.83,1.70,1.83,1606
PROCHEM,20151028,18.32,18.48,18.10,18.24,5641
PROCHNIK,20151028,1.08,1.11,1.07,1.10,147997
PROJPRZEM,20151028,7.25,7.41,7.24,7.36,6992
PROTEKTOR,20151028,3.07,3.07,3.04,3.05,787
PSG,20151028,0.66,0.66,0.62,0.64,13079
PTI,20151028,0.45,0.45,0.41,0.43,579752
PULAWY,20151028,175.00,175.50,172.35,175.50,1279
PWRMEDIA,20151028,1.12,1.12,1.12,1.12,1000
PZU,20151028,380.40,382.85,379.45,382.85,117342
QUANTUM,20151028,5.96,5.96,5.96,5.96,95
QUERCUS,20151028,6.54,6.59,6.48,6.59,172820
QUMAK,20151028,10.00,10.00,9.88,9.89,3274
RADPOL,20151028,6.30,6.40,5.91,6.35,12109
RAFAKO,20151028,6.87,6.87,6.83,6.84,19598
RAINBOW,20151028,25.85,25.95,25.60,25.70,2366
RANKPROGR,20151028,1.29,1.29,1.17,1.22,129501
RAWLPLUG,20151028,8.97,8.97,8.97,8.97,2001
RCCRUAOPEN,20151028,9.23,9.51,9.20,9.50,8783
RCGBSH10919,20151028,952.69,952.69,952.69,952.69,8
RCGBSH11116,20151028,1080.26,1080.26,1080.26,1080.26,2
RCGBSH11217,20151028,1089.88,1089.88,1089.88,1089.88,200
RCGBSH21116,20151028,941.17,941.17,941.17,941.17,15
RCGLDAOPEN,20151028,454.97,458.01,454.97,458.01,35
RCGNS010920,20151028,1004.63,1008.08,1004.63,1008.08,200
RCGSDG10219,20151028,1058.51,1058.51,1058.51,1058.51,2
RCLNAGOPEN,20151028,6.00,6.00,5.99,5.99,220
RCMBK11116,20151028,799.61,799.61,799.61,799.61,2
RCSILAOPEN,20151028,61.82,62.50,61.82,62.50,203
REDAN,20151028,2.22,2.25,2.18,2.21,24621
REDWOOD,20151028,5.50,5.99,5.50,5.99,401
REINHOLD,20151028,0.46,0.46,0.46,0.46,640
RELPOL,20151028,6.90,7.00,6.82,7.00,8934
REMAK,20151028,22.80,22.80,22.30,22.80,22
RESBUD,20151028,1.75,1.92,1.70,1.92,77797
ROBYG,20151028,2.50,2.57,2.49,2.51,465969
RONSON,20151028,1.36,1.36,1.36,1.36,100
ROPCZYCE,20151028,22.00,22.00,21.99,21.99,29
RUBICON,20151028,1.28,1.29,1.28,1.29,499
SANOK,20151028,57.50,57.75,57.41,57.41,5170
SCOPAK,20151028,3.05,3.05,3.05,3.05,2
SECOGROUP,20151028,21.00,21.30,21.00,21.30,211
SELENAFM,20151028,18.50,18.50,17.80,18.47,658
SELVITA,20151028,21.90,21.90,21.50,21.88,739
SERINUS,20151028,2.07,2.09,2.01,2.08,33402
SFINKS,20151028,3.51,3.55,3.50,3.51,35185
SILVANO,20151028,5.70,5.74,5.40,5.53,83039
SIMPLE,20151028,9.55,9.55,9.55,9.55,2256
SKARBIEC,20151028,33.00,33.65,32.50,33.65,536
SKOK,20151028,1.63,1.65,1.63,1.65,2153
SKOTAN,20151028,0.57,0.58,0.56,0.58,79426
SMT,20151028,16.12,16.12,15.91,15.91,9069
SNIEZKA,20151028,54.00,55.91,51.92,53.99,837
SOBIESKI,20151028,78.70,81.20,78.70,81.01,695
SOHODEV,20151028,1.21,1.21,1.18,1.21,1376
SOLAR,20151028,1.49,1.54,1.46,1.54,58985
SONEL,20151028,13.20,13.42,13.03,13.42,4357
SOPHARMA,20151028,6.50,6.50,6.50,6.50,40
STALEXP,20151028,3.20,3.20,3.13,3.15,163002
STALPROD,20151028,323.25,323.25,321.00,321.00,61
STALPROFI,20151028,12.50,12.50,12.30,12.33,2105
STAPORKOW,20151028,4.44,4.44,4.28,4.30,14362
STARHEDGE,20151028,0.69,0.71,0.69,0.71,354
SUNEX,20151028,0.18,0.19,0.17,0.18,1212575
SUWARY,20151028,10.84,10.84,10.84,10.84,101
SWISSMED,20151028,1.85,1.89,1.85,1.89,1960
SYGNITY,20151028,9.80,10.33,9.80,10.28,96161
SYNEKTIK,20151028,16.00,16.00,15.90,15.99,457
SYNTHOS,20151028,3.81,3.81,3.77,3.80,286503
TALEX,20151028,18.10,18.10,18.10,18.10,5
TARCZYNSKI,20151028,13.28,13.28,13.21,13.21,221
TATRY,20151028,110.00,111.00,110.00,111.00,76
TAURONPE,20151028,3.12,3.12,3.08,3.08,3092693
TELL,20151028,12.37,12.60,12.37,12.57,1980
TERMOREX,20151028,3.21,3.28,3.21,3.25,3232
TESGAS,20151028,3.70,3.70,3.62,3.63,2877
TFONE,20151028,3.25,3.33,3.13,3.13,41676
TIM,20151028,9.30,9.40,8.65,9.40,7993
TORPOL,20151028,12.54,12.80,12.49,12.70,20396
TOYA,20151028,5.14,5.15,5.14,5.15,5387
TRAKCJA,20151028,10.18,10.25,10.18,10.22,107885
TRANSPOL,20151028,5.21,5.60,5.15,5.41,51805
ULMA,20151028,78.00,78.00,78.00,78.00,1
UNIBEP,20151028,10.94,11.15,10.64,10.72,259703
UNICREDIT,20151028,25.61,25.63,25.61,25.63,268
UNIMA,20151028,2.54,2.54,2.54,2.54,50
UNISYS1AB,20151028,964.00,969.00,964.00,969.00,19
UNIWHEELS,20151028,120.15,121.00,120.15,121.00,840
URSUS,20151028,3.05,3.05,2.91,2.93,496078
VANTAGE,20151028,2.60,2.60,2.60,2.60,107
VARIANT,20151028,1.65,1.79,1.65,1.78,5391
VIGOSYS,20151028,262.00,262.00,262.00,262.00,12
VINDEXUS,20151028,6.13,6.18,6.01,6.10,12123
VISTAL,20151028,11.37,11.37,11.16,11.26,742
VISTULA,20151028,2.95,2.98,2.95,2.97,121916
VOTUM,20151028,16.65,16.79,16.65,16.68,4396
VOXEL,20151028,17.43,17.45,17.42,17.45,1280
WADEX,20151028,4.25,4.25,4.25,4.25,10
WARIMPEX,20151028,3.25,3.28,3.25,3.28,300
WASKO,20151028,1.89,1.89,1.87,1.89,8715
WAWEL,20151028,1263.00,1263.00,1235.00,1240.00,48
WDX,20151028,5.56,5.56,5.40,5.45,16232
WIELTON,20151028,7.63,7.99,7.63,7.80,20778
WIKANA,20151028,1.42,1.42,1.42,1.42,700
WILBO,20151028,1.28,1.28,1.25,1.25,8883
WINDMOBIL,20151028,7.70,7.70,7.50,7.69,3325
WINVEST,20151028,4.14,4.14,4.04,4.05,315
WIRTUALNA,20151028,40.60,40.92,40.50,40.84,11205
WOJAS,20151028,7.50,7.65,7.50,7.65,6831
WORKSERV,20151028,15.60,15.60,15.41,15.55,26845
ZAMET,20151028,2.13,2.13,1.95,2.00,10102
ZASTAL,20151028,0.69,0.71,0.69,0.71,1468
ZEPAK,20151028,12.49,12.50,12.31,12.41,4535
ZETKAMA,20151028,89.89,92.99,89.89,91.00,1804
ZUE,20151028,8.77,8.77,8.37,8.64,1233
ZYWIEC,20151028,400.00,419.00,400.00,416.00,226
INVESTORMS,20151028,3756.77,3768.53,3756.77,3768.53,105540.915
MWIG40,20151028,3732.55,3745.67,3725.59,3745.67,51327.142
NCINDEX30,20151028,1056.34,1063.89,1047.77,1063.60,2435.065
RESPECT,20151028,2597.36,2606.15,2592.86,2606.15,411294.127
SWIG80,20151028,13588.16,13650.72,13585.09,13650.72,50115.218
WIG,20151028,51168.93,51198.42,50940.54,51198.42,622197.730
WIG-BANKI,20151028,6726.84,6735.56,6717.85,6735.56,137624.207
WIG-BUDOW,20151028,3146.76,3146.76,3138.72,3138.72,7485.785
WIG-CEE,20151028,763.30,764.83,750.74,764.83,2938.998
WIG-CHEMIA,20151028,15322.00,15375.90,15322.00,15375.90,4821.809
WIG-DEWEL,20151028,1485.29,1486.43,1483.46,1486.43,8651.726
WIG-ENERG,20151028,3351.85,3351.85,3343.24,3347.44,49620.475
WIG-INFO,20151028,1696.50,1696.50,1690.24,1690.36,8589.126
WIG-MEDIA,20151028,4548.71,4548.71,4534.21,4545.81,5499.241
WIG-PALIWA,20151028,4692.21,4704.08,4671.77,4704.08,181489.131
WIG-POLAND,20151028,52197.58,52321.33,52099.21,52321.33,616980.525
WIG-SPOZYW,20151028,3699.68,3705.01,3691.06,3705.01,2657.246
WIG-SUROWC,20151028,2880.40,2904.93,2880.40,2904.93,69875.724
WIG-TELKOM,20151028,860.44,860.44,855.15,857.87,42497.950
WIG-UKRAIN,20151028,406.89,406.89,403.45,403.45,2159.212
WIG20,20151028,2108.61,2108.61,2093.71,2105.63,510478.107
WIG20LEV,20151028,652.74,652.74,643.49,650.89,510478.107
WIG20SHORT,20151028,3735.15,3761.43,3735.15,3740.41,510478.107
WIG20TR,20151028,3453.25,3459.21,3443.25,3459.21,510478.107
WIG30,20151028,2343.53,2343.56,2331.17,2343.56,534937.886
WIG30TR,20151028,3799.72,3806.13,3789.02,3806.13,534937.886
WIGDIV,20151028,1090.40,1093.64,1087.23,1093.29,287537.730
08OCTAVA,20151028,1.21,1.21,1.20,1.20,1050
B3SYSTEM,20151028,0.65,0.65,0.64,0.64,15
BEDZIN,20151028,15.00,15.00,15.00,15.00,310
CASHFLOW,20151028,0.17,0.17,0.17,0.17,11
CFI,20151028,13.20,14.52,13.20,14.52,10820
COMPERIA,20151028,18.40,18.40,18.40,18.40,150
DROP,20151028,1.78,1.78,1.78,1.78,10000
EKANCELAR,20151028,0.03,0.03,0.03,0.03,85000
FAM,20151028,1.41,1.41,1.41,1.41,10392
HUTMEN,20151028,4.97,4.97,4.97,4.97,510
IBSM,20151028,27.20,27.20,27.20,27.20,1
IDEON,20151028,0.02,0.02,0.02,0.02,147522
KCI,20151028,0.04,0.04,0.03,0.03,402437
MIT,20151028,0.14,0.14,0.14,0.14,17000
MSXRESOUR,20151028,0.45,0.45,0.43,0.43,11341
NEWWORLDR,20151028,0.03,0.03,0.03,0.03,1136913
PBOANIOLA,20151028,0.07,0.07,0.07,0.07,26633
PBSFINANSE,20151028,3.50,3.50,3.50,3.50,150
PEIXIN,20151028,5.64,5.64,5.64,5.64,500
PEMUG,20151028,0.51,0.51,0.51,0.51,10100
PETROLINV,20151028,0.12,0.12,0.11,0.11,1225911
PLAZACNTR,20151028,0.13,0.13,0.13,0.13,83643
POLCOLORIT,20151028,1.01,1.10,1.01,1.10,13860
POLIMEXMS,20151028,5.59,5.59,5.59,5.59,13321
REGNON,20151028,1.49,1.49,1.49,1.49,2650
ROVESE,20151028,1.41,1.41,1.41,1.41,248
SANWIL,20151028,0.85,0.85,0.85,0.85,100
SKYLINE,20151028,0.53,0.53,0.52,0.52,7006
SKYSTONE,20151028,3.35,3.35,3.35,3.35,4
WISTIL,20151028,37.00,37.00,37.00,37.00,110
ZREMB,20151028,1.12,1.12,1.10,1.10,7859
01CYBATON,20151028,3.00,3.14,3.00,3.04,38051
11BIT,20151028,70.99,71.50,70.00,70.95,5891
2CPARTNER,20151028,0.60,0.60,0.60,0.60,14
2INTELLECT,20151028,0.35,0.35,0.35,0.35,50
5THAVENUE,20151028,1.46,1.51,1.46,1.51,1779
ABPOL,20151028,0.22,0.22,0.21,0.22,43889
ABSINVEST,20151028,1.85,1.87,1.85,1.87,1300
ACARTUS,20151028,0.24,0.28,0.24,0.28,440
ACREBIT,20151028,2.00,2.06,1.98,2.06,510
ADFORM,20151028,7.50,7.50,7.50,7.50,10
ADMASSIVE,20151028,0.31,0.31,0.31,0.31,3850
ADMIRAL,20151028,0.32,0.32,0.30,0.31,20424
ADVOCULAR,20151028,2.27,2.27,2.04,2.15,5273
AEDES,20151028,0.75,0.75,0.69,0.75,8190
AERFINANC,20151028,0.30,0.30,0.30,0.30,50
AGROLIGA,20151028,15.43,15.50,15.11,15.50,409
AGROMA,20151028,0.03,0.03,0.03,0.03,10
AGROTOUR,20151028,0.46,0.46,0.39,0.44,1030
AIRWAY,20151028,1.60,1.65,1.60,1.65,1700
AITON,20151028,1.09,1.09,1.09,1.09,50
ALDA,20151028,1.45,1.45,1.45,1.45,6
ALUMAST,20151028,1.25,1.29,1.22,1.29,24203
APANET,20151028,4.75,5.24,4.70,5.24,1421
AQUAPOZ,20151028,7.83,7.83,7.83,7.83,2
ARAMUS,20151028,0.82,0.82,0.82,0.82,800
ARI,20151028,0.64,0.69,0.60,0.69,16820
ARRINERA,20151028,10.98,10.98,10.26,10.26,2006
ARTBIZNES,20151028,0.30,0.30,0.30,0.30,30
ARTNEWMED,20151028,0.02,0.02,0.02,0.02,500
ARTNEWS,20151028,1.68,1.68,1.58,1.58,390
ARTP,20151028,0.10,0.10,0.09,0.09,33100
ASMGROUP,20151028,2.27,2.27,2.27,2.27,1000
ASTORIA,20151028,3.70,3.70,3.19,3.70,50
ASTRO,20151028,1.98,1.98,1.98,1.98,25
ATCCARGO,20151028,2.78,2.78,2.78,2.78,3
ATONHT,20151028,0.16,0.16,0.15,0.16,8094
AZTEC,20151028,2.95,2.95,2.95,2.95,5
B2BPARTNER,20151028,0.15,0.15,0.15,0.15,7000
BALTICINV,20151028,0.86,0.88,0.85,0.88,13938
BBCONSULT,20151028,3.53,3.60,3.53,3.60,305
BDF,20151028,28.70,30.00,28.70,30.00,34
BINARY,20151028,0.19,0.22,0.19,0.22,2497
BIOGENED,20151028,12.00,12.30,11.21,12.00,221
BIOMASS,20151028,1.61,1.61,1.54,1.60,3105
BIOMAX,20151028,0.14,0.15,0.13,0.14,215524
BIOMAXIMA,20151028,4.24,4.24,4.10,4.23,1270
BLACKPOIN,20151028,0.40,0.42,0.38,0.41,20068
BLIRT,20151028,1.80,1.80,1.80,1.80,33
BLOOBER,20151028,38.60,38.60,33.53,35.60,6394
BLUMERANG,20151028,1.65,1.78,1.55,1.68,6544
BOA,20151028,0.33,0.33,0.33,0.33,45
BOOMERANG,20151028,0.47,0.47,0.47,0.47,20948
BORUTA,20151028,0.24,0.25,0.23,0.25,444407
BPC,20151028,0.54,0.54,0.54,0.54,30
BROADGATE,20151028,0.78,0.78,0.78,0.78,17
BVT,20151028,1.63,1.65,1.55,1.63,10892
CCS,20151028,1.09,1.09,1.09,1.09,1000
CCTOOLS,20151028,0.29,0.29,0.29,0.29,53
CDE,20151028,0.15,0.15,0.15,0.15,1860
CENTURION,20151028,0.25,0.25,0.25,0.25,150
CEREALPLT,20151028,12.19,12.19,12.19,12.19,1
CFBPS,20151028,6.29,6.29,6.29,6.29,1
CLOUD,20151028,95.50,96.70,93.00,96.70,75
COLUMBUS,20151028,0.27,0.28,0.24,0.25,535403
COMECO,20151028,0.35,0.42,0.35,0.42,33507
COPERNIC,20151028,11.80,12.00,11.80,12.00,86
CTE,20151028,5.35,5.35,5.35,5.35,1
CWPE,20151028,0.14,0.15,0.14,0.14,7100
DASE,20151028,0.44,0.44,0.44,0.44,30
DEKTRA,20151028,9.55,9.55,9.26,9.26,1612
DEVORAN,20151028,0.79,0.79,0.64,0.64,4510
DIGITAL,20151028,0.22,0.22,0.22,0.22,2900
DOMLEK,20151028,17.70,17.70,17.70,17.70,1
EASTSIDE,20151028,1.64,1.67,1.64,1.67,5739
EASYCALL,20151028,2.42,2.75,2.42,2.75,1355
EBC,20151028,0.99,1.20,0.99,1.20,9980
EC2,20151028,0.99,0.99,0.90,0.97,10784
ECA,20151028,1.40,1.51,1.40,1.49,1655
ECERAMICS,20151028,0.01,0.01,0.01,0.01,2317280
ECOTECH,20151028,1.18,1.18,1.18,1.18,10
EDISON,20151028,1.20,1.20,1.20,1.20,10
EFICOM,20151028,0.52,0.55,0.48,0.55,11835
EFIXDM,20151028,13.10,13.10,13.10,13.10,1
EKIOSK,20151028,0.62,0.62,0.60,0.60,8100
EKOBOX,20151028,1.34,1.36,1.34,1.36,200
EKOKOGEN,20151028,1.00,1.00,1.00,1.00,7006
EMMERSON,20151028,0.05,0.05,0.05,0.05,83
EMONT,20151028,0.90,0.90,0.90,0.90,15
EONET,20151028,5.59,6.10,5.26,6.10,294
EPIGON,20151028,0.17,0.17,0.17,0.17,1000
ERNE,20151028,5.29,5.33,5.18,5.24,14124
ERS,20151028,0.28,0.28,0.28,0.28,50
EUROCENT,20151028,10.40,10.40,10.39,10.40,522
EUROSNACK,20151028,1.30,1.30,1.11,1.11,2040
EUROTAX,20151028,2.58,2.58,2.58,2.58,1
EXAMOBILE,20151028,2.77,2.77,2.77,2.77,370
EXCELLENC,20151028,1.64,1.64,1.64,1.64,10
EZO,20151028,4.50,4.64,4.01,4.56,15508
FABRYKAKD,20151028,0.93,1.05,0.85,1.05,5952
FACHOWCY,20151028,0.19,0.19,0.19,0.19,100
FARM51,20151028,13.71,14.29,13.20,13.97,10575
FITEN,20151028,1.30,1.40,1.30,1.40,5150
FLUID,20151028,0.89,0.91,0.87,0.90,15579
FLYPL,20151028,0.34,0.40,0.33,0.37,6437461
FOREVEREN,20151028,0.54,0.59,0.53,0.56,383749
FUTURIS,20151028,0.87,0.87,0.68,0.68,1401
GCINVEST,20151028,0.50,0.60,0.47,0.56,20580
GEKOPLAST,20151028,9.47,10.43,9.47,10.00,9407
GENRG,20151028,0.14,0.14,0.12,0.13,137037
GEOTRANS,20151028,5.99,6.06,5.82,5.99,11493
GLOBALTR,20151028,0.05,0.05,0.05,0.05,2000
GOLAB,20151028,0.36,0.36,0.36,0.36,50
GPPI,20151028,0.15,0.16,0.15,0.16,18914
GRAPHIC,20151028,0.92,0.92,0.76,0.92,28419
GRUPAEMM,20151028,0.09,0.10,0.09,0.10,262461
GRUPAHRC,20151028,2.86,2.86,2.86,2.86,10
GRUPAREC,20151028,13.95,13.95,13.50,13.94,176
GWARANT,20151028,3.16,3.16,3.16,3.16,323
HAMBURGER,20151028,1.21,1.21,1.21,1.21,10
HEFAL,20151028,0.20,0.24,0.20,0.24,5551
HETAN,20151028,0.74,0.76,0.68,0.76,1602
HMINWEST,20151028,9.06,9.06,9.06,9.06,12
HOLLYWOOD,20151028,4.00,4.00,4.00,4.00,900
HYDRAPRES,20151028,0.31,0.32,0.31,0.31,18592
HYDROPHI,20151028,0.20,0.21,0.19,0.21,39328
I3D,20151028,0.64,0.64,0.59,0.59,101
IAI,20151028,5.29,5.29,5.29,5.29,10
IFM,20151028,0.55,0.55,0.55,0.55,30
IGORIA,20151028,1.01,1.01,1.00,1.00,13793
IMAGIS,20151028,0.23,0.25,0.19,0.25,15230
INBOOK,20151028,0.41,0.41,0.41,0.41,20
INDEXMEDI,20151028,2.27,2.38,2.27,2.38,103
INFRA,20151028,1.69,1.98,1.57,1.79,89724
INNOGENE,20151028,7.15,7.80,6.66,7.80,1837
INTELIWIS,20151028,1.57,1.57,1.51,1.51,2474
INTERNITY,20151028,1.00,1.00,1.00,1.00,20
INVENTI,20151028,1.91,1.91,1.53,1.75,1410
INVESTEKO,20151028,1.90,1.90,1.90,1.90,20
INVICO,20151028,0.19,0.19,0.19,0.19,1000
INWESTPL,20151028,0.30,0.30,0.30,0.30,200
IPODS,20151028,0.43,0.44,0.35,0.44,1350
IPOSA,20151028,0.07,0.07,0.07,0.07,23100
IU,20151028,3.03,3.03,3.03,3.03,10
JANTAR,20151028,0.61,0.65,0.61,0.65,622
JRHOLDING,20151028,0.56,0.58,0.56,0.58,6768
JUJUBEE,20151028,11.94,12.50,10.35,11.50,72378
KANCELWEC,20151028,0.44,0.44,0.36,0.41,3225
KKHERBAL,20151028,0.32,0.32,0.32,0.32,50
KLASZTORNE,20151028,0.09,0.10,0.09,0.10,58600
KLEBAINV,20151028,3.85,3.85,3.85,3.85,1
KME,20151028,3.44,3.68,3.20,3.20,4016
KOMPLEKS,20151028,0.93,0.93,0.78,0.78,2330
KUPIEC,20151028,2.94,2.94,2.80,2.93,420
LABOPRINT,20151028,14.98,15.20,14.07,15.20,710
LASERMED,20151028,3.21,3.21,3.21,3.21,5
LAURENPES,20151028,0.03,0.04,0.03,0.04,98716
LEASINGEX,20151028,0.40,0.41,0.35,0.35,2800
LEONIDAS,20151028,0.29,0.29,0.29,0.29,8
LETUS,20151028,0.12,0.13,0.11,0.12,88630
LGTRADE,20151028,0.55,0.55,0.55,0.55,100
LIBERTY,20151028,0.02,0.02,0.02,0.02,117
LOYD,20151028,0.39,0.39,0.34,0.34,7030
LSTECHHOM,20151028,0.97,0.97,0.89,0.96,20117
LUG,20151028,3.49,3.49,3.49,3.49,5
LUXIMA,20151028,0.04,0.04,0.04,0.04,300
LZMO,20151028,1.35,1.42,1.35,1.41,2137
MAGNIFICO,20151028,0.30,0.36,0.28,0.36,14432
MAKOLAB,20151028,4.02,4.08,4.00,4.08,11586
MAKORA,20151028,1.01,1.07,1.01,1.07,3980
MARKA,20151028,2.57,2.57,2.57,2.57,10
MARSOFT,20151028,0.18,0.20,0.16,0.16,84084
MAXIPIZZA,20151028,0.65,0.67,0.65,0.67,4380
MBFGROUP,20151028,5.86,6.00,5.50,6.00,681
MBPARTNER,20151028,0.03,0.03,0.03,0.03,50
MEDIACAP,20151028,3.00,3.00,3.00,3.00,500
MEDIANPOL,20151028,0.41,0.45,0.41,0.45,2530
MEGASONIC,20151028,6.07,6.07,4.86,4.86,11379
MERIT,20151028,0.27,0.27,0.27,0.27,50
MGMSYS,20151028,2.25,2.44,2.25,2.41,1700
MILESTONE,20151028,7.65,7.65,7.65,7.65,2
MINERAL,20151028,0.63,0.63,0.63,0.63,150
MINOX,20151028,0.07,0.07,0.06,0.07,3494205
MODE,20151028,0.55,0.55,0.55,0.55,11
MODECOM,20151028,11.00,11.00,11.00,11.00,300
MOLMEDICA,20151028,0.02,0.02,0.01,0.01,35000
MORIZON,20151028,1.46,1.47,1.46,1.47,35001
MOTORICUS,20151028,0.71,0.74,0.70,0.74,13200
NANOTEL,20151028,2.69,2.83,2.69,2.83,700
NEPTIS,20151028,29.95,29.95,29.95,29.95,67
NETWISE,20151028,4.10,4.10,4.10,4.10,5
NOVAVIS,20151028,1.09,1.09,1.04,1.08,5379
NOVINA,20151028,0.66,0.71,0.63,0.68,128886
ONICO,20151028,40.00,43.00,40.00,42.95,650
OPTIZENLB,20151028,0.43,0.43,0.43,0.43,30
ORGANIC,20151028,4.49,4.60,4.49,4.60,4559
ORIONINV,20151028,98.73,98.73,80.00,97.90,205
ORZLOPONY,20151028,0.52,0.59,0.52,0.59,901
PATFUND,20151028,0.30,0.31,0.30,0.30,7955
PFMEDICAL,20151028,35.99,35.99,35.00,35.98,44
PGPPOLONI,20151028,1.60,1.60,1.60,1.60,350
PGSSOFT,20151028,8.92,9.99,8.92,9.70,26571
PHARMENA,20151028,19.71,20.00,19.71,20.00,559
PHOTON,20151028,0.78,0.79,0.77,0.79,8493
PILAB,20151028,39.50,41.00,39.50,41.00,4536
PLASMA,20151028,14.80,14.80,14.25,14.25,141
PLATIGE,20151028,12.92,13.15,12.92,12.92,114
POLFA,20151028,0.30,0.30,0.30,0.30,500
PPRICE,20151028,0.04,0.04,0.04,0.04,3000
PRESENT24,20151028,1.57,1.57,1.43,1.50,1680
PRESTO,20151028,0.75,0.77,0.75,0.77,10490
PRIME,20151028,30.21,30.88,30.02,30.88,339
PRYMUS,20151028,4.90,4.94,4.82,4.94,860
PTWP,20151028,13.00,13.00,13.00,13.00,2
PYLON,20151028,0.19,0.21,0.19,0.21,10001
RAJDY4X4,20151028,0.06,0.07,0.06,0.07,145708
REVITUM,20151028,0.70,0.80,0.70,0.80,11065
ROBINSON,20151028,11.70,11.70,10.60,11.65,661
ROCCA,20151028,0.40,0.40,0.40,0.40,30
RSY,20151028,6.75,6.75,6.09,6.75,174
RUCHCHORZ,20151028,0.24,0.24,0.20,0.22,8169
RUNICOM,20151028,0.56,0.56,0.56,0.56,30
SAKANA,20151028,0.32,0.32,0.30,0.30,2000
SAPLING,20151028,0.26,0.26,0.26,0.26,1
SARE,20151028,28.20,29.20,28.00,29.00,562
SEAMASTER,20151028,3.80,3.80,3.80,3.80,247
SFD,20151028,0.46,0.46,0.46,0.46,2000
SFERANET,20151028,0.75,0.75,0.75,0.75,30
SFKPOLKAP,20151028,5.50,5.59,5.50,5.59,205
SILVACG,20151028,0.01,0.01,0.01,0.01,5010
SPAC1,20151028,0.33,0.34,0.31,0.34,15547
STANDREW,20151028,12.48,13.80,12.48,13.80,723
STANUSCH,20151028,8.50,8.50,8.50,8.50,5
STOPKLA,20151028,9.87,10.49,9.70,9.70,241
SUMMALING,20151028,4.15,4.15,4.15,4.15,10
SUNTECH,20151028,0.33,0.34,0.33,0.34,8000
SURFLAND,20151028,1.00,1.01,0.98,1.01,1070
SWISSPSM,20151028,0.26,0.26,0.26,0.26,50
SZAR,20151028,0.07,0.07,0.07,0.07,300
TABLEO,20151028,0.67,0.67,0.54,0.62,17387
TAMEX,20151028,0.56,0.61,0.56,0.61,3966
TAXNET,20151028,0.50,0.50,0.47,0.47,380
TAXUSFUND,20151028,0.04,0.05,0.04,0.05,30044
TECHMADEX,20151028,20.50,20.50,20.50,20.50,1
TELGAM,20151028,0.25,0.26,0.25,0.26,28940
TELIANI,20151028,0.39,0.39,0.39,0.39,4172
TERMOEXP,20151028,1.80,1.80,1.80,1.80,10
TILIA,20151028,1.05,1.05,1.05,1.05,1435
TROPHYRES,20151028,2.96,2.96,2.85,2.85,726
UNIMOT,20151028,15.00,18.00,15.00,16.20,619
UNITED,20151028,0.60,0.65,0.57,0.63,57519
VAKOMTEK,20151028,1.19,1.19,1.19,1.19,4
VCP,20151028,0.29,0.29,0.29,0.29,50
VELTO,20151028,0.36,0.48,0.29,0.47,499820
VENITI,20151028,0.75,0.82,0.72,0.72,27950
VENTUREIN,20151028,2.50,2.50,2.37,2.50,2093
VERBICOM,20151028,2.37,2.37,2.37,2.37,1178
VERTE,20151028,1.76,2.11,1.42,1.42,128711
VIATRON,20151028,5.88,5.88,5.88,5.88,85
VIVID,20151028,7.15,7.15,6.95,7.05,22958
WDBBU,20151028,2.90,2.90,2.75,2.90,514
WIERZYCL,20151028,0.46,0.46,0.46,0.46,30
XPLUS,20151028,0.11,0.11,0.11,0.11,100
YELLOWHAT,20151028,0.30,0.30,0.25,0.25,9012
YOURIMAGE,20151028,0.33,0.34,0.31,0.33,15111
NCINDEX,20151028,290.03,292.38,289.36,292.38,5783.389
2CP0416,20151028,91.18,91.18,91.10,91.10,51
ALR0421,20151028,102.84,102.84,102.75,102.80,19
BBI0217,20151028,101.00,101.00,101.00,101.00,5
BML0818,20151028,99.30,99.49,99.30,99.49,200
BST0320,20151028,100.50,100.50,100.50,100.50,37
BST0418,20151028,100.33,100.33,100.28,100.28,200
BSW0721,20151028,77.10,77.10,77.00,77.00,6
CAP0617,20151028,100.00,100.00,100.00,100.00,112
CAP0917,20151028,100.30,100.30,100.30,100.30,73
CCA0216,20151028,96.99,96.99,95.00,95.00,4
CPS0721,20151028,101.40,101.40,101.22,101.22,242
CRS0416,20151028,100.00,100.00,100.00,100.00,5
CTG0417,20151028,98.50,98.50,98.50,98.50,7
DAY0916,20151028,20.00,20.00,20.00,20.00,124
DS0725,20151028,106.50,106.50,106.50,106.50,13
DS1017,20151028,107.22,107.22,107.22,107.22,369
DS1019,20151028,113.65,113.65,113.65,113.65,73
DS1020,20151028,115.30,115.30,115.30,115.30,695
DS1021,20151028,119.29,119.29,119.29,119.29,150
ECH0716,20151028,100.92,100.92,100.92,100.92,284
EFM1216,20151028,99.99,99.99,99.99,99.99,4
FFI0916,20151028,92.09,92.10,92.00,92.00,183
FFI1116,20151028,89.01,89.01,89.01,89.01,1
GHE0619,20151028,99.08,99.55,99.08,99.50,1029
GHE0718,20151028,101.50,101.50,101.50,101.50,2
GHJ0718,20151028,100.60,100.60,100.60,100.60,11
GNB0218,20151028,97.55,97.80,97.55,97.80,41
GNB0221,20151028,90.50,91.35,90.50,91.35,8
GNB0318,20151028,98.20,98.20,98.20,98.20,8
GNB0320,20151028,93.54,93.55,93.54,93.55,150
GNB0418,20151028,97.49,97.49,97.49,97.49,2
GNB0420,20151028,93.50,93.50,93.50,93.50,72
GNB0421,20151028,91.83,91.85,91.83,91.85,150
GNB0620,20151028,92.64,92.64,92.64,92.64,6
GNB0720,20151028,91.90,91.90,91.90,91.90,5
GNB0820,20151028,91.75,91.75,91.75,91.75,17
GNB1019,20151028,96.98,96.98,96.98,96.98,3
GNB1119,20151028,95.50,95.50,95.50,95.50,9
GPW0117,20151028,101.01,101.01,101.01,101.01,9
GTB0617,20151028,93.55,93.55,93.55,93.55,6
INS1017,20151028,100.00,100.00,100.00,100.00,41
IPP0620,20151028,100.45,100.45,100.45,100.45,35
KME0217,20151028,100.00,100.00,100.00,100.00,14
KME0916,20151028,101.50,101.50,101.50,101.50,11
KOS0516,20151028,99.95,99.95,99.94,99.94,53
KRU0620,20151028,100.49,100.49,100.49,100.49,110
KRU1216,20151028,103.11,103.11,103.11,103.11,10
MKR0916,20151028,99.60,99.60,99.60,99.60,1
MRB0717,20151028,91.49,91.50,91.49,91.50,120
MUR0418,20151028,99.90,99.90,99.90,99.90,50
MUR1116,20151028,100.95,100.95,100.95,100.95,17
MWT0416,20151028,99.80,99.80,99.80,99.80,60
MWT0417,20151028,99.90,100.00,99.90,100.00,110
OTS0217,20151028,101.25,101.25,101.25,101.25,1100
PBD0616,20151028,96.00,96.00,96.00,96.00,10
PBS0720,20151028,99.89,99.89,99.89,99.89,153
PCR0416,20151028,100.80,100.80,100.80,100.80,1
PCR0419,20151028,100.80,100.83,100.80,100.80,167
PCR0620,20151028,100.19,100.19,100.00,100.00,111
PCR1019,20151028,100.75,100.80,100.75,100.80,106
PKN0418,20151028,101.55,101.55,101.47,101.47,1100
PKN0420,20151028,107.12,107.12,107.12,107.12,100
PKN0617,20151028,101.44,101.44,101.44,101.44,174
PND0118,20151028,100.50,100.50,100.50,100.50,110
PND0217,20151028,100.50,100.50,100.00,100.00,100
PND0618,20151028,99.94,99.94,99.94,99.94,15
PRC1215,20151028,99.00,99.00,98.99,99.00,14
PRF1216,20151028,100.30,100.30,100.29,100.29,23
PRI1117,20151028,99.99,99.99,99.99,99.99,7
PS0418,20151028,105.10,105.10,105.10,105.10,627
PS0719,20151028,105.00,105.00,105.00,105.00,6500
RON0119,20151028,99.90,100.00,99.90,100.00,110
SMT0917,20151028,101.00,101.00,101.00,101.00,8
SUL0717,20151028,99.10,99.10,99.10,99.10,5
VOL0716,20151028,99.00,99.00,99.00,99.00,10
VOX0716,20151028,99.50,99.50,99.50,99.50,11
VTG0618,20151028,101.25,101.29,101.25,101.29,11
WAW0318,20151028,110.70,110.70,110.70,110.70,10
WLO0516,20151028,40.00,40.00,40.00,40.00,8
WS0922,20151028,121.55,121.55,121.55,121.55,31
WXB0316,20151028,97.99,97.99,97.99,97.99,11
WZ0117,20151028,99.98,99.98,99.98,99.98,39
WZ0119,20151028,99.50,99.50,99.50,99.50,3000
WZ0120,20151028,99.00,99.00,99.00,99.00,1000
WZ0121,20151028,98.53,98.53,98.53,98.53,3000
WZ0124,20151028,96.96,96.96,96.96,96.96,5000
