FACPZ15,20151006,57.00,57.00,54.92,54.92,8,7
FALRZ15,20151006,79.61,80.30,79.61,80.30,3,6
FCDRZ15,20151006,27.01,27.48,26.71,27.48,36,319
FCHF,20151006,390.71,391.10,390.20,390.53,172,2134
FCHFH16,20151006,392.82,392.82,392.82,392.82,1,634
FCHFM16,20151006,395.88,395.88,394.70,394.70,12,259
FCHFWS,20151006,390.71,391.10,390.20,390.53,159,952
FCHFZ15,20151006,390.71,391.10,390.20,390.53,159,952
FEUR,20151006,425.82,426.60,425.60,426.60,328,23001
FEURH16,20151006,426.91,427.72,426.91,427.72,2,10272
FEURM16,20151006,429.85,429.85,428.99,428.99,4,356
FEURWS,20151006,425.82,426.60,425.60,426.60,322,11770
FEURZ15,20151006,425.82,426.60,425.60,426.60,322,11770
FJSWH16,20151006,12.35,12.41,12.35,12.41,6,105
FJSWZ15,20151006,12.30,12.50,11.98,12.10,386,1736
FKGHH16,20151006,82.48,87.26,82.48,87.26,6,50
FKGHM16,20151006,85.22,87.93,85.22,87.93,2,62
FKGHZ15,20151006,83.00,89.11,82.05,87.20,2179,2016
FLTSZ15,20151006,29.28,29.60,29.25,29.60,10,105
FLWBZ15,20151006,59.40,59.40,57.20,57.20,74,91
FOPLZ15,20151006,7.21,7.50,7.18,7.37,92,223
FPEOZ15,20151006,153.55,154.90,153.00,153.15,80,208
FPGEZ15,20151006,13.35,13.49,13.20,13.29,464,1958
FPGNZ15,20151006,6.81,6.92,6.77,6.92,147,497
FPKNH16,20151006,68.00,68.00,68.00,68.00,1,78
FPKNZ15,20151006,68.27,68.27,66.90,67.50,610,1453
FPKOH16,20151006,30.25,30.55,30.25,30.55,3,43
FPKOZ15,20151006,30.25,30.45,29.90,30.10,910,2097
FPZUZ15,20151006,387.60,396.05,387.40,392.80,206,677
FSNSZ15,20151006,3.89,3.89,3.89,3.89,2,2
FTPEZ15,20151006,3.24,3.25,3.15,3.20,190,713
FUSD,20151006,380.17,380.31,378.40,378.40,1678,21975
FUSDH16,20151006,380.50,380.50,380.37,380.37,2,2274
FUSDM16,20151006,381.67,381.67,381.67,381.67,3,77
FUSDU16,20151006,382.27,382.27,381.09,381.09,4,30
FUSDWS,20151006,380.17,380.31,378.40,378.40,1669,19074
FUSDZ15,20151006,380.17,380.31,378.40,378.40,1669,19074
FW20,20151006,2091,2114,2086,2102,17301,52144
FW20H1620,20151006,2101,2120,2098,2108,72,269
FW20M1620,20151006,2093,2103,2093,2103,3,122
FW20U1620,20151006,2064,2080,2063,2074,20,77
FW20WS,20151006,2091,2114,2086,2102,17206,51676
FW20Z1520,20151006,2091,2114,2086,2102,17206,51676
FW40H16,20151006,3599,3599,3599,3599,1,6
FW40Z15,20151006,3552,3607,3543,3587,548,2231
OW20C161900,20151006,248.50,248.50,248.50,248.50,1,2
OW20C162600,20151006,5.10,5.10,5.10,5.10,1,176
OW20C162700,20151006,1.80,1.80,1.80,1.80,1,243
OW20C162900,20151006,0.70,0.70,0.70,0.70,1,166
OW20F162700,20151006,6.25,6.25,6.25,6.25,1,191
OW20J152025,20151006,85.00,85.35,84.80,84.80,5,40
OW20J152050,20151006,57.45,66.15,57.00,57.00,6,72
OW20J152075,20151006,33.00,42.81,33.00,41.50,34,107
OW20J152100,20151006,17.30,28.07,17.30,19.22,64,152
OW20J152125,20151006,14.49,14.49,8.50,9.00,142,178
OW20J152150,20151006,5.15,6.90,4.50,4.70,76,244
OW20J152175,20151006,3.00,3.50,2.10,2.10,44,167
OW20J152200,20151006,2.00,2.00,1.22,1.22,5,121
OW20K152150,20151006,32.00,32.00,32.00,32.00,1,12
OW20L152100,20151006,80.95,87.00,80.95,87.00,8,152
OW20L152150,20151006,61.00,61.00,61.00,61.00,1,71
OW20L152200,20151006,41.50,45.16,38.50,39.70,17,1223
OW20L152250,20151006,30.30,30.30,28.30,28.30,6,42
OW20L152300,20151006,18.20,20.50,18.10,20.50,16,438
OW20L152400,20151006,7.00,7.10,7.00,7.10,11,319
OW20L152450,20151006,4.50,4.50,4.50,4.50,1,74
OW20L152500,20151006,2.20,2.39,2.20,2.30,31,985
OW20O161800,20151006,23.50,24.50,23.50,24.50,3,88
OW20O161900,20151006,39.90,40.00,39.90,40.00,2,134
OW20O162000,20151006,65.00,65.00,63.10,63.10,4,96
OW20U161900,20151006,80.00,80.00,80.00,80.00,1,1
OW20V151900,20151006,1.00,1.00,1.00,1.00,3,324
OW20V151950,20151006,2.21,2.31,2.05,2.05,14,153
OW20V151975,20151006,3.85,4.53,3.27,3.27,70,58
OW20V152000,20151006,6.50,6.99,4.24,5.23,48,140
OW20V152025,20151006,7.70,8.15,6.97,7.00,7,90
OW20V152050,20151006,11.10,12.00,9.46,11.50,58,117
OW20V152075,20151006,21.50,21.50,12.05,12.05,36,57
OW20V152100,20151006,24.00,27.69,18.83,19.90,33,142
OW20V152125,20151006,36.61,36.61,29.91,33.00,31,61
OW20V152150,20151006,53.00,53.00,50.00,50.00,2,38
OW20V152175,20151006,81.60,81.60,70.85,70.85,11,37
OW20W151700,20151006,0.73,0.86,0.68,0.86,33,265
OW20W151800,20151006,3.40,3.40,3.39,3.39,8,50
OW20W152050,20151006,42.00,42.00,42.00,42.00,1,33
OW20X151750,20151006,5.00,5.00,3.40,3.40,6,54
OW20X151800,20151006,9.05,9.05,9.05,9.05,2,229
OW20X151900,20151006,17.11,17.11,17.11,17.11,1,3585
OW20X151950,20151006,28.60,28.60,24.00,24.00,40,62
OW20X152000,20151006,41.70,44.44,37.00,38.00,15,527
OW20X152100,20151006,88.30,88.30,74.65,74.65,9,1132
OW20X152150,20151006,102.00,102.00,102.00,102.00,6,24
OW20X152400,20151006,111.00,111.00,111.00,111.00,1,32
4FUNMEDIA,20151006,4.51,4.51,4.45,4.51,2142
AATHOLD,20151006,23.00,23.00,22.02,22.78,1039
ABCDATA,20151006,3.19,3.20,3.18,3.18,8092
ABMSOLID,20151006,0.58,0.58,0.58,0.58,5127
ABPL,20151006,35.00,35.57,35.00,35.57,2649
ACAUTOGAZ,20151006,29.50,29.50,29.50,29.50,83
ACE,20151006,12.01,12.60,12.01,12.30,15006
ACTION,20151006,27.25,27.25,26.62,27.08,445
AGORA,20151006,11.82,11.92,11.80,11.80,1071
AGROTON,20151006,1.03,1.03,1.00,1.03,9425
ALCHEMIA,20151006,4.83,4.89,4.83,4.84,109333
ALIOR,20151006,78.58,80.55,78.20,80.40,296815
ALMA,20151006,9.95,10.15,9.95,10.00,6354
ALTA,20151006,1.97,1.97,1.84,1.84,4002
ALTUSTFI,20151006,10.31,10.39,10.22,10.39,3218
ALUMETAL,20151006,47.40,47.45,46.87,47.39,2756
AMBRA,20151006,8.71,8.71,8.60,8.71,3796
AMICA,20151006,159.40,159.50,156.05,158.00,1365
AMREST,20151006,170.00,171.00,169.20,169.95,12919
APATOR,20151006,32.32,32.40,31.60,32.40,2444
APLISENS,20151006,12.72,12.72,12.45,12.45,184
ARCTIC,20151006,3.39,3.39,3.20,3.24,53067
ARK2FRN15,20151006,66.44,69.70,66.36,69.70,471
ARTERIA,20151006,14.74,14.77,14.42,14.42,3165
ASBIS,20151006,1.15,1.19,1.13,1.15,255906
ASSECOBS,20151006,14.32,14.80,14.32,14.80,739
ASSECOPOL,20151006,57.40,57.40,54.57,55.16,110883
ASSECOSEE,20151006,9.64,9.64,9.63,9.63,636
ASSECOSLO,20151006,17.53,17.53,17.53,17.53,10
ASTARTA,20151006,28.01,28.50,27.51,28.15,2883
ATAL,20151006,21.70,21.70,21.69,21.69,781
ATENDE,20151006,2.53,2.58,2.53,2.58,11
ATLANTIS,20151006,0.58,0.59,0.56,0.58,42143
ATM,20151006,9.41,9.41,9.40,9.40,81
ATMGRUPA,20151006,3.59,3.59,3.44,3.56,9152
ATREM,20151006,4.75,5.12,4.74,5.12,2831
AVIAAML,20151006,5.72,5.72,5.72,5.72,1
AVIASG,20151006,20.80,20.80,20.80,20.80,1
BALTONA,20151006,8.20,8.20,7.90,7.91,1454
BANKBPH,20151006,37.97,38.08,37.52,38.08,249
BBIDEV,20151006,0.89,0.89,0.87,0.88,25196
BENEFIT,20151006,439.90,439.90,421.00,421.00,286
BEST,20151006,17.01,17.01,17.00,17.00,200
BETACOM,20151006,10.68,10.68,10.64,10.64,305
BGZBNPP,20151006,50.00,50.44,49.00,50.43,543
BIOMEDLUB,20151006,2.87,2.88,2.60,2.85,16693
BIOTON,20151006,10.04,10.05,9.93,10.02,138950
BMPAG,20151006,2.70,2.70,2.70,2.70,2
BOGDANKA,20151006,59.50,59.80,59.06,59.06,58911
BORYSZEW,20151006,5.03,5.03,4.99,5.03,306592
BOS,20151006,21.08,21.60,21.08,21.49,2348
BOWIM,20151006,2.06,2.20,2.05,2.12,55360
BPHFIZSN,20151006,45.00,45.19,45.00,45.00,89
BRASTER,20151006,13.40,13.50,13.20,13.49,2085
BRIJU,20151006,14.70,14.70,13.97,13.97,811
BSCDRUK,20151006,33.60,33.60,33.60,33.60,231
BUDIMEX,20151006,209.60,210.00,208.75,210.00,42631
BUMECH,20151006,0.79,0.83,0.78,0.80,116321
BYTOM,20151006,3.22,3.22,3.15,3.21,54652
BZWBK,20151006,301.15,311.90,301.10,311.40,59097
CALATRAVA,20151006,0.62,0.63,0.59,0.60,53424
CAMMEDIA,20151006,4.76,4.76,4.76,4.76,5
CAPITAL,20151006,2.27,2.27,2.19,2.26,6883
CCC,20151006,162.85,163.00,156.10,157.00,40082
CDPROJEKT,20151006,26.55,27.43,26.55,27.28,300883
CDRL,20151006,17.50,17.89,17.35,17.85,2478
CELTIC,20151006,4.50,4.75,4.30,4.75,2083
CEZ,20151006,76.60,76.60,75.80,75.91,791
CHEMOS,20151006,1.21,1.25,1.21,1.25,218
CIECH,20151006,72.79,72.99,71.57,72.48,12322
CIGAMES,20151006,18.39,18.63,18.35,18.47,8177
CNT,20151006,8.40,8.47,8.40,8.47,1034
COGNOR,20151006,1.24,1.24,1.20,1.22,96556
COLIAN,20151006,4.35,4.38,4.33,4.38,10353
COMARCH,20151006,130.00,131.80,128.10,131.80,28111
COMP,20151006,55.75,55.75,54.00,54.00,1906
CORMAY,20151006,1.81,1.84,1.75,1.79,76779
CORMAY-PDA,20151006,1.75,1.79,1.71,1.75,62442
CPGROUP,20151006,5.82,5.87,5.80,5.87,8312
CUBEITG,20151006,5.22,5.44,5.22,5.44,421
CYFRPLSAT,20151006,24.20,24.53,24.13,24.53,598554
CZTOREBKA,20151006,1.37,1.42,1.34,1.39,61897
DEBICA,20151006,80.38,80.38,79.50,79.50,350
DECORA,20151006,6.58,6.58,6.37,6.46,128
DELKO,20151006,8.15,8.15,8.00,8.00,22
DGA,20151006,5.97,5.97,5.55,5.80,177
DMWDM,20151006,0.35,0.35,0.35,0.35,28175
DOMDEV,20151006,47.43,49.49,47.43,48.02,1495
DROZAPOL,20151006,2.13,2.18,2.13,2.18,2258
DTP,20151006,4.55,4.55,4.55,4.55,1
DUDA,20151006,5.31,5.47,5.31,5.47,13387
DUON,20151006,3.31,3.41,3.31,3.41,286281
ECARD,20151006,3.95,3.95,3.95,3.95,18
ECHO,20151006,6.49,6.75,6.46,6.75,10195
EFEKT,20151006,15.27,15.89,15.25,15.77,352
EKOEXPORT,20151006,14.48,14.50,14.00,14.29,9671
ELBUDOWA,20151006,151.00,151.90,150.10,151.90,656
ELEKTROTI,20151006,17.21,17.24,16.80,16.80,1766
ELEMENTAL,20151006,4.43,4.46,4.38,4.44,82979
ELKOP,20151006,1.34,1.38,1.34,1.38,747
ELZAB,20151006,15.29,15.29,15.29,15.29,5
EMCINSMED,20151006,15.00,15.00,15.00,15.00,1
EMPERIA,20151006,64.11,65.80,64.11,65.80,2914
ENAP,20151006,0.86,0.86,0.86,0.86,1820
ENEA,20151006,13.00,13.11,12.86,12.92,722224
ENERGA,20151006,17.00,17.35,16.78,16.93,762570
ENERGOINS,20151006,9.12,9.32,9.12,9.32,591
ERBUD,20151006,33.03,33.49,33.03,33.49,5109
ERG,20151006,20.11,20.14,20.11,20.14,48
ERGIS,20151006,6.15,6.19,6.10,6.16,4554
ESSYSTEM,20151006,2.94,2.94,2.91,2.94,676
ETFDAX,20151006,402.06,405.00,399.26,405.00,49
ETFSP500,20151006,76.49,76.80,76.49,76.66,219
ETFW20L,20151006,241.40,244.19,241.25,242.80,323
EUCO,20151006,47.53,49.44,47.53,48.00,5130
EUROCASH,20151006,46.90,47.00,45.90,46.35,1263475
EUROTEL,20151006,17.10,17.39,17.10,17.39,367
EVEREST,20151006,2.00,2.00,1.80,1.95,17973
FAMUR,20151006,1.91,1.91,1.89,1.90,2218
FARMACOL,20151006,63.50,64.70,63.50,64.50,6839
FASING,20151006,17.50,17.50,17.50,17.50,63
FASTFIN,20151006,0.55,0.67,0.55,0.67,22083
FEERUM,20151006,21.80,21.80,21.79,21.79,11
FERRO,20151006,10.74,10.87,10.74,10.87,918
FERRUM,20151006,5.05,5.05,4.95,4.99,1011
FON,20151006,0.58,0.59,0.56,0.59,3812
FORTE,20151006,51.50,52.70,51.00,52.65,6813
FORTUNA,20151006,11.53,11.53,11.28,11.28,33
FOTA,20151006,0.63,0.69,0.62,0.66,188719
GETIN,20151006,1.47,1.53,1.47,1.50,537648
GETINOBLE,20151006,0.92,0.95,0.91,0.92,9822534
GINOROSSI,20151006,2.83,2.83,2.68,2.68,13657
GLCOSMED,20151006,4.53,4.56,4.53,4.56,701
GORENJE,20151006,21.20,21.20,21.20,21.20,112
GPW,20151006,41.60,41.99,40.23,40.55,44673
GRAAL,20151006,31.10,31.48,30.80,31.38,3170
GRAJEWO,20151006,23.78,24.10,23.78,23.85,720
GREMMEDIA,20151006,1.77,1.84,1.72,1.81,26256
GROCLIN,20151006,14.08,14.08,13.66,14.00,13538
GRUPAAZOTY,20151006,90.50,91.40,89.76,91.20,34249
GTC,20151006,6.45,6.45,6.30,6.45,125230
HANDLOWY,20151006,80.30,81.64,80.30,81.64,29491
HARPER,20151006,1.86,1.86,1.84,1.86,5169
HAWE,20151006,1.15,1.17,1.04,1.05,6771611
HELIO,20151006,4.08,4.08,4.08,4.08,5
HERKULES,20151006,4.25,4.29,4.22,4.25,16030
HUBSTYLE,20151006,0.91,0.91,0.91,0.91,5
HYDROTOR,20151006,37.48,38.11,37.25,37.95,2295
HYPERION,20151006,3.44,3.44,3.44,3.44,123
IDEABANK,20151006,25.27,25.63,25.27,25.63,1017
IFCAPITAL,20151006,1.13,1.25,1.13,1.25,20
IFSA,20151006,0.51,0.53,0.50,0.53,9941
IIAAV,20151006,9.06,9.45,9.04,9.43,162668
IMCOMPANY,20151006,5.20,5.43,5.20,5.43,950
IMMOBILE,20151006,2.31,2.40,2.31,2.39,2088
IMPEL,20151006,27.99,27.99,27.76,27.76,31
IMPERA,20151006,1.52,1.52,1.52,1.52,30
IMPEXMET,20151006,2.58,2.65,2.58,2.65,21482
IMS,20151006,2.10,2.27,2.10,2.27,15
INC,20151006,2.15,2.15,2.10,2.15,453
INDATA,20151006,0.77,0.84,0.76,0.84,140934
INDYGO,20151006,1.06,1.07,0.97,1.00,4108752
INDYKPOL,20151006,95.00,95.89,94.30,94.70,537
INGBSK,20151006,120.75,123.00,120.00,123.00,9648
INPRO,20151006,3.52,3.68,3.52,3.68,691
INSTALKRK,20151006,10.88,10.88,10.72,10.74,5305
INTEGERPL,20151006,123.80,123.80,119.50,121.00,1136
INTERAOLT,20151006,18.00,18.28,18.00,18.28,795
INTERBUD,20151006,2.21,2.30,2.18,2.20,17306
INTERCARS,20151006,231.95,235.00,231.40,234.90,2119
INTERSPPL,20151006,1.83,2.17,1.83,2.10,60143
INTROL,20151006,9.85,9.85,9.85,9.85,29
INVISTA,20151006,2.13,2.15,2.13,2.15,6716
INVPEFIZ,20151006,910.00,917.00,900.00,900.00,40
IPERMFIZ,20151006,62.00,62.00,62.00,62.00,50
IPOPEMA,20151006,3.08,3.08,2.93,2.95,1250
IQP,20151006,0.84,0.84,0.84,0.84,50
IVMX,20151006,5.94,5.95,5.94,5.94,1895
IZOBLOK,20151006,105.90,108.70,105.90,108.60,36
IZOLACJA,20151006,1.07,1.07,1.07,1.07,1
IZOSTAL,20151006,4.31,4.37,4.31,4.37,1000
JHMDEV,20151006,1.52,1.52,1.48,1.49,4896
JSW,20151006,12.22,12.55,11.92,12.00,323676
JWCONSTR,20151006,4.60,4.80,4.60,4.70,59394
K2INTERNT,20151006,11.81,11.81,11.50,11.80,7178
KANIA,20151006,2.86,2.91,2.86,2.87,31438
KBCASFIZ,20151006,94.00,97.00,92.21,97.00,801
KBDOM,20151006,2.89,2.90,2.89,2.89,664
KERDOS,20151006,0.55,0.56,0.53,0.54,1458113
KERNEL,20151006,44.09,46.83,43.86,46.42,321867
KETY,20151006,295.00,295.75,294.00,295.35,2974
KGHM,20151006,83.30,89.10,81.90,87.20,1656991
KOGENERA,20151006,71.99,71.99,70.05,71.86,907
KOMPUTRON,20151006,8.20,8.80,8.20,8.52,24824
KONSSTALI,20151006,34.49,34.49,33.20,33.50,339
KOPEX,20151006,5.74,5.74,5.65,5.66,1567
KRAKCHEM,20151006,4.25,4.25,4.07,4.07,2317
KREC,20151006,7.14,7.19,7.14,7.19,732
KREDYTIN,20151006,26.99,28.45,26.80,28.45,2474
KREZUS,20151006,4.15,4.15,4.04,4.14,3715
KRUK,20151006,173.30,174.25,173.00,174.00,7381
KRUSZWICA,20151006,54.31,54.31,52.60,52.60,146
KSGAGRO,20151006,1.01,1.01,0.95,0.99,6176
LCCORP,20151006,1.86,1.91,1.86,1.90,78121
LENA,20151006,4.35,4.40,4.35,4.40,5275
LENTEX,20151006,8.85,8.92,8.84,8.89,18949
LIBET,20151006,2.51,2.51,2.50,2.51,65
LIVECHAT,20151006,34.15,34.95,33.99,34.90,13555
LOTOS,20151006,29.38,29.64,29.21,29.64,101746
LPP,20151006,7300.20,7590.00,7205.05,7461.65,2131
LSISOFT,20151006,4.50,4.50,4.50,4.50,1
LUBAWA,20151006,1.06,1.08,1.05,1.07,92532
MABION,20151006,48.99,48.99,48.00,48.00,1639
MAGELLAN,20151006,55.49,55.49,54.49,55.00,2387
MAKARONPL,20151006,5.80,5.80,5.68,5.79,1149
MARVIPOL,20151006,6.96,7.05,6.94,7.05,4782
MBANK,20151006,367.85,379.75,366.00,376.95,30889
MCI,20151006,11.51,11.58,11.50,11.56,4583
MEDIATEL,20151006,1.02,1.03,0.98,1.03,1109
MEDICALG,20151006,199.10,202.50,199.10,202.50,3986
MENNICA,20151006,13.21,13.21,13.02,13.02,225
MERCATOR,20151006,17.67,18.20,17.65,18.20,1590
MERCOR,20151006,10.00,10.00,10.00,10.00,51
MEXPOLSKA,20151006,4.30,4.47,4.20,4.20,18716
MFO,20151006,12.10,12.10,12.10,12.10,1
MIDAS,20151006,0.60,0.61,0.60,0.61,1228642
MILKILAND,20151006,1.01,1.02,0.97,1.02,7910
MILLENNIUM,20151006,5.97,6.32,5.95,6.30,1310017
MIRACULUM,20151006,2.78,2.78,2.63,2.72,4120
MIRBUD,20151006,1.14,1.14,1.12,1.12,67621
MLPGROUP,20151006,35.69,35.69,35.69,35.69,51
MNI,20151006,0.91,0.93,0.91,0.91,3565
MOJ,20151006,1.08,1.08,1.08,1.08,10
MOL,20151006,173.10,173.10,172.60,173.00,818
MONNARI,20151006,16.97,16.98,16.76,16.93,28650
MOSTALPLC,20151006,15.29,15.29,15.29,15.29,1
MOSTALWAR,20151006,13.25,13.97,13.25,13.86,29437
MOSTALZAB,20151006,1.84,1.84,1.82,1.84,20057
MUZA,20151006,3.14,3.14,3.14,3.14,4
MWTRADE,20151006,16.00,16.00,15.95,15.95,41183
NETIA,20151006,5.56,5.74,5.45,5.74,130259
NETMEDIA,20151006,5.78,5.78,5.45,5.47,23094
NEUCA,20151006,348.40,349.50,348.35,348.95,1997
NEWAG,20151006,15.80,15.80,15.70,15.80,3831
NFIEMF,20151006,2.96,2.96,2.70,2.72,88
NOVITA,20151006,51.10,51.10,51.10,51.10,65
NOWAGALA,20151006,1.25,1.27,1.25,1.27,125
NTTSYSTEM,20151006,2.39,2.43,2.32,2.43,22049
ODLEWNIE,20151006,2.31,2.31,2.31,2.31,250
OPENFIN,20151006,4.21,4.21,4.00,4.18,5922
OPONEO.PL,20151006,19.40,19.40,19.40,19.40,250
OPTEAM,20151006,9.05,9.84,9.05,9.40,24026
ORANGEPL,20151006,7.20,7.54,7.15,7.44,3218798
ORBIS,20151006,58.50,60.00,57.71,60.00,3134
ORCOGROUP,20151006,0.96,0.97,0.95,0.95,1790
ORZBIALY,20151006,6.91,6.91,6.91,6.91,1184
OTLOG,20151006,238.00,238.00,238.00,238.00,20
OTMUCHOW,20151006,6.40,6.40,6.40,6.40,710
OVOSTAR,20151006,87.00,87.00,87.00,87.00,35
PAGED,20151006,54.20,54.88,53.75,54.87,642
PAMAPOL,20151006,1.26,1.32,1.26,1.32,41541
PBG,20151006,2.53,2.58,2.50,2.55,20027
PCCEXOL,20151006,3.20,3.20,3.19,3.19,91
PCCINTER,20151006,2.10,2.10,2.08,2.09,1196
PCCROKITA,20151006,38.64,38.64,38.10,38.40,444
PCM,20151006,41.00,42.75,41.00,42.75,1216
PEGAS,20151006,139.00,139.00,137.85,137.85,247
PEKABEX,20151006,10.50,10.79,10.37,10.75,38958
PEKAES,20151006,12.35,12.41,12.05,12.37,646
PEKAO,20151006,153.75,154.75,152.60,153.35,356719
PELION,20151006,64.26,66.35,64.26,66.10,3922
PEP,20151006,25.20,25.65,24.25,25.28,11531
PEPEES,20151006,0.54,0.54,0.54,0.54,10
PGE,20151006,13.38,13.46,13.17,13.25,5548160
PGNIG,20151006,6.87,6.93,6.80,6.90,5241507
PGODLEW,20151006,4.95,4.95,4.95,4.95,20
PHN,20151006,18.99,18.99,18.65,18.86,1003
PKNORLEN,20151006,68.15,68.15,66.82,67.67,1092215
PKOBP,20151006,29.90,30.46,29.80,30.04,2721818
PKOGS,20151006,100.50,101.48,100.23,101.48,2745
PKOSO,20151006,99.00,99.00,98.80,98.80,721
PKPCARGO,20151006,65.90,66.75,65.02,66.75,5917
PLASTBOX,20151006,2.28,2.28,2.20,2.25,5014
PLATYNINW,20151006,3.14,3.32,2.86,3.00,1156
PMPG,20151006,1.46,1.46,1.46,1.46,6005
POLICE,20151006,24.50,24.50,24.50,24.50,29
POLMED,20151006,3.08,3.18,3.07,3.18,15024
POLNA,20151006,23.40,23.40,22.87,23.00,274
POLNORD,20151006,12.10,12.25,12.00,12.10,86542
POLWAX,20151006,15.60,15.99,15.40,15.98,2077
POZBUD,20151006,5.39,5.39,5.39,5.39,127
PRAGMAFA,20151006,12.71,12.71,12.71,12.71,24
PRAGMAINK,20151006,12.05,12.05,12.05,12.05,37
PRAIRIE,20151006,1.74,2.04,1.70,1.70,177333
PRESCO,20151006,5.29,5.29,5.27,5.27,355
PROCAD,20151006,1.63,1.63,1.63,1.63,100
PROCHEM,20151006,16.69,16.90,16.46,16.75,12280
PROCHNIK,20151006,1.18,1.18,1.13,1.16,126113
PROJPRZEM,20151006,7.29,7.29,7.02,7.29,1359
PROVIDENT,20151006,24.00,24.45,24.00,24.45,3777
PSG,20151006,0.66,0.66,0.65,0.65,5005
PTI,20151006,0.36,0.48,0.36,0.48,826132
PULAWY,20151006,169.20,169.50,167.30,167.30,343
PWRMEDIA,20151006,1.30,1.30,1.30,1.30,10
PZU,20151006,388.00,396.70,386.75,392.20,211016
QUANTUM,20151006,6.70,6.70,6.70,6.70,450
QUERCUS,20151006,6.01,6.34,6.00,6.29,22451
RADPOL,20151006,6.30,6.69,6.30,6.50,5955
RAFAKO,20151006,6.61,6.75,6.61,6.75,12824
RAINBOW,20151006,23.50,23.69,23.29,23.60,51006
RANKPROGR,20151006,1.79,1.79,1.64,1.69,23062
RAWLPLUG,20151006,8.37,8.37,8.20,8.35,7694
RC6OGAOPEN,20151006,118.18,118.18,118.18,118.18,20
RCCRUAOPEN,20151006,9.45,9.74,9.43,9.74,24440
RCGESX10119,20151006,987.16,987.16,987.16,987.16,60
RCLNAGOPEN,20151006,6.81,6.81,6.73,6.73,5220
RCSDAXOPEN,20151006,140.19,140.19,140.19,140.19,10
RCSDGP0717,20151006,1079.12,1079.12,1079.12,1079.12,20
RCSFW2OPEN,20151006,108.59,108.59,108.59,108.59,30
RCSILAOPEN,20151006,59.16,60.57,59.03,60.50,792
RCSUGAOPEN,20151006,3.49,3.49,3.49,3.49,857
RCTWW20002,20151006,1119.80,1119.80,1119.80,1119.80,200
RCWHTAOPEN,20151006,8.60,8.60,8.60,8.60,100
REDAN,20151006,2.42,2.42,2.35,2.40,1037
REDWOOD,20151006,5.94,6.00,5.93,6.00,1110
REINHOLD,20151006,0.61,0.61,0.55,0.55,8040
RELPOL,20151006,6.65,6.65,6.37,6.55,3673
REMAK,20151006,18.00,18.00,18.00,18.00,1
RESBUD,20151006,1.38,1.38,1.30,1.31,6425
ROBYG,20151006,2.42,2.48,2.42,2.46,113343
RONSON,20151006,1.28,1.38,1.25,1.38,30599
ROPCZYCE,20151006,21.20,21.20,20.40,20.40,2659
RUBICON,20151006,1.20,1.20,1.20,1.20,14
SANOK,20151006,53.60,55.00,53.60,55.00,11429
SANTANDER,20151006,21.25,21.25,21.25,21.25,388
SCOPAK,20151006,3.81,3.81,3.72,3.80,403
SECOGROUP,20151006,20.64,20.64,20.22,20.50,235
SELENAFM,20151006,18.58,18.90,18.58,18.90,1588
SELVITA,20151006,20.90,21.01,20.69,20.70,3611
SERINUS,20151006,2.02,2.17,2.02,2.04,67951
SFINKS,20151006,3.57,3.57,3.48,3.55,13977
SILVANO,20151006,5.28,5.28,5.28,5.28,1187
SIMPLE,20151006,8.56,8.56,8.20,8.50,2014
SKARBIEC,20151006,33.66,33.66,33.33,33.50,3604
SKOK,20151006,1.59,1.59,1.59,1.59,45
SKOTAN,20151006,0.49,0.50,0.48,0.48,335079
SMT,20151006,17.76,17.77,17.76,17.77,152
SNIEZKA,20151006,55.00,55.00,52.11,53.10,296
SOBIESKI,20151006,76.60,76.99,75.68,76.99,132
SOHODEV,20151006,1.18,1.20,1.18,1.20,313
SOLAR,20151006,1.43,1.69,1.41,1.65,332603
SONEL,20151006,12.00,12.00,12.00,12.00,15
STALEXP,20151006,3.28,3.28,3.26,3.28,66705
STALPROD,20151006,285.60,300.00,285.00,299.00,1602
STALPROFI,20151006,11.81,12.00,11.61,11.61,815
STAPORKOW,20151006,4.67,4.80,4.60,4.70,4549
STARHEDGE,20151006,0.60,0.66,0.60,0.66,24010
SUNEX,20151006,0.17,0.17,0.15,0.17,135671
SUWARY,20151006,10.80,10.83,10.80,10.80,265
SWISSMED,20151006,1.90,1.99,1.90,1.99,4580
SYGNITY,20151006,8.85,8.88,8.85,8.88,700
SYNEKTIK,20151006,16.30,16.30,15.80,16.19,811
SYNTHOS,20151006,3.90,3.90,3.83,3.85,936411
TALEX,20151006,18.15,18.15,18.14,18.14,205
TARCZYNSKI,20151006,13.50,13.80,13.42,13.80,2581
TATRY,20151006,96.00,96.00,96.00,96.00,25
TAURONPE,20151006,3.24,3.24,3.14,3.19,3158836
TELL,20151006,11.85,11.85,11.63,11.64,2292
TERESA,20151006,15.30,15.34,15.30,15.34,1200
TERMOREX,20151006,2.60,2.60,2.60,2.60,5
TESGAS,20151006,3.40,3.40,3.40,3.40,5
TFONE,20151006,2.92,3.05,2.92,2.93,15986
TIM,20151006,8.62,8.75,8.58,8.68,1370
TORPOL,20151006,10.95,11.15,10.95,10.97,6390
TOYA,20151006,5.13,5.13,5.13,5.13,22
TRAKCJA,20151006,8.95,9.19,8.90,9.19,127187
TRANSPOL,20151006,3.00,3.00,3.00,3.00,2000
TRIGONPP,20151006,112.73,112.73,112.73,112.73,50
TRITON,20151006,2.09,2.09,2.00,2.00,325
ULMA,20151006,78.50,78.50,78.50,78.50,1
UNIBEP,20151006,10.60,11.66,10.60,11.51,5711
UNICREDIT,20151006,24.91,24.91,24.91,24.91,500
UNIMA,20151006,1.65,1.77,1.65,1.77,5867
UNIWHEELS,20151006,118.00,118.00,117.00,118.00,71
URSUS,20151006,2.96,2.97,2.93,2.93,60408
VANTAGE,20151006,2.45,2.50,2.40,2.50,27361
VARIANT,20151006,1.69,1.69,1.62,1.69,124
VIGOSYS,20151006,245.00,250.00,243.00,246.00,220
VINDEXUS,20151006,5.80,5.89,5.70,5.80,77143
VISTAL,20151006,11.00,11.08,10.90,11.08,1369
VISTULA,20151006,2.87,2.89,2.84,2.89,138340
VOTUM,20151006,17.17,17.17,17.00,17.16,409
VOXEL,20151006,16.60,16.78,16.00,16.50,2099
WADEX,20151006,4.41,4.41,4.40,4.41,375
WARIMPEX,20151006,2.79,3.09,2.79,3.09,847
WASKO,20151006,1.82,1.84,1.80,1.84,13121
WAWEL,20151006,1240.10,1289.50,1239.95,1289.50,125
WDX,20151006,5.59,5.59,5.25,5.47,1919
WIELTON,20151006,7.37,7.55,7.36,7.50,86321
WIKANA,20151006,1.09,1.19,1.09,1.19,6313
WILBO,20151006,1.09,1.09,1.06,1.09,1416
WINDMOBIL,20151006,7.94,7.96,7.94,7.96,2884
WINVEST,20151006,3.90,3.90,3.74,3.86,40
WIRTUALNA,20151006,39.75,39.75,39.39,39.74,6276
WOJAS,20151006,6.25,6.64,6.25,6.40,551
WORKSERV,20151006,16.17,16.20,16.00,16.20,13773
YAWAL,20151006,6.41,6.50,6.41,6.50,210
ZAMET,20151006,1.68,2.01,1.68,1.98,1900475
ZASTAL,20151006,0.58,0.58,0.57,0.58,12737
ZEPAK,20151006,13.90,13.92,13.71,13.89,12967
ZETKAMA,20151006,89.98,90.00,88.88,89.10,81
ZPUE,20151006,356.00,356.00,356.00,356.00,1
ZUE,20151006,7.32,7.62,7.32,7.62,83
ZYWIEC,20151006,394.00,395.00,394.00,395.00,124
INVESTORMS,20151006,3690.50,3704.16,3690.50,3704.16,173758.925
MWIG40,20151006,3616.41,3661.28,3610.73,3661.28,98457.095
NCINDEX30,20151006,990.73,999.18,987.23,992.47,1952.537
RESPECT,20151006,2557.50,2595.47,2549.36,2595.47,509375.501
SWIG80,20151006,13288.21,13330.77,13282.75,13330.77,13347.235
WIG,20151006,50307.94,50762.75,50198.55,50733.51,886343.367
WIG-BANKI,20151006,6726.68,6743.84,6726.68,6743.84,211790.865
WIG-BUDOW,20151006,3045.42,3054.44,3045.42,3054.44,11863.377
WIG-CEE,20151006,720.86,723.50,720.86,723.50,14977.011
WIG-CHEMIA,20151006,15031.56,15100.91,15031.56,15100.91,7696.796
WIG-DEWEL,20151006,1410.36,1427.64,1410.36,1427.64,4493.728
WIG-ENERG,20151006,3242.61,3242.61,3218.96,3234.96,106390.456
WIG-INFO,20151006,1667.71,1667.71,1650.85,1650.85,19976.637
WIG-MEDIA,20151006,4420.10,4462.10,4420.10,4462.10,14963.949
WIG-PALIWA,20151006,4871.36,4875.85,4838.47,4875.85,113911.107
WIG-POLAND,20151006,51737.62,51926.62,51726.78,51926.62,869060.447
WIG-SPOZYW,20151006,3410.50,3465.50,3410.50,3465.50,15382.455
WIG-SUROWC,20151006,2674.50,2756.33,2674.50,2756.33,149540.171
WIG-TELKOM,20151006,880.12,903.16,878.70,903.16,32577.312
WIG-UKRAIN,20151006,340.25,345.69,340.25,345.69,14715.148
WIG20,20151006,2089.63,2109.58,2079.12,2102.87,756624.051
WIG20LEV,20151006,641.88,654.13,635.42,650.01,756624.051
WIG20SHORT,20151006,3763.99,3782.94,3728.01,3740.11,756624.051
WIG20TR,20151006,3446.62,3454.68,3445.15,3454.68,756624.051
WIG30,20151006,2307.09,2331.61,2298.91,2325.88,793945.407
WIG30TR,20151006,3764.72,3777.42,3764.72,3777.42,793945.407
WIGDIV,20151006,1068.33,1078.35,1064.36,1077.99,551409.294
06MAGNA,20151006,1.85,1.95,1.85,1.95,27
08OCTAVA,20151006,1.37,1.37,1.36,1.36,3035
ADVADIS,20151006,0.01,0.01,0.01,0.01,2000
AMPLI,20151006,0.25,0.25,0.25,0.25,756
CASHFLOW,20151006,0.14,0.14,0.14,0.14,5625
CCENERGY,20151006,0.06,0.06,0.06,0.06,42737
CFI,20151006,9.89,9.89,9.89,9.89,25
COALENERG,20151006,0.69,0.70,0.69,0.70,9530
COMPERIA,20151006,19.08,19.08,19.08,19.08,38
DREWEX,20151006,0.88,0.88,0.88,0.88,1325
DROP,20151006,1.25,1.25,1.25,1.25,230
EFH,20151006,0.04,0.05,0.04,0.05,340292
EKANCELAR,20151006,0.03,0.03,0.03,0.03,65327
FAM,20151006,1.50,1.50,1.49,1.49,131608
HUTMEN,20151006,5.04,5.04,5.04,5.04,1300
IDEON,20151006,0.01,0.01,0.01,0.01,5700
KCI,20151006,0.03,0.03,0.03,0.03,75000
KDMSHIPNG,20151006,2.49,2.49,2.49,2.49,116
KOMPAP,20151006,8.50,8.50,8.50,8.50,100
MIT,20151006,0.14,0.14,0.14,0.14,19000
NEWWORLDR,20151006,0.03,0.03,0.03,0.03,99976
PEMUG,20151006,0.48,0.48,0.48,0.48,672
PETROLINV,20151006,0.17,0.17,0.16,0.16,386229
PLAZACNTR,20151006,0.12,0.12,0.12,0.12,50337
POLCOLORIT,20151006,1.05,1.05,1.05,1.05,641
REGNON,20151006,0.90,1.00,0.90,1.00,1954
ROVESE,20151006,1.37,1.39,1.37,1.39,2855
SANWIL,20151006,0.83,0.83,0.83,0.83,250
SKYLINE,20151006,0.47,0.48,0.47,0.48,5992
SKYSTONE,20151006,3.35,3.35,3.35,3.35,13
WISTIL,20151006,45.90,45.90,45.90,45.90,2
ZREMB,20151006,1.30,1.30,1.19,1.19,38287
01CYBATON,20151006,2.75,2.75,2.67,2.71,13006
11BIT,20151006,65.50,66.39,63.20,66.39,4403
2CPARTNER,20151006,0.62,0.62,0.62,0.62,1
2INTELLECT,20151006,0.42,0.42,0.42,0.42,5160
5THAVENUE,20151006,1.31,1.31,1.30,1.30,483
ABPOL,20151006,0.26,0.31,0.26,0.31,285150
ABSINVEST,20151006,1.74,1.74,1.69,1.73,4120
ADFORM,20151006,8.50,8.50,8.50,8.50,5
ADIUVO,20151006,24.20,24.20,24.15,24.15,3579
ADMASSIVE,20151006,0.37,0.37,0.37,0.37,50
ADMIRAL,20151006,0.27,0.27,0.27,0.27,1
AEDES,20151006,0.98,1.06,0.90,1.06,4110
AERFINANC,20151006,0.44,0.44,0.44,0.44,30
AFHOL,20151006,1.80,1.80,1.80,1.80,278
AGROLIGA,20151006,13.10,13.10,13.10,13.10,30
AGROMA,20151006,0.03,0.03,0.03,0.03,35327
AGROTOUR,20151006,0.38,0.38,0.38,0.38,50
AIRWAY,20151006,1.45,1.45,1.42,1.44,2629
ALDA,20151006,1.50,1.50,1.50,1.50,2
ALFASTAR,20151006,0.16,0.19,0.16,0.19,1220
ALUMAST,20151006,0.98,0.98,0.97,0.97,2531
APANET,20151006,5.20,5.50,5.05,5.50,2571
APS,20151006,2.91,2.91,2.91,2.91,2
APSENERGY,20151006,4.60,4.60,4.60,4.60,2
ARI,20151006,0.34,0.36,0.34,0.36,70530
ARRINERA,20151006,8.78,8.78,8.78,8.78,1
ARTNEWMED,20151006,0.03,0.03,0.03,0.03,500
ARTNEWS,20151006,1.75,1.75,1.68,1.68,625
ARTP,20151006,0.10,0.10,0.10,0.10,100
ASMGROUP,20151006,2.16,2.16,2.16,2.16,245
ASTRO,20151006,1.87,2.00,1.87,2.00,127
ATCCARGO,20151006,2.57,2.57,2.51,2.51,1000
ATONHT,20151006,0.18,0.18,0.17,0.17,76
AUTOSPA,20151006,2.65,2.65,2.50,2.50,820
AZTEC,20151006,2.87,2.87,2.70,2.80,35
B2BPARTNER,20151006,0.13,0.15,0.13,0.15,35850
BALTICINV,20151006,0.97,0.98,0.88,0.93,238191
BALTICON,20151006,15.00,15.00,15.00,15.00,39
BBCONSULT,20151006,3.59,3.59,3.59,3.59,10
BGE,20151006,0.24,0.24,0.24,0.24,200
BINARY,20151006,0.20,0.21,0.20,0.21,2520
BIOERG,20151006,0.24,0.24,0.24,0.24,100
BIOGENED,20151006,11.90,11.90,11.90,11.90,1
BIOMASS,20151006,1.71,1.71,1.63,1.70,1475
BIOMAX,20151006,0.16,0.16,0.15,0.16,35777
BIOMAXIMA,20151006,3.76,3.98,3.76,3.76,75
BIOPLANET,20151006,12.00,12.00,12.00,12.00,500
BLACKPOIN,20151006,0.45,0.45,0.41,0.43,6602
BLIRT,20151006,1.86,1.86,1.86,1.86,101
BLOOBER,20151006,39.00,39.39,38.20,38.76,5766
BLUMERANG,20151006,0.99,1.10,0.99,1.10,29990
BOMEDIA,20151006,0.86,0.86,0.86,0.86,1250
BOOMERANG,20151006,0.29,0.29,0.29,0.29,49170
BORUTA,20151006,0.24,0.24,0.23,0.24,472549
BPC,20151006,0.41,0.41,0.41,0.41,30
BPX,20151006,2.24,2.27,2.24,2.27,400
BROADGATE,20151006,0.82,0.82,0.82,0.82,6
BVT,20151006,1.61,1.61,1.51,1.60,17829
CCTOOLS,20151006,0.29,0.29,0.21,0.21,34080
CDE,20151006,0.11,0.13,0.11,0.13,55847
CFBPS,20151006,6.29,6.29,6.29,6.29,1
CLOUD,20151006,94.00,94.00,94.00,94.00,2
COLUMBUS,20151006,0.23,0.24,0.23,0.24,34921
COMECO,20151006,0.37,0.37,0.37,0.37,30
COMPRESS,20151006,0.13,0.16,0.13,0.16,240
CORELENS,20151006,0.72,0.72,0.67,0.67,1120
CSY,20151006,3.70,3.70,3.70,3.70,2
CWPE,20151006,0.15,0.15,0.15,0.15,200
DASE,20151006,0.44,0.44,0.44,0.44,30
DEKTRA,20151006,9.40,9.40,9.40,9.40,2
DENTAMDC,20151006,0.01,0.01,0.01,0.01,300
DOMLEK,20151006,17.70,17.70,17.70,17.70,1
EASTSIDE,20151006,1.69,1.69,1.55,1.55,2001
EBC,20151006,0.91,0.95,0.91,0.94,1745
EC2,20151006,1.11,1.15,0.98,1.13,18573
ECERAMICS,20151006,0.01,0.01,0.01,0.01,6006375
ECOTECH,20151006,1.15,1.15,1.15,1.15,10
EDISON,20151006,1.36,1.36,1.36,1.36,100
EFENERGII,20151006,1.32,1.32,1.32,1.32,100
EFICOM,20151006,0.71,0.71,0.71,0.71,100
EFIXDM,20151006,14.09,14.09,14.09,14.09,1
EKIOSK,20151006,0.79,0.79,0.68,0.68,1880
EKOPOL,20151006,3.06,3.06,3.05,3.05,1063
EMMERSON,20151006,0.04,0.05,0.04,0.05,96322
EMUZYKA,20151006,2.21,2.22,2.21,2.22,3200
EONET,20151006,5.43,5.43,5.43,5.43,1
EPIGON,20151006,0.16,0.17,0.16,0.17,1500
EQUITIER,20151006,1.54,1.54,1.54,1.54,10
ERNE,20151006,4.14,4.19,3.95,4.12,47603
ERS,20151006,0.30,0.30,0.30,0.30,50
ESKIMOS,20151006,0.30,0.30,0.30,0.30,500
EUROCENT,20151006,9.78,10.00,9.71,9.99,624
EUROTAX,20151006,2.70,2.70,2.70,2.70,1
EXAMOBILE,20151006,2.40,2.40,2.40,2.40,10
EXCELLENC,20151006,1.50,1.50,1.50,1.50,10
EZO,20151006,5.15,5.40,5.15,5.40,1162
FABRYKAKD,20151006,2.17,2.17,1.75,2.01,1557
FACHOWCY,20151006,0.18,0.18,0.17,0.17,20806
FARM51,20151006,10.97,11.34,10.80,10.82,13703
FITEN,20151006,1.60,1.60,1.60,1.60,105
FLUID,20151006,0.91,0.93,0.91,0.93,57435
FLYPL,20151006,0.09,0.11,0.08,0.10,11324801
FOREVEREN,20151006,0.56,0.59,0.55,0.59,31661
FORPOSTA,20151006,1.01,1.01,1.01,1.01,5
FUTURIS,20151006,0.94,0.94,0.94,0.94,59
GALVO,20151006,1.57,1.57,1.51,1.54,1520
GCINVEST,20151006,0.36,0.51,0.36,0.51,165866
GENRG,20151006,0.10,0.10,0.09,0.10,77111
GEOTRANS,20151006,8.80,9.70,7.05,7.50,52642
GOLAB,20151006,0.35,0.35,0.35,0.35,1444
GOTFI,20151006,7.92,7.92,7.92,7.92,70
GPPI,20151006,0.17,0.17,0.17,0.17,2306
GRAPHIC,20151006,0.21,0.21,0.20,0.20,400
GREMPCO,20151006,0.15,0.15,0.14,0.14,400
GRODNO,20151006,5.35,5.45,5.35,5.45,2683
GRUPAEMM,20151006,0.21,0.21,0.21,0.21,10
GRUPAHRC,20151006,2.86,2.86,2.86,2.86,20
GRUPAREC,20151006,11.85,13.19,11.75,11.75,174
GWARANT,20151006,3.15,3.15,3.15,3.15,500
HAMBURGER,20151006,1.17,1.17,1.06,1.06,1020
HETAN,20151006,0.70,0.80,0.70,0.80,2836
HOLLYWOOD,20151006,5.00,5.00,5.00,5.00,100
HORTICO,20151006,3.17,3.17,3.17,3.17,300
HYDROPHI,20151006,0.20,0.20,0.20,0.20,1100
I3D,20151006,0.73,0.73,0.73,0.73,20
IAI,20151006,5.49,5.70,5.40,5.40,980
IFM,20151006,0.53,0.54,0.53,0.54,50
IGORIA,20151006,0.80,0.80,0.80,0.80,441
IMAGIS,20151006,0.28,0.33,0.28,0.28,6301
INCANA,20151006,0.67,0.67,0.67,0.67,15
INDEXMEDI,20151006,2.45,2.45,2.45,2.45,20
INFOSCAN,20151006,4.50,4.50,4.50,4.50,15
INFOSYS,20151006,0.83,0.83,0.80,0.80,2146
INFRA,20151006,0.67,0.71,0.66,0.70,12503
INNOGENE,20151006,9.30,9.56,9.30,9.50,1483
INVENTI,20151006,2.09,2.11,2.09,2.10,485
INVESTEKO,20151006,1.80,1.80,1.80,1.80,20
INWESTPL,20151006,0.33,0.33,0.32,0.32,3025
IPODS,20151006,0.24,0.24,0.24,0.24,270
IPOSA,20151006,0.07,0.07,0.07,0.07,620
JANTAR,20151006,0.72,0.72,0.72,0.72,15
JRHOLDING,20151006,0.47,0.50,0.47,0.50,3690
JUJUBEE-PDA,20151006,3.80,3.80,3.55,3.60,6015
KANCELWEC,20151006,0.38,0.43,0.38,0.43,1663
KBJ,20151006,5.49,5.49,5.49,5.49,174
KKHERBAL,20151006,0.22,0.24,0.22,0.23,5590
KLASZTORNE,20151006,0.07,0.07,0.06,0.07,51080
KLEBAINV,20151006,4.08,4.08,4.08,4.08,2
KORBANK,20151006,1.69,1.69,1.69,1.69,100
KUPIEC,20151006,2.69,2.69,2.55,2.68,1187
LABOPRINT,20151006,15.60,15.60,15.60,15.60,4
LANGLOO,20151006,0.06,0.06,0.06,0.06,1000
LAURENPES,20151006,0.04,0.04,0.04,0.04,12800
LEASINGEX,20151006,0.70,0.70,0.64,0.64,450
LEONIDAS,20151006,0.23,0.25,0.23,0.25,500
LETUS,20151006,0.12,0.12,0.11,0.12,160907
LIBERTY,20151006,0.01,0.01,0.01,0.01,50000
LOYD,20151006,0.34,0.34,0.34,0.34,200
LSTECHHOM,20151006,1.16,1.17,1.08,1.12,7357
LUXIMA,20151006,0.04,0.04,0.04,0.04,300
LZMO,20151006,1.41,1.49,1.40,1.49,91037
MADKOM,20151006,1.74,1.74,1.74,1.74,200
MAGNIFICO,20151006,0.14,0.15,0.13,0.13,2024
MAKORA,20151006,1.54,1.54,1.54,1.54,20
MARKA,20151006,2.13,2.39,2.13,2.36,600
MARSOFT,20151006,0.13,0.13,0.13,0.13,970
MAXIMUS,20151006,0.82,0.82,0.82,0.82,26
MAXIPIZZA,20151006,0.69,0.69,0.69,0.69,2173
MBFGROUP,20151006,6.66,7.30,6.13,6.85,5996
MED,20151006,5.05,5.06,5.05,5.05,1355
MEDIANPOL,20151006,0.38,0.38,0.37,0.37,652
MEGASONIC,20151006,6.58,6.58,6.58,6.58,1
MERIT,20151006,0.23,0.23,0.23,0.23,50
MFOOD,20151006,0.50,0.50,0.50,0.50,4000
MILESTONE,20151006,6.20,6.29,6.00,6.25,1330
MILKPOL,20151006,0.24,0.24,0.24,0.24,10000
MINERAL,20151006,0.52,0.52,0.52,0.52,2000
MINOX,20151006,0.08,0.08,0.07,0.08,322249
MMCPL,20151006,4.60,5.52,4.08,5.50,4954
MODE,20151006,0.55,0.55,0.55,0.55,4
MODECOM,20151006,9.91,10.22,9.91,10.22,243
MOLMEDICA,20151006,0.02,0.02,0.01,0.01,371060
MOMO,20151006,2.74,2.75,2.74,2.75,2058
MORIZON,20151006,1.46,1.46,1.46,1.46,1
MOTORICUS,20151006,0.56,0.67,0.56,0.67,79708
NANOTEL,20151006,2.82,2.82,2.61,2.81,1229
NAVIMORIN,20151006,4.18,4.18,4.18,4.18,5
NETWISE,20151006,3.50,3.50,3.50,3.50,5
NFPL,20151006,0.22,0.22,0.18,0.18,74321
NOVATIS,20151006,0.36,0.36,0.36,0.36,45
NOVAVIS,20151006,1.20,1.22,1.10,1.19,47857
NOVINA,20151006,0.56,0.57,0.53,0.57,37284
OPENNET,20151006,1.93,1.93,1.80,1.80,2151
OPTIZENLB,20151006,0.29,0.29,0.29,0.29,15
ORIONINV,20151006,89.90,97.37,89.90,97.37,11
ORZLOPONY,20151006,0.53,0.61,0.50,0.61,1131
PARTNER,20151006,0.06,0.06,0.06,0.06,2401
PATFUND,20151006,0.26,0.28,0.26,0.28,20000
PFMEDICAL,20151006,37.99,37.99,37.99,37.99,1
PGPPOLONI,20151006,1.10,1.10,1.10,1.10,1000
PGSSOFT,20151006,6.46,6.47,6.25,6.46,3423
PHARMENA,20151006,19.49,19.49,18.81,18.81,876
PHOTON,20151006,0.64,0.68,0.62,0.68,44868
PIK,20151006,0.30,0.35,0.29,0.29,5200
PILAB,20151006,45.00,45.00,44.00,44.00,263
PLANETSOF,20151006,0.12,0.13,0.10,0.10,25300
PLASMA,20151006,13.32,13.32,13.31,13.31,159
PLATIGE,20151006,13.05,13.70,12.50,12.50,556
PPRICE,20151006,0.03,0.03,0.03,0.03,500
PREFABET,20151006,10.31,10.31,10.31,10.31,50
PRESENT24,20151006,2.16,2.39,2.00,2.00,764
PRESTO,20151006,0.76,0.77,0.75,0.77,22520
PRIME,20151006,33.00,38.00,32.98,37.00,7467
PRYMUS,20151006,5.10,5.10,5.10,5.10,10
RAJDY4X4,20151006,0.04,0.04,0.04,0.04,138598
READGENE,20151006,1.40,1.43,1.40,1.43,3080
ROBINSON,20151006,11.39,11.80,10.63,11.80,70
ROCCA,20151006,0.40,0.40,0.40,0.40,50
ROVITA,20151006,0.23,0.23,0.23,0.23,237
RSY,20151006,6.93,6.93,6.93,6.93,10
RUCHCHORZ,20151006,0.23,0.23,0.23,0.23,1000
RUNICOM,20151006,0.55,0.55,0.55,0.55,23
SAPLING,20151006,0.27,0.27,0.27,0.27,3401
SARE,20151006,24.60,25.40,24.60,25.40,98
SESCOM,20151006,19.81,19.81,19.81,19.81,1
SFKPOLKAP,20151006,4.65,4.65,4.50,4.65,9183
SILVACG,20151006,0.01,0.01,0.01,0.01,200
SMOKESHOP,20151006,0.24,0.24,0.24,0.24,1100
SMSKREDYT,20151006,0.82,0.85,0.82,0.85,2270
SPC,20151006,0.05,0.05,0.05,0.05,500
STANUSCH,20151006,8.30,8.30,8.30,8.30,5
STEMCELLS,20151006,1.22,1.22,1.22,1.22,24
STOPKLA,20151006,11.10,11.10,10.30,10.30,107
SUMMALING,20151006,6.40,6.40,5.87,5.87,199
SUNTECH,20151006,0.34,0.36,0.34,0.36,11950
SURFLAND,20151006,0.91,0.93,0.79,0.79,5234
SWISSPSM,20151006,0.26,0.26,0.26,0.26,100
SYMBIO,20151006,3.01,3.01,3.01,3.01,50
SZAR,20151006,0.07,0.07,0.06,0.07,51146
T2INVEST,20151006,1.75,1.75,1.75,1.75,10
TABLEO,20151006,1.20,1.43,1.20,1.34,13300
TAMEX,20151006,0.42,0.42,0.42,0.42,5
TAXNET,20151006,0.43,0.43,0.43,0.43,30
TAXUSFUND,20151006,0.03,0.03,0.03,0.03,10000
TELESTR,20151006,11.85,11.85,11.85,11.85,300
TELGAM,20151006,0.25,0.25,0.21,0.24,28162
TELIANI,20151006,0.41,0.41,0.40,0.40,15309
TROPHYRES,20151006,3.15,3.15,3.15,3.15,6
UNIMOT,20151006,13.60,13.60,13.60,13.60,2
UNITED,20151006,0.47,0.47,0.40,0.42,110695
VAKOMTEK,20151006,1.19,1.19,1.19,1.19,1
VCP,20151006,0.28,0.28,0.28,0.28,40
VELTO,20151006,0.31,0.31,0.31,0.31,1653
VENITI,20151006,0.70,0.70,0.70,0.70,30
VENTUREIN,20151006,2.43,2.43,2.43,2.43,10
VERBICOM,20151006,3.90,3.90,3.70,3.70,795
VIDIS,20151006,2.70,2.70,2.70,2.70,1380
VISION,20151006,0.01,0.01,0.01,0.01,5000
VIVID,20151006,5.94,5.95,5.80,5.93,19919
WDBBU,20151006,3.25,3.25,2.99,2.99,524
WEEDO,20151006,3.44,3.98,3.44,3.95,2270
WESTREAL,20151006,1.50,1.68,1.50,1.68,930
WIERZYCL,20151006,0.55,0.55,0.48,0.48,2270
XPLUS,20151006,0.11,0.11,0.11,0.11,100
YELLOWHAT,20151006,0.36,0.36,0.35,0.36,4012
YOURIMAGE,20151006,0.27,0.28,0.25,0.28,8590
NCINDEX,20151006,283.32,284.49,282.48,282.84,4016.421
2CP0416,20151006,89.20,89.20,89.20,89.20,100
ACT0717,20151006,100.60,100.60,100.60,100.60,1
ALR0321,20151006,104.00,104.00,104.00,104.00,26
ALR0421,20151006,103.00,103.00,103.00,103.00,1
AOW0317,20151006,100.70,100.70,100.70,100.70,100
BPS0718,20151006,96.00,96.50,96.00,96.50,190
BPS0720,20151006,100.99,101.35,100.99,101.35,230
BPS1122,20151006,96.50,96.50,96.50,96.50,29
BRB0425,20151006,100.26,100.30,100.26,100.30,23
BS20118,20151006,100.00,100.00,100.00,100.00,50
BSC0927,20151006,83.00,83.00,83.00,83.00,11
BSP0620,20151006,101.30,101.30,101.30,101.30,1
BST0418,20151006,101.14,101.14,101.14,101.14,9
BST0516,20151006,101.00,101.00,101.00,101.00,148
BTY0317,20151006,99.80,99.80,99.80,99.80,4
CAP0617,20151006,99.80,99.84,99.80,99.84,590
CAP0618,20151006,99.00,99.00,99.00,99.00,51
CAP1217,20151006,100.00,100.00,99.00,99.00,250
CAS1216,20151006,100.00,100.00,100.00,100.00,50
CPS0721,20151006,101.20,101.20,101.15,101.15,2294
CTG0417,20151006,98.00,98.00,98.00,98.00,3
DAY0916,20151006,45.00,45.00,45.00,45.00,13
DS0725,20151006,105.43,105.44,105.43,105.44,41
DS0726,20151006,97.72,97.72,97.72,97.72,2136
DS1021,20151006,118.90,118.90,118.90,118.90,3
ECH0318,20151006,102.56,102.56,102.01,102.56,3004
EMF1117,20151006,84.00,84.00,84.00,84.00,1
ERC0617,20151006,100.79,100.79,100.79,100.79,50
ERC0916,20151006,100.88,100.88,100.88,100.88,8
EVC0418,20151006,101.00,101.00,101.00,101.00,5
FKD0516,20151006,95.00,95.00,95.00,95.00,5
FRR0517,20151006,103.45,103.45,103.45,103.45,5
GHE0619,20151006,97.50,97.50,96.51,96.51,74
GNB0218,20151006,97.51,97.55,97.50,97.55,15
GNB0221,20151006,91.95,91.95,91.95,91.95,1
GNB0318,20151006,96.99,97.45,96.51,96.51,554
GNB0321,20151006,91.00,91.55,91.00,91.50,120
GNB0418,20151006,96.60,96.60,96.60,96.60,13
GNB0420,20151006,91.00,91.00,91.00,91.00,4
GNB0421,20151006,90.90,90.90,90.90,90.90,1
GNB0620,20151006,90.31,93.69,90.31,93.69,8
GNB0720,20151006,91.89,91.89,91.89,91.89,1
GNB0819,20151006,95.20,95.50,95.20,95.50,400
GNB0820,20151006,91.45,91.45,91.45,91.45,5
GNB1019,20151006,95.00,95.00,95.00,95.00,1
GNB1120,20151006,91.20,91.20,91.20,91.20,2
GNF0618,20151006,96.00,97.00,96.00,97.00,62
GPW0117,20151006,101.09,101.09,101.09,101.09,196
GRA0816,20151006,98.00,98.00,98.00,98.00,5
GTC0319,20151006,101.00,101.00,101.00,101.00,1
INS1017,20151006,99.60,99.60,99.60,99.60,4
KME0416,20151006,99.90,99.90,99.90,99.90,3
KME0916,20151006,98.70,98.70,98.70,98.70,50
KOS1117,20151006,99.92,99.92,99.92,99.92,1
KR20116,20151006,100.00,100.00,100.00,100.00,5
KRI0116,20151006,100.00,100.10,100.00,100.10,36
KRS0316,20151006,69.00,69.00,69.00,69.00,131
KRS0416,20151006,70.00,70.00,70.00,70.00,60
KRU0620,20151006,101.08,101.10,101.08,101.10,160
KRU1217,20151006,103.00,103.50,103.00,103.50,909
KRU1220,20151006,102.50,102.50,102.50,102.50,9
LKD1017,20151006,99.95,100.00,99.95,100.00,38
MKR0617,20151006,100.20,100.20,100.20,100.20,1
MKR1115,20151006,99.60,99.60,99.60,99.60,3
MMP0520,20151006,99.70,99.70,99.70,99.70,1
MRB0717,20151006,92.00,92.00,92.00,92.00,1
MUR1116,20151006,100.39,100.40,100.39,100.40,500
MWD0216,20151006,99.00,99.00,99.00,99.00,1
MWT0316,20151006,99.80,99.99,99.72,99.90,90
MWT0416,20151006,99.64,99.80,99.64,99.80,1050
MWT1115,20151006,99.20,99.20,99.20,99.20,50
OK0717,20151006,97.40,97.40,97.40,97.40,3
OTS0217,20151006,101.40,101.40,101.40,101.40,4
PBS0523,20151006,96.80,99.20,96.80,99.20,117
PCR0416,20151006,101.20,101.47,101.20,101.47,220
PCR0419,20151006,100.80,100.80,100.60,100.80,72
PCR0620,20151006,100.25,100.25,100.25,100.25,15
PCR1019,20151006,100.80,100.80,100.20,100.39,333
PKN0418,20151006,100.87,101.69,100.87,101.60,2961
PKN0420,20151006,108.49,108.49,108.49,108.49,11
PKN0617,20151006,100.80,100.80,100.80,100.80,271
PKN1117,20151006,101.01,101.01,100.99,101.00,1010
PND0118,20151006,100.50,100.50,100.50,100.50,50
POZ0219,20151006,100.85,100.85,100.85,100.85,5
PRF0218,20151006,100.00,100.00,100.00,100.00,20
PRF1216,20151006,100.00,100.00,99.90,99.90,7
PRI1117,20151006,99.89,99.89,99.89,99.89,7
PS1016,20151006,103.20,103.21,103.20,103.21,61
RNK0616,20151006,80.00,80.00,80.00,80.00,130
ROG0218,20151006,101.50,101.50,101.50,101.50,90
RON0119,20151006,100.10,100.10,100.10,100.10,50
SAL0317,20151006,98.49,98.50,98.49,98.50,6
SBK0923,20151006,97.90,97.90,97.90,97.90,9714
SBK1020,20151006,99.90,99.90,99.90,99.90,111
SMT0917,20151006,100.40,100.40,100.40,100.40,1
VIN1116,20151006,102.50,102.50,102.50,102.50,10
VTG0617,20151006,99.50,99.61,99.50,99.61,52
VTG0618,20151006,99.83,99.83,99.83,99.83,23
WSE1016,20151006,102.76,102.76,102.75,102.75,20
WXB0316,20151006,97.98,97.98,97.98,97.98,5
WZ0126,20151006,96.70,96.70,96.70,96.70,3
