FACPH16,20151029,56.10,56.10,56.10,56.10,2,2
FACPZ15,20151029,55.76,56.23,55.76,56.23,2,20
FALRZ15,20151029,82.08,82.08,81.68,81.68,2,4
FCDRZ15,20151029,27.03,27.03,26.50,26.79,41,338
FCHF,20151029,395.00,395.75,394.50,394.50,69,2835
FCHFU16,20151029,402.10,402.10,401.15,401.15,7,66
FCHFWS,20151029,395.00,395.75,394.50,394.50,62,1595
FCHFZ15,20151029,395.00,395.75,394.50,394.50,62,1595
FEUR,20151029,430.32,430.63,429.10,429.61,1510,22346
FEURH16,20151029,430.43,430.84,429.61,429.61,11,10533
FEURM16,20151029,432.09,432.36,431.30,431.30,4,423
FEURU16,20151029,433.91,434.20,433.09,433.20,14,151
FEURWS,20151029,428.83,429.14,427.61,428.12,1481,11238
FEURZ15,20151029,428.83,429.14,427.61,428.12,1481,11238
FGPWZ15,20151029,39.83,39.83,39.83,39.83,1,33
FJSWZ15,20151029,13.37,13.50,13.26,13.32,188,2197
FKGHH16,20151029,91.40,91.40,90.90,90.90,2,49
FKGHM16,20151029,90.00,90.00,89.01,89.01,2,55
FKGHZ15,20151029,94.20,94.58,89.96,90.51,2090,1593
FLTSZ15,20151029,28.22,28.25,27.73,28.00,35,211
FLWBZ15,20151029,48.36,48.90,46.10,46.10,178,396
FOPLZ15,20151029,7.03,7.05,6.96,6.97,22,508
FPEOZ15,20151029,153.05,153.05,148.90,149.20,67,201
FPGEZ15,20151029,14.24,14.25,13.90,14.01,203,2495
FPGNZ15,20151029,6.85,6.92,6.85,6.87,49,382
FPKNH16,20151029,62.95,62.95,62.95,62.95,1,57
FPKNZ15,20151029,64.14,64.14,62.93,63.13,399,1844
FPKOH16,20151029,29.40,29.40,29.10,29.10,4,87
FPKOM16,20151029,29.46,29.46,29.46,29.46,1,2
FPKOZ15,20151029,29.60,29.76,28.95,29.02,759,2828
FPZUZ15,20151029,381.50,382.00,372.40,373.10,235,1211
FSENZ15,20151029,2.13,2.13,2.13,2.13,2,31
FTPEH16,20151029,3.12,3.12,3.05,3.05,14,65
FTPEZ15,20151029,3.12,3.12,3.02,3.02,244,1613
FUSD,20151029,391.60,391.90,389.40,390.46,7059,32980
FUSDH16,20151029,390.15,392.28,390.15,390.98,25,4703
FUSDM16,20151029,390.74,393.64,390.74,393.64,11,119
FUSDU16,20151029,393.00,393.50,391.75,393.00,10,80
FUSDWS,20151029,390.46,390.46,390.46,390.46,1,250
FUSDX15,20151029,390.46,390.46,390.46,390.46,1,250
FUSDZ15,20151029,391.60,391.90,389.40,390.46,7012,27578
FW20,20151029,2104,2108,2053,2057,21519,56431
FW20H1620,20151029,2114,2114,2063,2066,83,359
FW20M1620,20151029,2095,2095,2041,2047,15,151
FW20U1620,20151029,2082,2082,2035,2035,20,146
FW20WS,20151029,2104,2108,2053,2057,21401,55775
FW20Z1520,20151029,2104,2108,2053,2057,21401,55775
FW40H16,20151029,3711,3711,3650,3650,5,9
FW40Z15,20151029,3710,3715,3614,3634,697,2372
OW20A162400,20151029,3.87,3.87,3.87,3.87,6,6
OW20C162000,20151029,150.00,150.00,131.75,131.75,3,125
OW20C162100,20151029,99.55,99.55,92.25,92.25,6,18
OW20C162200,20151029,50.00,50.00,50.00,50.00,1,29
OW20C162300,20151029,22.80,22.80,22.00,22.00,2,58
OW20C162400,20151029,9.90,10.07,9.90,10.07,6,96
OW20C162600,20151029,1.85,1.85,1.80,1.80,7,204
OW20F162000,20151029,169.75,169.75,169.75,169.75,1,29
OW20F162100,20151029,99.00,99.00,97.00,97.00,3,16
OW20F162400,20151029,18.29,18.29,18.29,18.29,2,18
OW20F162600,20151029,5.60,5.60,4.80,4.80,6,97
OW20I162000,20151029,170.00,170.00,170.00,170.00,1,15
OW20I162100,20151029,114.00,114.00,113.00,113.00,2,11
OW20I162400,20151029,28.00,28.00,28.00,28.00,2,19
OW20I162500,20151029,16.70,16.70,16.70,16.70,1,21
OW20I162600,20151029,11.10,11.15,10.50,11.15,11,117
OW20K152025,20151029,55.75,55.75,55.75,55.75,1,1
OW20K152050,20151029,55.00,57.00,37.60,38.58,44,42
OW20K152075,20151029,51.00,51.00,27.38,28.59,83,122
OW20K152100,20151029,30.57,30.57,19.13,20.10,25,47
OW20K152125,20151029,28.04,28.04,13.90,13.90,25,32
OW20K152150,20151029,22.24,22.24,8.38,8.89,66,104
OW20K152175,20151029,8.60,8.60,5.33,5.92,16,28
OW20K152200,20151029,9.00,9.00,3.95,4.00,134,314
OW20K152225,20151029,4.12,4.12,2.40,2.40,48,96
OW20K152250,20151029,3.31,3.31,1.50,1.70,91,132
OW20K152350,20151029,0.50,0.50,0.50,0.50,10,200
OW20L152000,20151029,109.75,109.75,95.50,95.50,3,34
OW20L152050,20151029,85.00,85.00,66.00,66.00,4,61
OW20L152100,20151029,57.00,57.00,40.60,40.60,38,1436
OW20L152150,20151029,32.97,33.00,27.25,27.25,6,120
OW20L152200,20151029,18.10,19.32,15.00,15.00,34,1246
OW20L152250,20151029,8.40,9.00,6.84,6.84,49,1383
OW20L152300,20151029,6.90,6.90,3.90,3.90,48,576
OW20L152350,20151029,3.00,3.05,2.22,2.22,63,118
OW20L152400,20151029,1.51,1.51,1.00,1.00,66,372
OW20L152450,20151029,1.10,1.10,1.10,1.10,10,104
OW20M161750,20151029,5.67,5.67,5.67,5.67,1,7
OW20M161950,20151029,33.02,35.00,33.02,35.00,10,10
OW20O161700,20151029,8.20,10.50,7.70,10.50,14,149
OW20O161800,20151029,20.02,20.02,20.02,20.02,5,122
OW20O161900,20151029,33.00,33.00,33.00,33.00,1,147
OW20O162000,20151029,59.40,69.30,59.40,69.30,3,98
OW20O162200,20151029,158.00,158.00,158.00,158.00,1,80
OW20R161700,20151029,18.80,20.00,18.80,20.00,6,62
OW20R162200,20151029,130.00,130.00,130.00,130.00,4,18
OW20U161700,20151029,29.99,29.99,29.99,29.99,1,12
OW20W151800,20151029,1.17,1.17,1.17,1.17,2,99
OW20W151825,20151029,1.79,1.79,1.79,1.79,5,37
OW20W151850,20151029,2.29,2.40,2.29,2.29,53,202
OW20W151875,20151029,2.69,3.69,2.69,3.69,6,46
OW20W151900,20151029,2.62,4.99,2.62,4.99,9,87
OW20W151950,20151029,6.45,8.48,6.20,8.48,30,119
OW20W151975,20151029,6.00,12.82,6.00,12.82,12,43
OW20W152000,20151029,10.00,20.00,8.67,20.00,61,160
OW20W152025,20151029,15.23,26.14,15.23,26.14,30,80
OW20W152050,20151029,19.50,36.80,19.50,35.10,76,97
OW20W152075,20151029,38.80,47.28,38.80,47.28,16,17
OW20W152100,20151029,50.00,59.90,50.00,59.90,13,91
OW20W152150,20151029,86.35,100.75,86.35,100.75,42,83
OW20X151650,20151029,1.25,1.35,1.25,1.35,12,83
OW20X151700,20151029,1.65,2.20,1.65,2.20,24,497
OW20X151750,20151029,2.94,2.94,2.94,2.94,4,257
OW20X151800,20151029,5.00,5.00,4.00,4.70,24,409
OW20X151850,20151029,8.00,8.00,7.70,7.70,6,114
OW20X151900,20151029,14.00,16.23,11.84,16.23,4,3663
OW20X152000,20151029,34.80,37.50,31.20,37.50,24,639
OW20X152050,20151029,57.00,57.00,57.00,57.00,16,121
OW20X152100,20151029,68.30,68.30,68.30,68.30,1,1362
OW20X152150,20151029,101.00,101.00,101.00,101.00,1,32
OW20X152200,20151029,135.75,135.75,135.75,135.75,1,1227
OW20X152300,20151029,226.00,226.00,226.00,226.00,10,2600
06MAGNA,20151029,1.85,1.91,1.85,1.91,238
4FUNMEDIA,20151029,4.99,4.99,4.92,4.99,1701
AATHOLD,20151029,21.50,21.50,20.65,20.65,1112
ABCDATA,20151029,3.16,3.20,3.16,3.16,10457
ABMSOLID,20151029,0.55,0.55,0.55,0.55,25
ABPL,20151029,34.91,35.02,33.51,34.46,6609
ACE,20151029,13.62,13.90,13.41,13.47,27452
ACTION,20151029,24.65,25.25,24.65,25.25,843
ADIUVO,20151029,29.50,29.95,29.00,29.95,1139
ADIUVO-PDA,20151029,29.10,29.40,29.00,29.40,2211
AGORA,20151029,11.69,11.70,11.46,11.50,94117
AGROTON,20151029,1.29,1.29,1.25,1.28,19199
AGROWILL,20151029,0.86,0.86,0.86,0.86,40
ALCHEMIA,20151029,4.91,4.92,4.90,4.92,17342
ALIOR,20151029,82.75,83.40,80.52,80.87,111244
ALMA,20151029,9.09,9.22,8.96,9.01,414
ALTA,20151029,2.19,2.19,2.19,2.19,1
ALTUSTFI,20151029,11.20,11.21,11.00,11.20,25619
ALUMETAL,20151029,51.95,52.00,51.15,51.15,4065
AMBRA,20151029,8.13,8.18,8.00,8.18,8742
AMICA,20151029,167.65,167.75,165.00,166.65,1308
AMREST,20151029,176.15,179.80,176.00,179.75,1278
APATOR,20151029,30.90,31.74,30.43,31.10,26698
APLISENS,20151029,13.31,13.31,13.12,13.12,3
APSENERGY,20151029,5.20,5.20,5.15,5.15,42
ARCTIC,20151029,3.14,3.14,3.05,3.09,29714
ARKASWE17,20151029,72.95,72.95,72.95,72.95,21
ARTERIA,20151029,14.74,14.86,14.29,14.30,3264
ASBIS,20151029,1.26,1.27,1.22,1.23,277856
ASSECOBS,20151029,16.08,16.08,15.21,15.94,7007
ASSECOPOL,20151029,56.25,57.18,55.24,56.03,90862
ASSECOSEE,20151029,10.10,10.10,10.02,10.02,620
ASSECOSLO,20151029,17.50,17.50,17.50,17.50,632
ASTARTA,20151029,35.78,35.78,34.00,34.00,5240
ATAL,20151029,21.65,21.97,21.50,21.97,3493
ATENDE,20151029,2.76,2.81,2.70,2.71,7983
ATLANTAPL,20151029,8.90,9.10,8.86,9.00,2031
ATLANTIS,20151029,0.72,0.74,0.70,0.72,52233
ATLASEST,20151029,0.95,0.95,0.95,0.95,5915
ATM,20151029,9.70,9.70,9.40,9.70,8550
ATMGRUPA,20151029,3.39,3.39,3.35,3.38,18447
ATREM,20151029,4.74,4.74,4.70,4.70,767
AVIAAML,20151029,5.18,5.18,5.18,5.18,1
AVIASG,20151029,18.83,18.83,18.83,18.83,1
AWBUD,20151029,2.85,2.85,2.85,2.85,5
BANKBPH,20151029,36.00,36.00,35.00,35.50,645
BBIDEV,20151029,0.95,0.95,0.91,0.92,61290
BENEFIT,20151029,431.00,436.00,430.20,434.00,611
BEST,20151029,16.50,17.00,16.50,16.55,1702
BETACOM,20151029,10.48,10.48,10.47,10.47,18
BGZBNPP,20151029,49.95,49.95,48.55,49.48,2150
BIOMEDLUB,20151029,3.09,3.09,2.91,2.91,785
BIOTON,20151029,10.99,11.12,10.90,10.90,111248
BMPAG,20151029,2.73,2.73,2.61,2.72,2902
BOGDANKA,20151029,48.50,49.85,47.40,47.70,181389
BORYSZEW,20151029,5.04,5.04,4.97,5.03,493420
BOS,20151029,22.60,22.60,22.30,22.31,404
BOWIM,20151029,2.05,2.05,2.03,2.05,5170
BRASTER,20151029,14.50,14.76,14.20,14.59,7058
BRIJU,20151029,13.40,14.74,13.20,13.31,12828
BSCDRUK,20151029,35.40,35.60,34.61,35.50,5477
BUDIMEX,20151029,216.00,216.00,206.10,212.75,14334
BUMECH,20151029,0.79,0.80,0.78,0.80,85780
BYTOM,20151029,3.16,3.16,3.06,3.14,47774
BZWBK,20151029,315.35,316.90,302.05,305.85,94310
CALATRAVA,20151029,0.64,0.64,0.61,0.62,23650
CAPITAL,20151029,2.22,2.25,2.21,2.25,9118
CCC,20151029,177.10,177.10,172.60,172.80,45566
CDPROJEKT,20151029,26.90,26.95,26.42,26.65,73814
CDRL,20151029,19.00,19.24,18.91,19.24,417
CEZ,20151029,76.50,78.00,76.00,77.50,2915
CHEMOS,20151029,1.47,1.47,1.40,1.46,80344
CIECH,20151029,74.47,74.99,73.67,73.90,19150
CIGAMES,20151029,23.60,23.60,23.00,23.28,16303
CNT,20151029,8.43,8.43,8.27,8.43,118
COGNOR,20151029,1.24,1.27,1.24,1.26,2041
COLIAN,20151029,4.74,4.74,4.60,4.68,33311
COMARCH,20151029,120.90,120.90,118.00,118.15,5015
COMP,20151029,65.00,65.95,62.75,64.49,2147
CORMAY,20151029,1.94,1.99,1.92,1.92,219027
CPGROUP,20151029,6.00,6.06,5.94,6.06,15909
CUBEITG,20151029,4.72,4.95,4.66,4.89,6143
CYFRPLSAT,20151029,25.25,25.25,24.32,24.35,438704
CZTOREBKA,20151029,1.15,1.15,1.07,1.10,75539
DEBICA,20151029,87.95,88.00,87.50,87.50,1234
DECORA,20151029,7.35,7.35,7.35,7.35,1
DELKO,20151029,9.50,9.60,9.40,9.55,41
DGA,20151029,5.70,5.70,5.40,5.40,201
DMWDM,20151029,0.32,0.32,0.29,0.30,243962
DOMDEV,20151029,52.90,52.90,52.05,52.05,32729
DROZAPOL,20151029,2.10,2.20,2.07,2.20,2615
DTP,20151029,4.58,4.58,4.37,4.37,1402
DUDA,20151029,6.00,6.20,6.00,6.06,9560
DUON,20151029,3.35,3.38,3.24,3.27,177470
ECHO,20151029,6.95,6.95,6.68,6.90,33208
EDINVEST,20151029,2.42,2.42,2.25,2.30,84232
EFEKT,20151029,15.07,15.07,14.40,14.75,981
EKOEXPORT,20151029,16.42,16.75,15.70,15.98,35468
ELBUDOWA,20151029,150.00,151.80,147.60,150.35,5874
ELEKTROTI,20151029,19.39,19.39,18.80,18.99,10347
ELEMENTAL,20151029,4.26,4.30,4.20,4.22,38181
ELKOP,20151029,1.32,1.32,1.30,1.30,1758
EMCINSMED,20151029,14.91,14.91,14.91,14.91,1
EMPERIA,20151029,70.99,71.07,69.16,70.00,29298
ENAP,20151029,0.90,0.91,0.90,0.91,6000
ENEA,20151029,13.24,13.24,12.71,12.77,831613
ENELMED,20151029,10.18,10.59,10.10,10.11,547
ENERGA,20151029,17.05,17.13,16.61,16.70,899991
ENERGOINS,20151029,11.00,11.00,10.17,10.21,1399
ERBUD,20151029,32.69,32.69,30.82,31.90,2875
ERG,20151029,21.49,21.65,21.49,21.51,1203
ERGIS,20151029,4.82,4.88,4.82,4.84,11427
ESOTIQ,20151029,31.00,32.01,31.00,32.01,535
ESSYSTEM,20151029,2.86,2.86,2.86,2.86,460
ETFDAX,20151029,449.16,449.16,444.00,444.00,1175
ETFSP500,20151029,83.05,83.67,82.80,83.32,8442
ETFW20L,20151029,243.24,243.24,237.00,237.00,1221
EUCO,20151029,50.70,50.70,49.22,49.50,2101
EUROCASH,20151029,50.00,51.69,50.00,50.47,273358
EUROHOLD,20151029,4.93,5.42,4.93,5.42,2
EUROTEL,20151029,16.92,16.95,16.30,16.67,5481
EVEREST,20151029,2.03,2.03,2.02,2.02,28
FAMUR,20151029,1.86,1.86,1.82,1.82,15418
FARMACOL,20151029,65.79,66.05,63.00,64.15,8873
FASING,20151029,17.00,17.00,16.51,16.99,55
FASTFIN,20151029,0.62,0.63,0.62,0.62,2227
FEERUM,20151029,21.95,21.95,21.75,21.75,10
FERRO,20151029,11.45,11.45,11.14,11.14,2181
FERRUM,20151029,4.77,4.77,4.69,4.69,10
FON,20151029,0.63,0.64,0.63,0.64,13793
FORTE,20151029,56.20,57.00,55.75,56.60,9083
FORTUNA,20151029,11.35,11.35,11.30,11.31,2045
FOTA,20151029,0.67,0.70,0.63,0.65,84582
GETIN,20151029,1.64,1.64,1.61,1.62,243818
GETINOBLE,20151029,0.84,0.84,0.80,0.80,10847208
GINOROSSI,20151029,2.51,2.51,2.36,2.46,81363
GLCOSMED,20151029,4.44,4.45,4.26,4.45,1742
GPW,20151029,40.48,40.48,39.70,40.20,40143
GRAAL,20151029,32.79,32.79,31.07,32.38,15165
GRAJEWO,20151029,25.20,26.10,25.20,25.74,3327
GREMMEDIA,20151029,1.74,1.74,1.74,1.74,170
GROCLIN,20151029,13.52,13.70,13.19,13.30,17219
GRODNO,20151029,5.60,5.60,5.60,5.60,500
GRUPAAZOTY,20151029,94.44,94.44,89.34,89.36,35539
GTC,20151029,6.90,6.90,6.70,6.75,221860
GTC-PDA,20151029,6.74,6.74,6.74,6.74,2000
HANDLOWY,20151029,81.98,81.98,78.95,79.00,42276
HARPER,20151029,1.93,1.93,1.93,1.93,1
HAWE,20151029,0.91,0.91,0.88,0.89,555801
HELIO,20151029,4.66,4.66,4.39,4.40,1695
HERKULES,20151029,4.22,4.22,4.10,4.13,22029
HUBSTYLE,20151029,1.05,1.05,1.03,1.03,856
HYDROTOR,20151029,38.00,38.00,37.00,37.94,1268
HYPERION,20151029,3.34,3.34,3.14,3.34,932
IDEABANK,20151029,26.00,26.15,25.61,25.61,678
IDMSA,20151029,1.50,1.50,1.48,1.50,25255
IFCAPITAL,20151029,2.46,2.65,2.00,2.00,4364665
IFSA,20151029,0.83,0.83,0.75,0.78,43639
IIAAV,20151029,9.91,9.91,9.91,9.91,50
IMCOMPANY,20151029,6.50,6.50,6.25,6.25,6098
IMMOBILE,20151029,2.30,2.35,2.29,2.35,3390
IMPEL,20151029,29.38,29.49,27.71,27.90,3462
IMPERA,20151029,1.55,1.60,1.55,1.60,2414
IMPEXMET,20151029,2.76,2.76,2.71,2.72,85471
IMS,20151029,2.07,2.07,2.07,2.07,83
INC,20151029,2.24,2.24,2.24,2.24,30
INDATA,20151029,0.89,0.92,0.89,0.91,26325
INDYGO,20151029,0.96,0.98,0.93,0.95,172511
INDYKPOL,20151029,93.35,93.48,92.11,93.48,519
INGBSK,20151029,126.00,126.00,121.70,122.70,15618
INPOST,20151029,21.10,21.85,21.10,21.50,15549
INPRO,20151029,4.00,4.04,3.86,4.04,152
INSTALKRK,20151029,12.80,12.80,12.20,12.23,4309
INTEGERPL,20151029,119.35,119.35,113.00,115.90,9025
INTERAOLT,20151029,18.25,18.25,18.25,18.25,426
INTERBUD,20151029,2.57,2.57,2.36,2.52,14506
INTERCARS,20151029,241.85,241.85,235.95,238.00,5452
INTERSPPL,20151029,2.75,2.84,2.75,2.83,8264
INTROL,20151029,9.88,9.88,9.80,9.80,23
INVCEEFIZ,20151029,411.00,411.00,411.00,411.00,2
INVISTA,20151029,2.23,2.28,2.22,2.28,11363
IPOPEMA,20151029,2.87,2.87,2.87,2.87,195
IQP,20151029,0.84,0.84,0.79,0.79,1402
IVMX,20151029,5.98,5.98,5.96,5.96,7101
IZOBLOK,20151029,131.75,131.75,129.00,131.45,270
IZOLACJA,20151029,1.34,1.35,1.30,1.35,5001
IZOSTAL,20151029,4.87,4.95,4.80,4.95,5785
JHMDEV,20151029,1.67,1.68,1.62,1.65,8732
JSW,20151029,13.44,13.54,13.31,13.40,171293
JWCONSTR,20151029,4.95,4.99,4.78,4.83,62544
K2INTERNT,20151029,13.82,14.45,13.82,14.00,23552
KANIA,20151029,2.94,2.94,2.85,2.90,25402
KBDOM,20151029,3.30,3.30,3.30,3.30,1250
KERDOS,20151029,0.51,0.52,0.49,0.49,435675
KERNEL,20151029,52.64,52.65,52.12,52.50,89955
KETY,20151029,282.00,283.65,270.00,275.00,11358
KGHM,20151029,93.99,93.99,89.80,90.72,1057083
KINOPOL,20151029,14.55,14.55,14.55,14.55,70
KOGENERA,20151029,71.79,71.80,70.02,71.80,499
KOMPUTRON,20151029,8.90,8.90,8.63,8.63,8008
KONSSTALI,20151029,36.49,36.49,34.20,36.00,15734
KOPEX,20151029,6.08,6.09,5.98,5.98,2752
KRAKCHEM,20151029,4.10,4.10,4.10,4.10,71
KREC,20151029,7.50,7.50,7.50,7.50,154
KREDYTIN,20151029,26.49,26.70,25.97,26.00,24123
KREZUS,20151029,4.58,4.63,4.51,4.58,3113
KRKA,20151029,284.00,284.00,284.00,284.00,9
KRUK,20151029,182.60,183.00,180.30,181.80,8766
KRUSZWICA,20151029,53.00,53.00,52.97,53.00,1435
KSGAGRO,20151029,1.11,1.12,1.06,1.11,35446
LARQ,20151029,6.09,6.09,5.85,5.95,4012
LCCORP,20151029,2.01,2.02,1.98,1.99,945464
LENA,20151029,4.44,4.44,4.44,4.44,1184
LENTEX,20151029,9.30,9.35,9.15,9.35,28310
LIBET,20151029,2.45,2.45,2.36,2.43,49086
LIVECHAT,20151029,35.00,35.00,34.25,34.25,6398
LOTOS,20151029,28.47,28.47,27.62,28.00,601702
LPP,20151029,7680.45,7709.95,7510.05,7510.75,1471
LSISOFT,20151029,4.23,4.23,3.82,3.82,33
LUBAWA,20151029,1.10,1.10,1.07,1.08,142747
MABION,20151029,46.95,48.70,46.00,48.70,2547
MAGELLAN,20151029,58.98,58.98,56.99,56.99,10933
MARVIPOL,20151029,6.70,6.79,6.56,6.79,5117
MBANK,20151029,388.00,388.00,361.00,364.00,33202
MCI,20151029,12.11,12.23,12.11,12.20,38237
MCLOGIC,20151029,38.03,38.50,38.00,38.10,494
MEDIATEL,20151029,1.00,1.04,1.00,1.04,2510
MEDICALG,20151029,228.35,228.50,218.50,224.00,2122
MENNICA,20151029,14.48,14.49,14.17,14.40,3908
MERCATOR,20151029,18.15,18.23,18.10,18.23,4358
MERCOR,20151029,9.70,9.84,9.70,9.84,14796
MEXPOLSKA,20151029,3.90,3.90,3.90,3.90,7730
MIDAS,20151029,0.63,0.63,0.62,0.63,247680
MILKILAND,20151029,2.00,2.00,1.73,1.81,282505
MILLENNIUM,20151029,6.30,6.35,6.22,6.25,1230401
MIRACULUM,20151029,2.69,2.75,2.69,2.75,17711
MIRBUD,20151029,1.16,1.17,1.14,1.15,113524
MLPGROUP,20151029,34.97,34.97,34.00,34.00,469
MNI,20151029,0.83,0.83,0.82,0.83,4990
MOBRUK,20151029,8.15,8.15,8.15,8.15,110
MOL,20151029,179.00,179.00,179.00,179.00,7
MONNARI,20151029,16.60,16.78,16.50,16.55,31374
MOSTALPLC,20151029,15.30,15.30,15.30,15.30,1
MOSTALWAR,20151029,14.38,14.38,13.81,14.00,8508
MOSTALZAB,20151029,1.79,1.80,1.76,1.76,48260
MWTRADE,20151029,16.79,16.79,16.10,16.10,755
NETIA,20151029,5.59,5.59,5.40,5.48,292709
NETMEDIA,20151029,5.28,5.28,4.96,5.10,1725
NEUCA,20151029,349.00,349.00,346.05,348.10,1015
NEWAG,20151029,16.13,16.40,15.81,16.40,31858
NFIEMF,20151029,3.40,3.40,3.40,3.40,284
NORTCOAST,20151029,5.97,6.33,5.61,5.61,2598
NOVITA,20151029,50.84,50.84,50.84,50.84,29
NOWAGALA,20151029,1.40,1.44,1.39,1.44,11070
NTTSYSTEM,20151029,2.23,2.40,2.23,2.40,5960
ODLEWNIE,20151029,2.36,2.36,2.36,2.36,1083
OPENFIN,20151029,4.15,4.18,3.95,4.10,13548
OPONEO.PL,20151029,23.95,24.99,23.55,24.28,23318
OPTEAM,20151029,9.60,9.60,9.60,9.60,451
ORANGEPL,20151029,7.00,7.08,6.96,7.02,4119045
ORBIS,20151029,60.45,60.45,58.60,58.60,283615
ORCOGROUP,20151029,1.20,1.21,1.15,1.16,8733
ORZBIALY,20151029,7.16,7.16,7.16,7.16,15
OTLOG,20151029,230.15,230.15,230.15,230.15,5
OTMUCHOW,20151029,6.60,6.60,6.52,6.60,421
PAGED,20151029,54.01,54.49,53.17,53.97,483
PAMAPOL,20151029,1.45,1.45,1.40,1.44,2046
PANOVA,20151029,19.32,19.32,18.41,18.52,825
PATENTUS,20151029,0.72,0.76,0.70,0.76,4040
PBG,20151029,2.28,2.28,2.20,2.20,11190
PCCEXOL,20151029,3.14,3.14,3.13,3.14,50
PCCINTER,20151029,2.29,2.29,2.29,2.29,17
PCCROKITA,20151029,40.99,41.40,40.05,40.60,1074
PCM,20151029,42.90,42.90,41.55,41.70,5320
PEGAS,20151029,120.00,120.00,120.00,120.00,545
PEKABEX,20151029,11.78,11.80,11.60,11.78,5824
PEKAES,20151029,12.70,12.80,12.70,12.80,13672
PEKAO,20151029,154.00,154.25,148.35,149.30,332355
PELION,20151029,61.95,61.95,60.76,60.76,1075
PEMANAGER,20151029,130.00,132.00,130.00,132.00,60
PEP,20151029,26.09,27.75,25.50,27.10,50260
PEPEES,20151029,0.54,0.58,0.54,0.55,282167
PGE,20151029,14.35,14.35,13.87,13.88,2047410
PGNIG,20151029,6.85,6.92,6.84,6.89,5381697
PGODLEW,20151029,5.35,5.71,5.25,5.71,6576
PHN,20151029,20.00,20.10,19.18,19.36,6023
PKNORLEN,20151029,63.75,63.76,62.80,63.11,870566
PKOBP,20151029,29.12,29.76,28.90,29.05,4521038
PKOGS,20151029,101.51,101.51,101.51,101.51,300
PKOSO,20151029,99.64,99.64,99.64,99.64,100
PKPCARGO,20151029,66.00,66.50,64.90,66.39,26259
PLASTBOX,20151029,2.24,2.24,2.24,2.24,38
PLATYNINW,20151029,3.78,3.99,3.45,3.95,7075
PMPG,20151029,1.40,1.40,1.40,1.40,630
POLICE,20151029,24.45,24.68,24.20,24.62,7116
POLMED,20151029,3.39,3.39,3.31,3.31,2997
POLNA,20151029,26.25,26.25,25.80,25.80,119
POLNORD,20151029,12.44,12.44,11.94,12.00,211174
POLWAX,20151029,15.59,15.59,15.28,15.28,3348
POZBUD,20151029,5.97,5.97,5.70,5.97,23359
PRAGMAFA,20151029,13.22,13.22,13.22,13.22,50
PRAGMAINK,20151029,11.66,11.66,10.65,10.70,8479
PRAIRIE,20151029,0.82,0.82,0.74,0.75,134509
PRESCO,20151029,5.19,5.19,5.09,5.16,249
PRIMAMODA,20151029,1.55,1.56,1.55,1.56,400
PROCAD,20151029,1.72,1.81,1.72,1.81,3702
PROCHEM,20151029,18.46,18.46,17.50,17.60,3657
PROCHNIK,20151029,1.10,1.11,1.08,1.09,78458
PROJPRZEM,20151029,7.42,7.45,7.36,7.36,1109
PROTEKTOR,20151029,3.05,3.05,3.03,3.04,25031
PROVIDENT,20151029,25.09,25.09,25.09,25.09,3
PSG,20151029,0.66,0.66,0.64,0.66,351
PTI,20151029,0.43,0.43,0.39,0.41,697673
PULAWY,20151029,174.30,174.90,171.55,174.70,318
PWRMEDIA,20151029,1.18,1.20,1.18,1.20,11360
PZU,20151029,381.40,381.50,372.70,374.00,101595
PZUAKORD,20151029,98.00,98.00,98.00,98.00,40
QUANTUM,20151029,6.00,6.00,6.00,6.00,622
QUERCUS,20151029,6.65,6.65,6.53,6.59,31633
QUMAK,20151029,9.89,9.89,9.56,9.56,12256
RADPOL,20151029,6.40,6.40,6.29,6.38,3669
RAFAKO,20151029,6.88,6.92,6.75,6.75,206023
RAINBOW,20151029,25.50,25.96,25.50,25.85,1316
RANKPROGR,20151029,1.20,1.20,1.07,1.07,97416
RAWLPLUG,20151029,9.10,9.10,8.75,8.75,3035
RCCRUAOPEN,20151029,9.53,9.65,9.49,9.65,2858
RCENA10117,20151029,880.96,880.96,877.86,877.86,4
RCGBSH21116,20151029,941.11,941.11,941.11,941.11,30
RCGESX10119,20151029,1014.89,1014.89,1014.89,1014.89,12
RCGLDAOPEN,20151029,453.70,453.70,447.83,447.83,9
RCGSDG10319,20151029,1043.96,1043.96,1043.96,1043.96,20
RCGSDG10419,20151029,1021.03,1021.03,1021.03,1021.03,12
RCLNAGOPEN,20151029,6.09,6.09,6.09,6.09,104
RCMBK11116,20151029,795.35,795.35,795.35,795.35,2
RCNAGAOPEN,20151029,57.32,57.32,57.32,57.32,75
RCNMBAOPEN,20151029,98.47,98.47,98.47,98.47,4
RCSCRAOPEN,20151029,353.06,353.06,351.96,351.96,139
RCSDGP0717,20151029,1106.69,1106.69,1106.69,1106.69,100
RCSFW2OPEN,20151029,108.81,109.23,108.81,109.23,110
RCSILAOPEN,20151029,61.40,61.40,61.08,61.08,857
RCSUGAOPEN,20151029,3.75,3.75,3.75,3.75,700
RCWHTAOPEN,20151029,8.63,8.63,8.63,8.63,120
REDAN,20151029,2.16,2.19,2.15,2.15,11526
REDWOOD,20151029,5.90,5.90,5.54,5.56,803
RELPOL,20151029,7.02,7.08,6.98,7.07,6241
REMAK,20151029,22.80,22.80,22.00,22.00,806
RESBUD,20151029,1.97,1.97,1.80,1.90,17856
ROBYG,20151029,2.50,2.55,2.50,2.50,230677
RONSON,20151029,1.36,1.36,1.34,1.36,8600
ROPCZYCE,20151029,22.00,22.00,21.96,21.96,40
RUBICON,20151029,1.31,1.33,1.28,1.28,2989
SANOK,20151029,57.33,57.50,57.15,57.40,12273
SANTANDER,20151029,21.66,22.69,21.66,22.69,37
SCOPAK,20151029,3.05,3.05,2.97,3.04,352
SECOGROUP,20151029,21.00,21.79,21.00,21.70,992
SELENAFM,20151029,18.40,18.40,18.40,18.40,60
SELVITA,20151029,21.89,21.89,21.50,21.50,653
SERINUS,20151029,2.08,2.08,2.04,2.05,10888
SFINKS,20151029,3.60,3.60,3.55,3.55,12161
SILVANO,20151029,5.70,5.70,5.70,5.70,483
SIMPLE,20151029,9.55,9.55,9.55,9.55,864
SKARBIEC,20151029,33.00,33.00,33.00,33.00,35
SKOK,20151029,1.64,1.67,1.63,1.66,4700
SKOTAN,20151029,0.58,0.58,0.55,0.57,265463
SMT,20151029,15.82,16.04,15.66,15.66,5226
SNIEZKA,20151029,53.65,53.90,52.32,53.90,612
SOBIESKI,20151029,82.00,82.00,82.00,82.00,1
SOHODEV,20151029,1.21,1.21,1.21,1.21,1822
SOLAR,20151029,1.51,1.51,1.46,1.46,4057
SONEL,20151029,13.32,13.39,13.20,13.20,1246
SOPHARMA,20151029,6.50,7.15,6.50,7.15,70
STALEXP,20151029,3.17,3.17,3.07,3.12,45048
STALPROD,20151029,321.00,321.00,315.65,318.95,134
STALPROFI,20151029,12.02,12.02,11.52,12.00,8040
STAPORKOW,20151029,4.30,4.48,4.30,4.32,6814
STARHEDGE,20151029,0.70,0.72,0.68,0.72,7192
SUWARY,20151029,10.84,10.84,10.84,10.84,101
SWISSMED,20151029,1.88,1.89,1.88,1.89,1014
SYGNITY,20151029,10.48,10.48,10.20,10.30,35771
SYNEKTIK,20151029,15.90,15.99,15.65,15.99,1399
SYNTHOS,20151029,3.81,3.82,3.70,3.71,507877
TALEX,20151029,18.10,18.10,17.70,18.09,357
TARCZYNSKI,20151029,13.28,13.28,13.21,13.21,789
TATRY,20151029,110.00,110.95,109.00,109.00,65
TAURONPE,20151029,3.08,3.11,3.00,3.00,3218198
TELL,20151029,12.25,12.25,12.25,12.25,40
TERESA,20151029,15.06,15.06,15.06,15.06,970
TERMOREX,20151029,3.26,3.35,3.25,3.28,760
TESGAS,20151029,3.74,3.74,3.53,3.53,2693
TFONE,20151029,3.12,3.15,3.11,3.14,6695
TIM,20151029,9.20,9.40,9.04,9.20,16373
TORPOL,20151029,12.55,12.78,12.20,12.42,35459
TOYA,20151029,5.15,5.15,5.15,5.15,5012
TRAKCJA,20151029,10.15,10.21,9.90,9.90,146802
TRANSPOL,20151029,5.57,5.57,5.27,5.27,2644
TRIGONPP,20151029,115.15,115.75,115.15,115.75,175
TRITON,20151029,2.00,2.00,2.00,2.00,2600
ULMA,20151029,78.00,78.00,78.00,78.00,1
UNIBEP,20151029,10.80,11.07,10.70,11.00,10054
UNIMA,20151029,2.54,2.54,2.54,2.54,100
UNISYS1AB,20151029,968.00,972.00,968.00,972.00,10
UNIWHEELS,20151029,120.30,121.00,120.00,121.00,1303
URSUS,20151029,2.98,2.98,2.90,2.92,222952
VANTAGE,20151029,2.60,2.60,2.58,2.60,757
VARIANT,20151029,1.77,1.79,1.68,1.77,4346
VIGOSYS,20151029,253.00,260.00,253.00,260.00,49
VINDEXUS,20151029,6.09,6.10,5.96,6.05,14573
VISTAL,20151029,11.37,11.37,11.36,11.36,3
VISTULA,20151029,2.97,3.04,2.96,2.96,254424
VOTUM,20151029,16.68,16.68,16.50,16.68,4604
VOXEL,20151029,17.45,17.95,17.45,17.85,6038
WADEX,20151029,4.24,4.29,4.24,4.29,100
WARIMPEX,20151029,3.34,3.36,3.34,3.36,1500
WASKO,20151029,1.88,1.88,1.86,1.88,4399
WAWEL,20151029,1220.00,1220.00,1075.00,1126.00,7514
WDX,20151029,5.56,5.56,5.37,5.38,32788
WIELTON,20151029,7.80,7.80,7.66,7.66,1678
WIKANA,20151029,1.31,1.37,1.30,1.37,920
WILBO,20151029,1.25,1.25,1.25,1.25,33
WINDMOBIL,20151029,7.50,7.68,7.50,7.68,516
WINVEST,20151029,4.14,4.14,4.14,4.14,2
WIRTUALNA,20151029,40.84,40.86,40.15,40.86,14886
WOJAS,20151029,7.65,7.69,7.55,7.69,4077
WORKSERV,20151029,15.50,15.60,15.50,15.50,23947
ZAMET,20151029,1.95,2.07,1.95,2.00,19764
ZASTAL,20151029,0.69,0.71,0.68,0.70,13477
ZEPAK,20151029,12.42,12.42,11.77,11.77,22314
ZETKAMA,20151029,92.87,92.87,91.00,91.06,872
ZPUE,20151029,356.40,356.40,349.00,350.55,124
ZUE,20151029,8.36,8.64,8.22,8.49,923
ZYWIEC,20151029,415.00,415.00,410.00,410.00,122
INVESTORMS,20151029,3736.18,3736.18,3730.89,3730.89,141350.798
MWIG40,20151029,3750.71,3750.71,3683.31,3689.22,114817.504
NCINDEX30,20151029,1061.49,1061.49,1046.83,1056.44,3331.211
RESPECT,20151029,2600.98,2600.98,2544.35,2549.80,388907.894
SWIG80,20151029,13669.65,13672.27,13497.46,13562.79,26691.372
WIG,20151029,51122.21,51148.41,50156.06,50262.68,755374.295
WIG-BANKI,20151029,6638.47,6638.47,6578.84,6578.84,254220.229
WIG-BUDOW,20151029,3108.69,3108.69,3100.18,3107.22,6940.351
WIG-CEE,20151029,769.37,770.58,769.37,769.93,5861.104
WIG-CHEMIA,20151029,15066.83,15066.83,14908.81,14908.81,6889.505
WIG-DEWEL,20151029,1472.52,1472.52,1463.86,1465.81,9471.486
WIG-ENERG,20151029,3320.71,3320.71,3265.16,3265.16,66289.731
WIG-INFO,20151029,1679.08,1679.08,1676.88,1676.88,9734.932
WIG-MEDIA,20151029,4472.79,4472.79,4422.01,4422.01,12960.177
WIG-PALIWA,20151029,4650.72,4663.21,4650.72,4663.21,109314.956
WIG-POLAND,20151029,51650.84,51650.84,51339.42,51339.42,748587.841
WIG-SPOZYW,20151029,3623.34,3623.34,3618.43,3622.10,15117.287
WIG-SUROWC,20151029,2818.92,2818.92,2788.09,2788.09,107522.413
WIG-TELKOM,20151029,855.20,859.03,855.20,856.50,31161.816
WIG-UKRAIN,20151029,400.61,400.61,395.89,395.89,5516.858
WIG20,20151029,2098.37,2102.64,2054.34,2059.34,603373.529
WIG20LEV,20151029,646.39,649.03,619.17,622.26,603373.529
WIG20SHORT,20151029,3753.46,3831.67,3745.87,3822.79,603373.529
WIG20TR,20151029,3410.07,3410.07,3383.18,3383.18,603373.529
WIG30,20151029,2338.75,2340.28,2287.61,2292.16,649343.584
WIG30TR,20151029,3751.49,3751.49,3722.66,3722.66,649343.584
WIGDIV,20151029,1091.74,1092.30,1067.96,1070.69,405541.835
ADVADIS,20151029,0.01,0.01,0.01,0.01,165000
AMPLI,20151029,0.25,0.25,0.25,0.25,1240
ARCUS,20151029,0.99,0.99,0.99,0.99,7000
AURUM,20151029,0.69,0.69,0.69,0.69,10
B3SYSTEM,20151029,0.70,0.70,0.69,0.69,105
BERLING,20151029,4.00,4.00,4.00,4.00,5927
CASHFLOW,20151029,0.18,0.19,0.18,0.19,6030
CFI,20151029,16.90,16.90,14.44,14.44,7524
COALENERG,20151029,0.71,0.71,0.71,0.71,285
COMPERIA,20151029,18.40,18.40,18.40,18.40,20
DROP,20151029,1.48,1.48,1.48,1.48,1150
EFH,20151029,0.05,0.05,0.05,0.05,4600
EKANCELAR,20151029,0.02,0.03,0.02,0.03,26900
FAM,20151029,1.41,1.51,1.41,1.51,35929
IDEON,20151029,0.02,0.02,0.02,0.02,17000
KCI,20151029,0.03,0.03,0.02,0.02,1840
MEGARON,20151029,12.50,12.50,12.50,12.50,305
MIT,20151029,0.15,0.15,0.15,0.15,15000
MSXRESOUR,20151029,0.45,0.45,0.45,0.45,2000
NEWWORLDR,20151029,0.03,0.03,0.03,0.03,184311
PBOANIOLA,20151029,0.09,0.09,0.09,0.09,10371
PBSFINANSE,20151029,3.50,3.50,3.50,3.50,162
PEIXIN,20151029,5.60,5.60,5.60,5.60,60
PEMUG,20151029,0.49,0.49,0.49,0.49,4000
PETROLINV,20151029,0.11,0.11,0.11,0.11,805382
PLAZACNTR,20151029,0.12,0.12,0.12,0.12,237066
POLCOLORIT,20151029,1.05,1.05,1.05,1.05,14486
POLIMEXMS,20151029,5.62,5.62,5.59,5.59,12966
REGNON,20151029,1.50,1.51,1.50,1.51,4073
ROVESE,20151029,1.41,1.45,1.41,1.45,36822
SANWIL,20151029,0.82,0.82,0.82,0.82,1661
SKYLINE,20151029,0.52,0.52,0.51,0.51,6006
SKYSTONE,20151029,3.35,3.35,3.35,3.35,8
WISTIL,20151029,36.99,36.99,36.99,36.99,16
ZREMB,20151029,1.09,1.09,1.08,1.08,2125
01CYBATON,20151029,3.06,3.06,2.84,3.00,32953
11BIT,20151029,70.89,70.90,70.00,70.40,3286
2CPARTNER,20151029,0.60,0.60,0.60,0.60,13
2INTELLECT,20151029,0.40,0.40,0.40,0.40,30
ABPOL,20151029,0.20,0.21,0.18,0.19,153405
ABSINVEST,20151029,1.87,1.87,1.84,1.87,1320
ACARTUS,20151029,0.28,0.28,0.28,0.28,100
ADFORM,20151029,7.50,7.50,7.50,7.50,5
ADMASSIVE,20151029,0.31,0.31,0.31,0.31,13
ADMIRAL,20151029,0.31,0.32,0.28,0.32,99621
ADVOCULAR,20151029,2.23,2.23,1.91,2.20,2622
AEDES,20151029,0.75,0.84,0.69,0.84,12055
AERFINANC,20151029,0.30,0.30,0.30,0.30,40
AGROLIGA,20151029,15.60,15.60,15.03,15.60,430
AGROTOUR,20151029,0.44,0.46,0.44,0.46,11000
AIRWAY,20151029,1.64,1.65,1.60,1.65,8071
AITON,20151029,1.09,1.09,1.09,1.09,50
ALDA,20151029,1.50,1.50,1.50,1.50,8
ALEJA,20151029,0.25,0.25,0.25,0.25,1668
ALFASTAR,20151029,0.14,0.14,0.14,0.14,4281
ALUMAST,20151029,1.30,1.37,1.11,1.20,83246
APANET,20151029,4.71,5.24,4.50,5.24,1906
APIS,20151029,0.02,0.02,0.02,0.02,70000
AQUAPOZ,20151029,7.83,8.44,7.80,7.99,445
ARAMUS,20151029,0.82,0.82,0.79,0.79,850
ARI,20151029,0.70,0.70,0.56,0.63,33050
ARRINERA,20151029,10.98,10.98,10.98,10.98,1
ARTBIZNES,20151029,0.30,0.30,0.30,0.30,20
ARTNEWS,20151029,1.68,1.68,1.52,1.63,3408
ARTP,20151029,0.09,0.09,0.09,0.09,200
ASMGROUP,20151029,2.26,2.26,2.26,2.26,1000
ASSETUS,20151029,0.93,0.96,0.93,0.96,352
ASTORIA,20151029,3.70,3.70,3.70,3.70,4
ATCCARGO,20151029,2.79,2.79,2.70,2.74,6
ATONHT,20151029,0.16,0.16,0.15,0.15,3810
AZTEC,20151029,2.95,2.95,2.87,2.95,131
B2BPARTNER,20151029,0.16,0.18,0.16,0.18,82050
BALTICINV,20151029,0.88,0.90,0.87,0.89,45282
BBCONSULT,20151029,3.58,3.75,3.58,3.75,2500
BDF,20151029,31.00,32.70,31.00,32.70,43
BINARY,20151029,0.21,0.21,0.21,0.21,38
BIOERG,20151029,0.23,0.23,0.23,0.23,100
BIOGENED,20151029,12.00,12.00,12.00,12.00,1
BIOMASS,20151029,1.50,1.55,1.41,1.54,6324
BIOMAX,20151029,0.15,0.15,0.11,0.12,1578389
BIOMAXIMA,20151029,4.10,4.23,4.10,4.23,463
BIOPLANET,20151029,15.00,15.00,15.00,15.00,975
BLACKPOIN,20151029,0.40,0.40,0.40,0.40,200
BLIRT,20151029,1.80,1.80,1.80,1.80,40
BLOOBER,20151029,35.45,35.90,34.65,35.90,14161
BLUMERANG,20151029,1.61,1.88,1.55,1.65,8905
BOA,20151029,0.33,0.33,0.33,0.33,40
BOOMERANG,20151029,0.46,0.46,0.43,0.43,17000
BORUTA,20151029,0.24,0.25,0.23,0.24,836986
BPC,20151029,0.54,0.54,0.54,0.54,30
BROADGATE,20151029,0.78,0.78,0.78,0.78,46
BVT,20151029,1.64,1.65,1.58,1.64,11422
CALESCO,20151029,1.34,1.34,1.34,1.34,10
CCS,20151029,1.10,1.10,1.10,1.10,1280
CCTOOLS,20151029,0.29,0.29,0.29,0.29,53
CENTURION,20151029,0.25,0.25,0.25,0.25,100
CEREALPLT,20151029,12.19,12.19,12.19,12.19,1
CFBPS,20151029,6.25,6.25,6.25,6.25,1
CLOUD,20151029,96.70,96.70,96.70,96.70,2
COLUMBUS,20151029,0.25,0.25,0.23,0.24,493838
COMECO,20151029,0.43,0.46,0.43,0.44,8707
CTE,20151029,5.35,5.35,5.35,5.35,1
CWPE,20151029,0.14,0.14,0.13,0.14,34204
DASE,20151029,0.44,0.44,0.44,0.44,30
DEKTRA,20151029,9.25,9.25,9.25,9.25,90
DENTAMDC,20151029,0.01,0.01,0.01,0.01,300
DEVORAN,20151029,0.63,0.63,0.59,0.63,5520
DIGITAL,20151029,0.22,0.22,0.21,0.22,950
DOMENOMAN,20151029,0.50,0.50,0.50,0.50,100
DOMLEK,20151029,17.70,17.70,17.70,17.70,1
DORADCY24,20151029,0.01,0.01,0.01,0.01,120454
EASTSIDE,20151029,1.50,1.50,1.49,1.50,3120
EASTSIDE-PP,20151029,0.01,0.01,0.01,0.01,164400
EBC,20151029,1.15,1.19,1.15,1.19,1001
EC2,20151029,0.94,0.94,0.94,0.94,1370
ECA,20151029,1.49,1.50,1.49,1.50,780
ECERAMICS,20151029,0.01,0.01,0.01,0.01,965717
ECOTECH,20151029,1.18,1.18,1.03,1.15,1020
EDISON,20151029,1.20,1.20,1.20,1.20,4
EFICOM,20151029,0.53,0.54,0.50,0.53,4065
EFIXDM,20151029,13.05,13.05,13.05,13.05,1
EGB,20151029,3.76,3.76,3.76,3.76,47
EKIOSK,20151029,0.57,0.66,0.57,0.66,2132
EKOBOX,20151029,1.37,1.38,1.36,1.38,158
EKOKOGEN,20151029,1.00,1.15,1.00,1.12,54393
EMMERSON,20151029,0.05,0.05,0.05,0.05,18
EMONT,20151029,0.90,0.92,0.90,0.91,26073
EONET,20151029,6.10,6.10,6.10,6.10,29
EPIGON,20151029,0.17,0.17,0.17,0.17,1000
EQUITIER,20151029,1.88,1.88,1.88,1.88,21
ERNE,20151029,5.34,5.64,5.34,5.50,121325
ERS,20151029,0.28,0.28,0.28,0.28,50
ESKIMOS,20151029,0.31,0.31,0.31,0.31,2500
EUROCENT,20151029,10.40,10.40,9.88,10.39,337
EUROTAX,20151029,2.58,2.58,2.23,2.58,82
EXAMOBILE,20151029,2.77,2.77,2.77,2.77,5
EXCELLENC,20151029,1.64,1.64,1.64,1.64,10
EZO,20151029,4.55,5.10,4.55,4.96,124417
FABRYKAKD,20151029,0.96,0.96,0.77,0.81,21693
FACHOWCY,20151029,0.18,0.18,0.17,0.17,113
FARM51,20151029,13.95,14.00,13.45,13.97,7471
FLUID,20151029,0.91,0.91,0.88,0.90,6950
FLYPL,20151029,0.40,0.44,0.37,0.38,9065574
FOREVEREN,20151029,0.56,0.56,0.51,0.55,37196
FORPOSTA,20151029,0.95,0.95,0.95,0.95,20
FUTURIS,20151029,0.70,0.70,0.70,0.70,5
GALVO,20151029,1.45,1.45,1.45,1.45,50
GCINVEST,20151029,0.55,0.55,0.44,0.44,32898
GEKOPLAST,20151029,10.00,10.00,9.63,9.63,491
GENOMED,20151029,16.55,16.55,16.55,16.55,16
GENRG,20151029,0.13,0.14,0.12,0.14,24422
GEOTRANS,20151029,6.08,6.11,5.50,5.83,18534
GLOBALTR,20151029,0.05,0.05,0.05,0.05,200
GOLAB,20151029,0.36,0.36,0.35,0.35,379
GPPI,20151029,0.16,0.16,0.16,0.16,153
GRAPHIC,20151029,0.80,0.87,0.80,0.87,213
GREMPCO,20151029,0.14,0.14,0.14,0.14,7458
GRJAGUAR,20151029,0.77,0.77,0.76,0.76,3000
GRUPAEMM,20151029,0.12,0.14,0.10,0.14,445372
GRUPAHRC,20151029,2.86,2.86,2.86,2.86,10
GRUPAREC,20151029,13.94,13.94,13.10,13.94,192
GWARANT,20151029,3.10,3.15,3.10,3.15,155
HAMBURGER,20151029,1.21,1.21,1.21,1.21,10
HEFAL,20151029,0.23,0.23,0.23,0.23,150
HETAN,20151029,0.77,0.92,0.76,0.92,7676
HMINWEST,20151029,9.06,9.06,9.06,9.06,204
HYDRAPRES,20151029,0.31,0.32,0.31,0.32,924
HYDROPHI,20151029,0.21,0.21,0.21,0.21,50
I3D,20151029,0.59,0.64,0.58,0.64,24739
IAI,20151029,5.29,5.29,5.29,5.29,5
IFM,20151029,0.55,0.55,0.55,0.55,30
IMAGIS,20151029,0.25,0.28,0.22,0.22,12927
INFRA,20151029,1.86,2.49,1.86,2.44,199015
INNOGENE,20151029,7.50,7.52,7.50,7.52,350
INTELIWIS,20151029,1.50,1.50,1.50,1.50,130
INTERNITY,20151029,1.00,1.00,1.00,1.00,20
INVENTI,20151029,1.75,1.75,1.75,1.75,10
INVESTEKO,20151029,1.90,1.90,1.90,1.90,20
IPODS,20151029,0.43,0.43,0.37,0.37,1981
JANTAR,20151029,0.65,0.65,0.65,0.65,1185
JRHOLDING,20151029,0.58,0.59,0.55,0.59,221
JUJUBEE,20151029,11.79,11.79,10.00,10.99,24483
KANCELWEC,20151029,0.40,0.40,0.40,0.40,48
KKHERBAL,20151029,0.32,0.32,0.32,0.32,50
KLASZTORNE,20151029,0.10,0.10,0.09,0.10,8371
KLEBAINV,20151029,3.85,3.85,3.10,3.10,755
KME,20151029,3.21,3.81,3.21,3.81,5583
KOMPLEKS,20151029,0.78,0.90,0.62,0.62,8841
KORBANK,20151029,1.66,1.66,1.66,1.66,50
KUPIEC,20151029,2.94,2.95,2.94,2.95,1210
LABOPRINT,20151029,14.80,15.19,14.08,15.19,771
LASERMED,20151029,3.21,3.21,3.21,3.21,10
LAURENPES,20151029,0.04,0.04,0.04,0.04,300
LEASINGEX,20151029,0.37,0.40,0.37,0.40,600
LEONIDAS,20151029,0.29,0.29,0.21,0.23,21648
LETUS,20151029,0.11,0.13,0.11,0.13,126
LOYD,20151029,0.34,0.38,0.30,0.32,44210
LSTECHHOM,20151029,0.96,0.96,0.89,0.96,5900
LUG,20151029,3.49,3.49,3.49,3.49,5
LUXIMA,20151029,0.04,0.04,0.04,0.04,300
LZMO,20151029,1.42,1.44,1.42,1.44,367
MADKOM,20151029,1.97,1.97,1.97,1.97,50
MAGNIFICO,20151029,0.43,0.45,0.43,0.44,3150
MAKOLAB,20151029,4.03,4.07,4.00,4.05,8532
MAKORA,20151029,1.07,1.08,1.07,1.08,70
MARKA,20151029,2.57,2.57,2.37,2.46,476
MARSOFT,20151029,0.16,0.19,0.16,0.17,39185
MAXIPIZZA,20151029,0.65,0.67,0.65,0.67,1001
MBFGROUP,20151029,6.50,6.50,6.50,6.50,250
MBPARTNER,20151029,0.03,0.03,0.03,0.03,50
MED,20151029,5.50,5.50,5.50,5.50,5
MEDIACAP,20151029,3.00,3.00,3.00,3.00,1385
MEGASONIC,20151029,4.70,4.99,4.50,4.97,1010
MERIT,20151029,0.27,0.27,0.27,0.27,50
MGAMES,20151029,0.04,0.04,0.04,0.04,5000
MGMSYS,20151029,2.39,2.39,2.22,2.22,119
MIDVEN,20151029,106.45,106.45,106.45,106.45,2
MILESTONE,20151029,7.68,7.68,7.30,7.50,402
MINOX,20151029,0.06,0.07,0.06,0.06,2679103
MODE,20151029,0.55,0.55,0.55,0.55,24
MOLMEDICA,20151029,0.02,0.02,0.01,0.01,5010
MOMO,20151029,2.65,2.65,2.65,2.65,400
MORIZON,20151029,1.47,1.47,1.47,1.47,316
MOTORICUS,20151029,0.74,0.74,0.73,0.73,352
MPAY,20151029,0.42,0.42,0.42,0.42,715
NANOTEL,20151029,2.84,2.84,2.71,2.71,1501
NAVIMORIN,20151029,3.99,4.77,3.99,4.77,825
NEPTIS,20151029,29.90,29.90,29.90,29.90,1
NETWISE,20151029,4.10,4.10,4.10,4.10,5
NFPL,20151029,0.18,0.18,0.18,0.18,100
NOVAVIS,20151029,1.16,1.27,1.10,1.16,88693
NOVINA,20151029,0.67,0.69,0.62,0.68,75108
ONICO,20151029,42.95,44.80,42.95,44.80,158
OPTIZENLB,20151029,0.43,0.43,0.43,0.43,50
ORGANIC,20151029,4.55,4.55,4.55,4.55,460
ORIONINV,20151029,95.00,95.00,78.00,88.99,395
PARTNER,20151029,0.07,0.07,0.07,0.07,500
PATFUND,20151029,0.29,0.29,0.29,0.29,500
PCHVENTURE,20151029,0.34,0.34,0.29,0.29,1480
PFMEDICAL,20151029,35.98,35.98,34.90,34.90,8
PGSSOFT,20151029,9.80,9.80,9.25,9.30,3787
PHARMENA,20151029,20.20,20.20,20.19,20.20,816
PHOTON,20151029,0.79,0.81,0.79,0.80,7179
PIK,20151029,0.30,0.30,0.30,0.30,10000
PILAB,20151029,41.00,41.48,39.50,41.48,2785
PLASMA,20151029,14.25,14.25,14.25,14.25,175
PLATIGE,20151029,13.15,13.90,13.15,13.90,670
POLFA,20151029,0.31,0.31,0.31,0.31,662
PPRICE,20151029,0.03,0.03,0.03,0.03,478495
PRESENT24,20151029,1.43,1.43,1.16,1.16,289
PRESTO,20151029,0.78,0.79,0.78,0.79,9207
PRIME,20151029,30.84,31.60,30.10,31.30,1428
PROLOG,20151029,8.54,9.09,8.54,9.09,700
PROMISE,20151029,3.58,3.58,3.58,3.58,2500
PTWP,20151029,13.00,13.00,13.00,13.00,2
PYLON,20151029,0.21,0.21,0.21,0.21,100
RAJDY4X4,20151029,0.07,0.07,0.06,0.06,4700
READGENE,20151029,1.50,1.52,1.40,1.40,950
REMEDIS,20151029,0.16,0.16,0.16,0.16,4000
ROBINSON,20151029,10.60,11.50,10.26,11.50,691
ROCCA,20151029,0.40,0.40,0.40,0.40,30
ROVITA,20151029,0.24,0.24,0.24,0.24,50
RSY,20151029,6.75,6.80,6.75,6.80,4
RUCHCHORZ,20151029,0.22,0.22,0.22,0.22,231
RUNICOM,20151029,0.56,0.56,0.56,0.56,30
SAKANA,20151029,0.30,0.30,0.30,0.30,2000
SAPLING,20151029,0.26,0.26,0.26,0.26,1
SARE,20151029,29.35,29.35,29.35,29.35,60
SEAMASTER,20151029,3.80,3.98,3.60,3.98,701
SFD,20151029,0.46,0.46,0.46,0.46,5000
SFERANET,20151029,0.75,0.75,0.75,0.75,999
SFKPOLKAP,20151029,5.80,5.82,5.62,5.62,2775
SILVACG,20151029,0.01,0.01,0.01,0.01,200
SMSKREDYT,20151029,0.88,0.88,0.88,0.88,338
SPAC1,20151029,0.34,0.35,0.32,0.32,5100
SPC,20151029,0.05,0.05,0.05,0.05,1000
STANDREW,20151029,13.80,13.80,11.50,11.50,49
STANUSCH,20151029,8.50,8.50,8.49,8.50,60
STEMCELLS,20151029,1.09,1.09,1.09,1.09,24
STOPKLA,20151029,10.18,10.18,10.00,10.00,11
SUMMALING,20151029,4.20,4.20,4.20,4.20,3
SUNTECH,20151029,0.31,0.34,0.31,0.32,4020
SURFLAND,20151029,1.04,1.10,1.04,1.10,2881
SWISSPSM,20151029,0.26,0.26,0.26,0.26,45
SZAR,20151029,0.07,0.07,0.07,0.07,200
TABLEO,20151029,0.51,0.60,0.41,0.53,33911
TAMEX,20151029,0.61,0.64,0.61,0.64,27
TAXNET,20151029,0.49,0.49,0.44,0.44,1880
TAXUSFUND,20151029,0.05,0.05,0.05,0.05,97
TECHMADEX,20151029,20.50,20.50,20.50,20.50,2
TELESTR,20151029,11.90,11.90,11.90,11.90,1500
TELGAM,20151029,0.24,0.25,0.21,0.22,132558
TELIANI,20151029,0.38,0.42,0.38,0.42,16833
TERMOEXP,20151029,1.80,1.80,1.80,1.80,10
TILIA,20151029,1.05,1.05,1.05,1.05,25
TROPHYRES,20151029,2.73,2.73,2.62,2.73,798
UNIMOT,20151029,16.20,16.20,16.20,16.20,20
UNITED,20151029,0.63,0.64,0.61,0.63,23997
VAKOMTEK,20151029,1.19,1.19,1.19,1.19,4
VCP,20151029,0.29,0.29,0.29,0.29,50
VELTO,20151029,0.55,0.66,0.44,0.51,196318
VENITI,20151029,0.74,0.74,0.60,0.60,9030
VENTUREIN,20151029,2.50,2.50,2.40,2.40,110
VERBICOM,20151029,2.37,2.40,2.37,2.40,130
VERTE,20151029,1.48,1.49,1.21,1.21,107897
VIVID,20151029,7.20,7.22,6.65,6.89,95404
WBAY,20151029,4.15,4.15,4.02,4.02,179
WDBBU,20151029,2.88,2.88,2.88,2.88,5
WERTHHOLZ,20151029,0.58,0.80,0.58,0.80,5165
WIERZYCL,20151029,0.46,0.46,0.46,0.46,30
XPLUS,20151029,0.11,0.11,0.11,0.11,12100
XSYSTEM,20151029,0.93,0.93,0.93,0.93,50
YELLOWHAT,20151029,0.28,0.28,0.28,0.28,41
YOURIMAGE,20151029,0.31,0.41,0.31,0.40,49584
NCINDEX,20151029,292.55,292.55,289.86,291.47,8118.556
2CP0317,20151029,94.50,94.50,94.50,94.50,5
AIN0717,20151029,99.45,99.45,99.45,99.45,5
ALR0421,20151029,102.50,102.50,102.50,102.50,2
AOW0317,20151029,100.69,100.69,100.69,100.69,19
BBI0217,20151029,101.00,101.00,101.00,101.00,5
BOM0221,20151029,100.01,100.01,100.01,100.01,2
BPL0421,20151029,101.00,101.00,101.00,101.00,1
BS20118,20151029,99.99,100.00,99.99,100.00,108
BST0319,20151029,99.50,99.50,99.50,99.50,26
BST0418,20151029,100.31,101.20,100.30,101.00,770
BST1018,20151029,101.00,101.30,101.00,101.30,488
BZW1216,20151029,100.51,100.51,100.51,100.51,1
CAP0617,20151029,100.00,100.00,100.00,100.00,396
CAP0917,20151029,100.30,100.30,100.30,100.30,50
CPS0721,20151029,101.40,101.40,101.40,101.40,1265
CZT0416,20151029,68.60,70.00,68.59,68.59,3
DAY0916,20151029,20.50,20.50,20.50,20.50,36
DS1017,20151029,107.30,107.30,107.30,107.30,10
DS1021,20151029,119.21,119.21,119.20,119.20,150
DS1023,20151029,110.30,110.30,110.30,110.30,50
ECH0318,20151029,102.27,102.27,102.20,102.20,710
EFM0416,20151029,100.50,100.50,100.50,100.50,3
ERC0617,20151029,100.50,100.50,100.50,100.50,30
EVC0418,20151029,101.00,101.20,101.00,101.20,10
FFI0916,20151029,92.00,92.10,92.00,92.10,95
FFI1116,20151029,92.90,92.90,92.90,92.90,1
FKD0516,20151029,92.00,92.00,92.00,92.00,3
GHC0619,20151029,101.20,101.20,101.20,101.20,180
GHE0418,20151029,102.09,102.09,102.09,102.09,8
GHE0619,20151029,99.50,99.92,99.50,99.50,1807
GHE0718,20151029,101.60,101.60,101.60,101.60,2
GHI0718,20151029,100.71,101.00,100.71,101.00,2
GNB0218,20151029,97.83,97.83,97.30,97.30,80
GNB0220,20151029,92.25,92.25,92.20,92.20,20
GNB0318,20151029,98.20,98.20,98.20,98.20,7
GNB0418,20151029,97.49,98.00,97.49,98.00,15
GNB0420,20151029,93.50,93.50,93.50,93.50,1
GNB0518,20151029,97.30,97.30,97.30,97.30,5
GNB0819,20151029,96.40,96.40,95.51,95.51,28
GNB0820,20151029,92.35,92.35,92.35,92.35,5
GNB1119,20151029,92.02,92.02,92.02,92.02,4
GNB1120,20151029,91.00,91.00,91.00,91.00,2
GTB0617,20151029,95.00,95.00,95.00,95.00,11
GTC0319,20151029,100.99,101.00,100.99,101.00,4
IPP0620,20151029,100.45,100.45,100.45,100.45,20
IZ0816,20151029,105.99,105.99,105.99,105.99,5
KME0217,20151029,101.00,101.00,101.00,101.00,9
KOS0516,20151029,99.25,99.92,99.25,99.92,51
KRS0316,20151029,63.05,65.00,63.05,65.00,94
KRU1217,20151029,102.51,102.51,102.51,102.51,14
LKD1017,20151029,100.45,100.47,100.45,100.47,24
MBR0816,20151029,89.00,90.00,89.00,90.00,28
MKR0417,20151029,98.30,98.30,98.30,98.30,5
MMP0520,20151029,100.40,100.40,100.30,100.30,20
MWD0216,20151029,99.50,99.70,99.50,99.50,270
MWT0216,20151029,99.50,99.50,99.50,99.50,22
MWT0416,20151029,99.80,99.80,99.80,99.80,280
OK0716,20151029,99.00,99.00,99.00,99.00,9
OTS0217,20151029,101.88,101.89,101.88,101.89,17
PBD0616,20151029,96.95,96.95,96.95,96.95,2
PBS0720,20151029,99.89,99.89,99.89,99.89,19
PBS1021,20151029,97.00,97.00,97.00,97.00,10
PCR0416,20151029,100.80,100.80,100.80,100.80,1
PCR0419,20151029,100.80,100.89,100.75,100.89,1151
PCR1019,20151029,100.80,100.90,100.80,100.90,841
PKN0418,20151029,101.47,101.47,101.47,101.47,500
PKN0420,20151029,107.39,107.40,107.39,107.40,406
PKN1117,20151029,101.53,101.53,101.53,101.53,1472
PND0217,20151029,100.00,100.00,100.00,100.00,52
PND0218,20151029,100.00,100.00,100.00,100.00,50
PS0719,20151029,104.97,104.97,104.97,104.97,6500
ROB0219,20151029,101.00,101.00,101.00,101.00,202
RON0119,20151029,100.00,100.00,100.00,100.00,115
RON0518,20151029,100.10,100.10,100.10,100.10,35
SBK1020,20151029,101.00,101.00,101.00,101.00,2
SBR0325,20151029,98.80,98.80,98.80,98.80,3
SMT0917,20151029,101.00,101.00,101.00,101.00,2
VOX0716,20151029,99.50,99.50,99.50,99.50,15
WLO0516,20151029,40.00,40.00,40.00,40.00,2
WZ0118,20151029,99.60,99.60,99.60,99.60,71
