FCDRZ15,20151016,27.10,27.10,26.74,27.10,10,346
FCHF,20151016,391.60,394.14,391.40,393.10,232,2519
FCHFH16,20151016,395.45,395.51,395.45,395.51,2,635
FCHFM16,20151016,398.43,398.43,397.50,398.00,3,266
FCHFU16,20151016,399.60,400.00,399.60,400.00,10,47
FCHFV15,20151016,389.74,389.74,389.74,389.74,2,250
FCHFWS,20151016,389.74,389.74,389.74,389.74,2,250
FCHFX15,20151016,393.78,393.78,393.78,393.78,2,2
FCHFZ15,20151016,391.60,394.14,391.40,393.10,213,1319
FEUR,20151016,424.00,425.00,423.90,424.99,131,22561
FEURH16,20151016,425.89,426.70,425.89,426.44,7,10297
FEURM16,20151016,427.45,428.30,427.45,428.30,12,379
FEURWS,20151016,424.00,425.00,423.90,424.99,112,11283
FEURZ15,20151016,424.00,425.00,423.90,424.99,112,11283
FJSWZ15,20151016,12.42,12.59,12.25,12.46,142,1903
FKGHH16,20151016,95.70,95.70,94.65,94.65,4,50
FKGHZ15,20151016,95.70,95.80,93.50,94.25,1087,1832
FLTSZ15,20151016,30.00,30.06,29.55,29.63,41,148
FLWBZ15,20151016,54.80,55.20,53.22,53.22,14,224
FOPLH16,20151016,7.53,7.53,7.53,7.53,1,19
FOPLZ15,20151016,7.65,7.65,7.22,7.50,46,246
FPEOZ15,20151016,154.70,156.10,154.30,155.10,81,249
FPGEZ15,20151016,14.64,14.64,14.31,14.46,141,2272
FPGNZ15,20151016,6.77,6.84,6.73,6.79,81,392
FPKNH16,20151016,65.46,65.46,65.46,65.46,1,57
FPKNZ15,20151016,65.81,66.35,64.60,64.67,853,1594
FPKOH16,20151016,30.60,30.60,30.46,30.46,10,74
FPKOZ15,20151016,31.10,31.19,30.03,30.19,688,2081
FPZUZ15,20151016,389.00,392.55,387.00,387.00,294,995
FTPEH16,20151016,3.28,3.30,3.28,3.30,13,48
FTPEM16,20151016,3.25,3.36,3.25,3.36,2,2
FTPEZ15,20151016,3.24,3.31,3.24,3.31,205,1032
FUSD,20151016,372.32,374.44,372.17,373.00,2239,22402
FUSDH16,20151016,372.90,375.22,372.90,374.40,46,2378
FUSDM16,20151016,375.98,375.98,375.00,375.00,11,88
FUSDU16,20151016,375.69,376.78,375.69,376.78,2,43
FUSDV15,20151016,371.78,372.21,371.78,372.21,2,500
FUSDWS,20151016,371.78,372.21,371.78,372.21,2,500
FUSDX15,20151016,372.73,372.73,372.73,372.73,1,3
FUSDZ15,20151016,372.32,374.44,372.17,373.00,2177,19390
FW20,20151016,2154,2159,2128,2129,12307,53910
FW20H1620,20151016,2163,2165,2139,2139,66,323
FW20M1620,20151016,2146,2146,2127,2127,2,120
FW20U1620,20151016,2125,2128,2104,2106,28,80
FW20WS,20151016,2154,2159,2128,2129,12211,53387
FW20Z1520,20151016,2154,2159,2128,2129,12211,53387
FW40H16,20151016,3700,3700,3700,3700,1,7
FW40Z15,20151016,3702,3720,3690,3699,287,2441
OW20C162200,20151016,75.50,75.50,75.30,75.30,7,28
OW20C162400,20151016,22.74,22.74,21.88,21.88,4,84
OW20C162600,20151016,3.20,3.20,3.03,3.03,3,201
OW20F162700,20151016,4.67,4.67,4.67,4.67,1,212
OW20I162400,20151016,42.50,42.50,42.50,42.50,2,11
OW20J152050,20151016,94.90,100.90,94.90,100.90,2,55
OW20J152100,20151016,52.00,52.00,31.51,31.51,40,132
OW20J152125,20151016,24.00,29.89,1.41,1.41,157,146
OW20J152150,20151016,4.00,7.99,0.35,0.35,261,328
OW20J152175,20151016,0.50,0.50,0.20,0.20,77,196
OW20J152200,20151016,0.10,0.16,0.10,0.16,16,199
OW20J152300,20151016,0.01,0.01,0.01,0.01,1,195
OW20J152400,20151016,0.01,0.01,0.01,0.01,5,159
OW20J152450,20151016,0.01,0.01,0.01,0.01,2,56
OW20K152000,20151016,154.00,154.00,154.00,154.00,1,1
OW20K152100,20151016,66.55,66.55,62.00,62.00,6,20
OW20K152150,20151016,44.24,44.24,38.83,38.83,17,37
OW20K152200,20151016,24.00,24.50,16.97,16.97,39,69
OW20K152250,20151016,9.44,9.44,9.44,9.44,10,43
OW20K152300,20151016,2.96,2.96,2.96,2.96,1,58
OW20K152350,20151016,2.00,2.00,1.50,1.50,2,144
OW20L152000,20151016,176.75,176.75,176.75,176.75,1,32
OW20L152100,20151016,99.60,99.60,85.25,85.25,12,301
OW20L152150,20151016,66.75,66.75,60.10,60.10,15,217
OW20L152200,20151016,42.75,46.43,36.59,36.59,45,1248
OW20L152300,20151016,15.15,15.15,12.00,12.00,12,452
OW20L152350,20151016,7.25,7.25,5.76,5.86,46,147
OW20L152400,20151016,2.67,2.67,2.67,2.67,10,329
OW20O161700,20151016,6.50,7.49,6.50,6.94,18,95
OW20O161800,20151016,13.50,13.50,13.50,13.50,2,111
OW20O161900,20151016,26.00,28.20,26.00,28.00,32,141
OW20O162000,20151016,50.05,50.05,50.05,50.05,2,95
OW20O162200,20151016,136.00,137.15,136.00,137.15,4,79
OW20R161700,20151016,14.99,14.99,14.99,14.99,5,52
OW20U162100,20151016,133.75,133.75,133.75,133.75,1,2
OW20V151900,20151016,0.01,0.01,0.01,0.01,2,322
OW20V152000,20151016,0.01,0.01,0.01,0.01,2,193
OW20V152050,20151016,0.50,0.50,0.50,0.50,2,148
OW20V152075,20151016,0.30,0.30,0.15,0.15,41,180
OW20V152100,20151016,0.50,0.50,0.35,0.36,94,252
OW20V152125,20151016,2.24,3.50,0.33,0.33,425,239
OW20V152150,20151016,8.00,22.50,5.00,22.22,101,165
OW20V152175,20151016,30.50,44.25,30.50,44.25,12,62
OW20V152225,20151016,75.75,75.75,75.75,75.75,1,40
OW20V152350,20151016,215.05,215.05,215.05,215.05,3,5
OW20V152450,20151016,316.40,316.40,316.40,316.40,3,1
OW20W151850,20151016,2.01,2.61,2.01,2.61,64,127
OW20W151900,20151016,3.68,3.72,3.68,3.72,5,24
OW20W151950,20151016,5.82,6.85,5.82,6.85,19,40
OW20W152000,20151016,9.20,12.50,9.20,12.50,12,31
OW20W152050,20151016,15.60,23.62,15.60,21.75,48,74
OW20W152100,20151016,31.66,37.00,31.66,37.00,55,70
OW20W152150,20151016,52.00,62.90,52.00,62.90,55,70
OW20W152200,20151016,69.50,69.50,69.50,69.50,1,2
OW20W152350,20151016,209.35,209.35,209.35,209.35,3,3
OW20W152500,20151016,357.30,357.30,357.30,357.30,3,3
OW20X151650,20151016,1.45,1.45,1.45,1.45,10,60
OW20X151700,20151016,2.15,2.15,2.07,2.07,14,490
OW20X151750,20151016,3.30,3.40,3.03,3.27,32,164
OW20X151800,20151016,4.72,5.41,4.72,5.41,30,337
OW20X151850,20151016,7.16,8.00,7.16,8.00,19,62
OW20X151900,20151016,9.42,13.21,9.42,13.21,20,3628
OW20X151950,20151016,17.90,18.45,17.90,18.45,25,82
OW20X152000,20151016,22.41,28.00,22.41,25.36,90,588
OW20X152050,20151016,32.25,39.87,32.25,39.87,39,95
OW20X152100,20151016,46.00,52.80,45.51,49.10,28,1195
OW20X152150,20151016,64.20,64.20,63.00,63.00,2,32
OW20X152200,20151016,93.50,103.05,87.10,103.05,17,1224
06MAGNA,20151016,1.90,1.92,1.90,1.92,39
4FUNMEDIA,20151016,5.15,5.15,4.81,4.96,9280
AATHOLD,20151016,22.40,23.02,22.40,23.02,264
ABCDATA,20151016,3.13,3.21,3.11,3.21,12852
ABMSOLID,20151016,0.58,0.58,0.58,0.58,7275
ABPL,20151016,37.01,37.01,36.61,37.00,153
ACAUTOGAZ,20151016,31.30,31.30,30.80,30.80,346
ACE,20151016,11.46,11.80,11.41,11.80,7550
ACTION,20151016,23.50,23.84,23.13,23.79,23934
ADIUVO,20151016,26.02,27.70,25.80,26.00,3838
ADIUVO-PDA,20151016,26.44,26.50,26.05,26.05,619
AGORA,20151016,10.82,11.10,10.82,11.10,11845
AGROTON,20151016,1.31,1.39,1.30,1.31,275026
ALCHEMIA,20151016,4.91,4.95,4.60,4.89,36452
ALIOR,20151016,83.80,84.20,82.80,82.94,57524
ALMA,20151016,9.03,9.11,8.80,9.03,6602
ALTA,20151016,1.97,1.97,1.97,1.97,1
ALTUSTFI,20151016,10.90,10.95,10.76,10.76,3068
ALUMETAL,20151016,46.66,48.00,46.66,47.57,14645
AMBRA,20151016,8.70,8.80,8.65,8.70,19363
AMICA,20151016,162.00,163.00,160.65,163.00,4997
AMREST,20151016,175.45,175.50,172.05,173.50,3277
APATOR,20151016,34.78,34.78,33.53,34.30,6115
APLISENS,20151016,12.75,12.75,12.75,12.75,1251
APSENERGY,20151016,5.50,5.50,5.20,5.32,67620
ARCTIC,20151016,3.24,3.26,3.19,3.26,7516
ARTERIA,20151016,15.17,15.17,15.09,15.09,94
ASBIS,20151016,1.06,1.11,1.05,1.08,245425
ASSECOBS,20151016,15.29,15.30,15.20,15.21,13848
ASSECOPOL,20151016,55.57,56.00,54.01,54.01,98118
ASSECOSEE,20151016,9.95,9.95,9.81,9.81,405
ASTARTA,20151016,30.00,34.00,29.41,31.80,5116
ATAL,20151016,21.60,21.73,21.60,21.73,300
ATENDE,20151016,2.67,2.67,2.65,2.65,5634
ATLANTAPL,20151016,8.40,8.48,8.40,8.48,1970
ATLANTIS,20151016,0.68,0.71,0.66,0.67,90325
ATM,20151016,9.34,9.34,9.34,9.34,2
ATMGRUPA,20151016,3.40,3.40,3.34,3.40,4568
ATREM,20151016,4.78,4.80,4.68,4.80,2200
AVIAAML,20151016,5.25,5.25,5.25,5.25,1799
AVIASG,20151016,20.75,20.75,20.75,20.75,1
AWBUD,20151016,3.09,3.09,3.05,3.09,666
BANKBPH,20151016,37.00,37.10,36.40,37.10,1167
BBIDEV,20151016,1.03,1.03,0.99,1.00,63446
BENEFIT,20151016,428.30,428.30,418.30,428.30,2097
BEST,20151016,16.30,16.30,16.30,16.30,88
BETACOM,20151016,10.38,10.55,10.28,10.32,1183
BGZBNPP,20151016,51.15,51.15,51.15,51.15,20
BIOMEDLUB,20151016,2.85,2.97,2.85,2.97,2701
BIOTON,20151016,10.65,10.65,10.47,10.47,56452
BOGDANKA,20151016,62.50,63.99,58.15,58.84,166072
BORYSZEW,20151016,5.11,5.13,5.05,5.11,115308
BOS,20151016,22.70,23.42,22.70,23.08,327
BOWIM,20151016,2.26,2.26,2.20,2.20,18568
BPHFIZMLI,20151016,86.54,86.54,86.54,86.54,2500
BPHFIZSN,20151016,47.98,48.00,47.98,48.00,436
BRASTER,20151016,13.40,13.40,13.23,13.30,1517
BRIJU,20151016,13.88,13.88,12.50,12.90,6014
BSCDRUK,20151016,34.78,34.78,34.78,34.78,2
BUDIMEX,20151016,212.00,212.00,208.10,209.00,6319
BUMECH,20151016,0.79,0.80,0.77,0.80,28509
BYTOM,20151016,3.11,3.15,3.09,3.10,19116
BZWBK,20151016,321.00,322.00,317.00,317.00,21530
CALATRAVA,20151016,0.64,0.66,0.62,0.62,90734
CAMMEDIA,20151016,6.00,6.00,6.00,6.00,140
CAPITAL,20151016,2.27,2.27,2.21,2.27,10440
CCC,20151016,171.90,173.80,170.35,173.00,46746
CDPROJEKT,20151016,27.00,27.04,26.60,27.04,120282
CDRL,20151016,18.80,18.80,18.51,18.60,18292
CEZ,20151016,75.70,76.32,74.91,76.32,1999
CHEMOS,20151016,1.58,1.72,1.51,1.66,276920
CIECH,20151016,72.15,72.20,70.55,70.55,95390
CIGAMES,20151016,23.78,24.08,23.12,24.00,62025
CNT,20151016,8.36,8.42,8.21,8.21,1450
COGNOR,20151016,1.22,1.23,1.20,1.23,16520
COLIAN,20151016,4.57,4.60,4.46,4.49,12650
COMARCH,20151016,121.50,125.00,121.45,124.70,15669
COMP,20151016,58.39,58.40,56.72,56.79,3070
CORMAY,20151016,1.70,1.73,1.69,1.73,166437
CORMAY-PDA,20151016,1.70,1.74,1.68,1.74,48571
CPGROUP,20151016,6.08,6.08,6.08,6.08,10
CUBEITG,20151016,5.22,5.22,4.90,5.01,4908
CYFRPLSAT,20151016,25.49,25.70,25.37,25.50,219658
CZTOREBKA,20151016,1.26,1.30,1.23,1.24,54545
DEBICA,20151016,84.70,85.40,84.54,85.40,1998
DECORA,20151016,6.71,7.22,6.71,7.17,8608
DELKO,20151016,8.84,8.84,8.41,8.83,2263
DGA,20151016,5.70,5.70,5.70,5.70,1
DMWDM,20151016,0.36,0.36,0.33,0.35,17038
DOMDEV,20151016,50.99,50.99,50.55,50.57,156
DROZAPOL,20151016,2.07,2.14,2.07,2.14,330
DTP,20151016,4.56,4.56,4.30,4.30,54
DUDA,20151016,5.85,5.95,5.80,5.95,3812
DUON,20151016,3.42,3.46,3.40,3.44,116294
ECARD,20151016,3.96,3.96,3.96,3.96,16
ECHO,20151016,7.00,7.05,6.94,6.94,34693
EDINVEST,20151016,2.26,2.26,2.26,2.26,772
EFEKT,20151016,15.74,15.74,15.10,15.60,345
EKOEXPORT,20151016,15.22,15.26,14.90,14.91,8346
ELBUDOWA,20151016,154.95,155.00,153.15,154.85,239
ELEKTROTI,20151016,17.22,17.62,17.22,17.62,6406
ELEMENTAL,20151016,4.26,4.29,4.26,4.27,35243
ELKOP,20151016,1.33,1.37,1.30,1.30,5142
ELZAB,20151016,15.15,15.15,15.15,15.15,500
EMCINSMED,20151016,14.99,14.99,14.99,14.99,1
EMPERIA,20151016,64.10,65.80,64.06,65.80,38660
ENAP,20151016,0.88,0.88,0.85,0.85,105
ENEA,20151016,13.68,13.87,13.55,13.57,683205
ENELMED,20151016,10.50,11.15,10.50,11.15,11314
ENERGA,20151016,17.52,17.81,17.43,17.50,2668967
ENERGOINS,20151016,10.36,10.49,10.36,10.48,2256
ERBUD,20151016,33.25,33.25,32.80,32.80,41
ERG,20151016,20.70,21.99,20.70,21.99,2528
ERGIS,20151016,5.00,5.21,4.68,5.20,394441
ESOTIQ,20151016,31.20,34.40,31.01,34.40,44
ESSYSTEM,20151016,2.97,2.97,2.95,2.95,1000
ETFDAX,20151016,412.00,414.85,410.45,410.45,56
ETFSP500,20151016,77.00,77.57,77.00,77.38,246
ETFW20L,20151016,247.60,247.60,245.99,246.00,81
EUCO,20151016,48.69,52.00,48.50,51.90,4765
EUROCASH,20151016,48.50,49.34,47.13,47.25,518190
EUROHOLD,20151016,3.00,3.00,3.00,3.00,2020
EUROTEL,20151016,17.40,17.48,17.40,17.48,334
EVEREST,20151016,1.70,1.70,1.60,1.60,380
FAMUR,20151016,1.89,1.89,1.86,1.86,1852
FARMACOL,20151016,62.50,62.60,62.10,62.10,653
FASING,20151016,17.14,17.49,17.14,17.49,443
FASTFIN,20151016,0.73,0.73,0.67,0.71,5664
FEERUM,20151016,21.98,21.98,21.98,21.98,10
FERRO,20151016,11.35,11.35,11.00,11.20,1500
FERRUM,20151016,4.82,4.82,4.68,4.68,2505
FON,20151016,0.64,0.64,0.62,0.64,32121
FORTE,20151016,52.90,53.49,52.50,52.95,27645
FOTA,20151016,0.64,0.78,0.60,0.78,572448
GETIN,20151016,1.65,1.69,1.65,1.67,299872
GETINOBLE,20151016,0.96,0.96,0.94,0.94,1816580
GINOROSSI,20151016,2.50,2.70,2.50,2.56,62631
GLCOSMED,20151016,4.44,4.44,4.43,4.43,474
GORENJE,20151016,21.50,21.50,21.50,21.50,1
GPW,20151016,38.00,38.05,37.55,37.79,360785
GRAAL,20151016,32.60,32.60,32.00,32.10,6987
GRAJEWO,20151016,25.92,25.92,25.00,25.91,102679
GREMMEDIA,20151016,1.86,1.88,1.80,1.85,4399
GROCLIN,20151016,14.35,14.43,13.76,13.98,23530
GRODNO,20151016,5.64,5.75,5.64,5.75,3278
GRUPAAZOTY,20151016,91.49,91.50,90.35,90.57,18363
GTC,20151016,7.15,7.15,7.10,7.15,107411
GTC-PDA,20151016,7.15,7.15,7.15,7.15,600
HANDLOWY,20151016,87.48,88.90,86.91,87.00,231679
HARPER,20151016,1.85,1.95,1.85,1.95,1002
HAWE,20151016,1.02,1.03,1.01,1.02,263770
HELIO,20151016,4.19,4.19,4.19,4.19,2
HERKULES,20151016,4.27,4.27,4.21,4.21,86329
HUBSTYLE,20151016,1.05,1.06,1.05,1.06,6400
HYDROTOR,20151016,37.50,37.96,37.50,37.50,620
HYPERION,20151016,3.54,3.54,3.33,3.54,166
IDEABANK,20151016,25.65,25.70,25.55,25.55,518
IDMSA,20151016,1.57,1.57,1.56,1.56,4180
IFCAPITAL,20151016,3.02,3.26,2.72,2.84,696542
IFSA,20151016,0.70,0.75,0.66,0.68,166482
IIAAV,20151016,9.77,9.80,9.77,9.80,1177
IMCOMPANY,20151016,6.89,6.90,6.89,6.90,500
IMMOBILE,20151016,2.31,2.39,2.31,2.39,75
IMPEL,20151016,27.94,27.94,27.80,27.80,9
IMPERA,20151016,1.60,1.60,1.54,1.56,6525
IMPEXMET,20151016,2.68,2.69,2.66,2.68,68297
IMS,20151016,2.02,2.02,2.00,2.00,202
INC,20151016,2.24,2.24,2.24,2.24,178
INDATA,20151016,0.92,0.92,0.88,0.91,38960
INDYGO,20151016,0.98,0.98,0.93,0.95,866141
INDYKPOL,20151016,97.40,97.40,92.05,96.50,2071
INGBSK,20151016,127.50,127.50,127.00,127.50,5386
INPOST,20151016,24.39,24.39,24.20,24.35,2250
INPRO,20151016,3.88,3.88,3.88,3.88,127
INSTALKRK,20151016,11.36,11.36,11.30,11.30,536
INTEGERPL,20151016,119.80,119.80,118.25,118.25,388
INTERAOLT,20151016,17.57,17.99,17.56,17.99,664
INTERBUD,20151016,2.12,2.20,2.05,2.19,21288
INTERCARS,20151016,241.95,244.00,241.95,243.90,1231
INTERSPPL,20151016,2.78,3.00,2.73,3.00,86685
INTROL,20151016,9.70,9.90,9.70,9.90,92
INVISTA,20151016,2.27,2.27,2.17,2.24,8370
INVPEFIZ,20151016,919.99,919.99,918.00,918.00,6
IPOPEMA,20151016,2.87,3.00,2.84,2.88,1339
IQP,20151016,0.84,0.84,0.84,0.84,5
IVMX,20151016,5.95,5.95,5.95,5.95,1
IZOBLOK,20151016,110.00,114.60,110.00,114.60,277
IZOLACJA,20151016,1.24,1.26,1.24,1.26,35
IZOSTAL,20151016,4.45,4.45,4.45,4.45,720
JHMDEV,20151016,1.40,1.45,1.38,1.45,6196
JSW,20151016,12.33,12.61,12.33,12.40,47969
JWCONSTR,20151016,4.95,4.98,4.83,4.91,27216
K2INTERNT,20151016,13.38,14.20,13.20,14.18,12607
KANIA,20151016,2.89,2.93,2.85,2.93,8572
KBDOM,20151016,3.15,3.15,2.89,3.00,348
KERDOS,20151016,0.66,0.66,0.61,0.61,2283181
KERNEL,20151016,54.00,54.77,54.00,54.60,120151
KETY,20151016,282.00,282.00,278.30,278.80,3291
KGHM,20151016,95.00,95.90,93.50,93.95,866536
KINOPOL,20151016,13.50,14.03,13.50,13.72,1689
KOFOLA,20151016,56.40,56.40,56.40,56.40,1
KOGENERA,20151016,69.40,71.92,69.40,71.92,51
KOMPUTRON,20151016,8.88,8.88,8.76,8.76,3704
KONSSTALI,20151016,32.49,33.40,32.49,33.40,2228
KOPEX,20151016,5.93,6.05,5.93,5.96,1903
KRAKCHEM,20151016,4.06,4.10,4.01,4.01,15644
KREC,20151016,7.47,7.75,7.47,7.75,5684
KREDYTIN,20151016,26.99,27.29,26.99,27.29,10
KREZUS,20151016,4.63,4.63,4.49,4.56,45971
KRKA,20151016,254.00,254.00,252.00,252.00,592
KRUK,20151016,183.00,183.00,180.00,181.65,8674
KRUSZWICA,20151016,51.00,51.00,47.90,48.20,1266
KSGAGRO,20151016,1.29,1.31,1.20,1.26,261150
LCCORP,20151016,2.00,2.00,1.97,2.00,65185
LENA,20151016,4.44,4.44,4.40,4.40,994
LENTEX,20151016,8.86,9.00,8.82,8.95,26563
LIBET,20151016,2.48,2.48,2.48,2.48,2
LIVECHAT,20151016,35.81,36.50,35.80,35.80,2674
LOTOS,20151016,30.00,30.14,29.37,29.52,112316
LPP,20151016,7500.00,7620.00,7492.90,7591.80,974
LSISOFT,20151016,4.58,4.59,4.45,4.45,2591
LUBAWA,20151016,1.13,1.15,1.08,1.10,945926
MABION,20151016,48.21,48.80,48.00,48.00,940
MAGELLAN,20151016,61.00,61.21,58.47,61.21,1089
MAKARONPL,20151016,5.60,5.78,5.60,5.78,1400
MBANK,20151016,391.95,394.30,386.60,386.60,13668
MCI,20151016,12.21,12.30,12.20,12.27,6144
MCLOGIC,20151016,39.60,39.60,36.90,39.30,1339
MEDIATEL,20151016,1.08,1.08,1.06,1.06,12176
MEDICALG,20151016,210.00,223.90,210.00,223.90,17200
MENNICA,20151016,13.91,13.92,13.50,13.90,1285
MERCATOR,20151016,18.40,18.70,18.00,18.27,6655
MERCOR,20151016,9.70,9.77,9.36,9.75,2535
MEXPOLSKA,20151016,4.13,4.20,4.04,4.14,4495
MFO,20151016,12.00,12.00,11.55,12.00,1453
MIDAS,20151016,0.60,0.61,0.59,0.61,59567
MILKILAND,20151016,1.64,1.98,1.64,1.95,433504
MILLENNIUM,20151016,6.43,6.46,6.35,6.37,409183
MIRACULUM,20151016,2.70,2.75,2.62,2.68,8242
MIRBUD,20151016,1.06,1.08,1.04,1.08,20440
MLPGROUP,20151016,34.51,35.69,34.51,35.69,66
MNI,20151016,0.87,0.90,0.85,0.85,49320
MOBRUK,20151016,8.15,8.15,8.15,8.15,33
MOL,20151016,181.10,181.10,181.10,181.10,70
MONNARI,20151016,16.70,16.98,16.70,16.97,17125
MOSTALPLC,20151016,15.79,15.79,15.40,15.40,71
MOSTALWAR,20151016,13.90,14.80,13.90,14.02,14286
MOSTALZAB,20151016,1.88,1.88,1.85,1.86,446693
MUZA,20151016,3.18,3.18,3.18,3.18,4
MWTRADE,20151016,15.85,16.10,15.75,15.75,1273
NETIA,20151016,5.70,5.70,5.41,5.41,234949
NETMEDIA,20151016,5.32,5.46,5.32,5.46,205
NEUCA,20151016,341.00,343.00,340.00,343.00,980
NEWAG,20151016,16.12,16.18,16.00,16.12,1853
NFIEMF,20151016,3.05,3.20,3.05,3.20,1096
NORTCOAST,20151016,5.60,5.60,5.60,5.60,277
NOVITA,20151016,51.05,51.85,51.00,51.85,64
NOWAGALA,20151016,1.31,1.32,1.31,1.31,15116
NTTSYSTEM,20151016,2.43,2.43,2.40,2.40,2
ODLEWNIE,20151016,2.36,2.36,2.36,2.36,1170
OPENFIN,20151016,4.04,4.06,3.91,4.01,4698
OPONEO.PL,20151016,20.00,24.00,19.40,24.00,57081
OPTEAM,20151016,9.68,10.00,9.65,10.00,4071
ORANGEPL,20151016,7.45,7.50,7.22,7.49,3578558
ORBIS,20151016,59.50,60.89,59.50,60.63,23760
ORCOGROUP,20151016,1.18,1.18,1.07,1.12,3316
OTMUCHOW,20151016,6.33,6.33,6.32,6.32,160
OVOSTAR,20151016,88.00,88.11,86.03,86.14,193
PAGED,20151016,52.00,53.31,51.99,53.31,1382
PAMAPOL,20151016,1.43,1.52,1.43,1.52,5389
PANOVA,20151016,19.04,19.10,18.43,19.00,1904
PATENTUS,20151016,0.76,0.79,0.76,0.79,2297
PBG,20151016,2.38,2.38,2.20,2.22,62060
PCCEXOL,20151016,3.18,3.18,3.09,3.09,310
PCCINTER,20151016,2.20,2.20,2.18,2.18,20151
PCCROKITA,20151016,39.80,39.89,39.63,39.63,1100
PCM,20151016,42.81,43.50,42.81,43.47,1397
PEGAS,20151016,111.20,114.20,111.20,111.40,49
PEKABEX,20151016,11.10,11.45,10.80,11.43,7211
PEKAES,20151016,12.32,12.60,12.31,12.60,3896
PEKAO,20151016,154.00,156.00,153.85,154.80,248367
PELION,20151016,63.60,64.50,63.60,64.50,70
PEMANAGER,20151016,129.50,133.70,128.00,133.70,251
PEP,20151016,25.62,26.00,25.51,25.52,2943
PEPEES,20151016,0.53,0.53,0.53,0.53,29589
PGE,20151016,14.60,14.60,14.30,14.40,2412510
PGNIG,20151016,6.80,6.86,6.72,6.74,2701546
PGODLEW,20151016,5.14,5.14,5.14,5.14,229
PHN,20151016,18.72,19.28,18.70,19.20,42582
PKNORLEN,20151016,66.40,66.40,64.50,64.50,805120
PKOBP,20151016,30.93,31.15,30.00,30.16,2776674
PKOGS,20151016,101.55,101.55,101.55,101.55,5500
PKPCARGO,20151016,66.79,67.30,64.50,64.50,9901
PLATYNINW,20151016,3.00,3.11,3.00,3.11,1100
PMPG,20151016,1.43,1.43,1.42,1.42,740
POLICE,20151016,24.75,24.90,24.55,24.90,241
POLMED,20151016,3.27,3.27,3.25,3.25,935
POLNA,20151016,25.20,25.48,25.20,25.48,471
POLNORD,20151016,12.70,12.86,12.58,12.58,67532
POLWAX,20151016,15.80,16.15,15.80,16.15,961
POZBUD,20151016,6.15,6.15,6.13,6.15,4847
PRAGMAFA,20151016,12.80,12.80,12.79,12.79,22
PRAGMAINK,20151016,12.10,12.10,12.10,12.10,157
PRAIRIE,20151016,1.08,1.10,0.99,1.01,440630
PRESCO,20151016,5.13,5.13,4.90,5.10,946
PROCAD,20151016,1.70,1.70,1.65,1.67,267
PROCHEM,20151016,16.66,16.66,16.42,16.43,10370
PROCHNIK,20151016,1.26,1.31,1.20,1.22,641687
PROJPRZEM,20151016,7.19,7.20,6.96,7.15,15730
PROTEKTOR,20151016,3.07,3.12,3.05,3.05,17159
PSG,20151016,0.82,0.82,0.81,0.82,2052
PTI,20151016,0.42,0.52,0.41,0.52,3147692
PULAWY,20151016,171.70,175.00,171.70,173.35,761
PWRMEDIA,20151016,1.23,1.28,1.23,1.27,239
PZU,20151016,389.95,393.30,386.95,386.95,197258
QUANTUM,20151016,6.01,6.01,6.01,6.01,362
QUERCUS,20151016,6.15,6.29,6.15,6.29,42328
QUMAK,20151016,10.43,10.43,10.23,10.26,4044
RADPOL,20151016,6.67,6.67,6.41,6.65,4066
RAFAKO,20151016,6.69,6.69,6.62,6.69,2664
RAFAMET,20151016,14.51,14.51,14.51,14.51,10
RAINBOW,20151016,25.80,26.25,25.14,25.60,6197
RANKPROGR,20151016,1.64,1.65,1.59,1.60,28789
RAWLPLUG,20151016,8.95,9.17,8.95,9.00,1503
RCCOFAOPEN,20151016,2.99,2.99,2.99,2.99,663
RCCRUAOPEN,20151016,9.40,9.44,9.40,9.44,908
RCGBSH10916,20151016,933.57,933.57,933.57,933.57,15
RCGLDAOPEN,20151016,437.49,437.49,437.49,437.49,10
RCLNAGOPEN,20151016,6.56,6.58,6.56,6.56,10600
RCOGSB0818,20151016,931.03,931.03,931.03,931.03,10
RCSCRAOPEN,20151016,326.43,326.43,326.43,326.43,150
RCSDGP0717,20151016,1086.42,1086.42,1086.42,1086.42,80
RCSDGP0720,20151016,980.18,998.28,980.18,998.28,7
RCSILAOPEN,20151016,59.47,59.47,59.47,59.47,1
REDAN,20151016,2.30,2.46,2.25,2.35,42374
REDWOOD,20151016,5.76,6.03,5.76,6.03,99
REINHOLD,20151016,0.53,0.54,0.53,0.54,19620
RELPOL,20151016,6.22,6.32,6.16,6.30,8708
REMAK,20151016,20.35,21.79,20.35,21.79,606
RESBUD,20151016,1.56,1.60,1.41,1.52,34090
ROBYG,20151016,2.44,2.49,2.44,2.45,14930
RONSON,20151016,1.34,1.38,1.34,1.38,450
ROPCZYCE,20151016,21.50,22.40,21.00,22.00,6405
RUBICON,20151016,1.20,1.31,1.20,1.30,5429
SANOK,20151016,57.07,59.01,57.07,58.60,1560
SCOPAK,20151016,3.18,3.18,2.89,3.03,781
SECOGROUP,20151016,20.21,20.98,20.20,20.98,252
SEKO,20151016,5.49,5.67,5.49,5.67,320
SELENAFM,20151016,18.11,18.70,18.11,18.56,132
SELVITA,20151016,21.20,21.50,21.01,21.01,1185
SERINUS,20151016,2.09,2.21,2.08,2.10,122085
SFINKS,20151016,3.68,3.88,3.68,3.86,64464
SILVANO,20151016,5.30,5.30,5.30,5.30,14576
SIMPLE,20151016,9.51,9.56,9.51,9.55,5500
SKARBIEC,20151016,30.84,31.79,30.84,31.30,3182
SKOK,20151016,1.60,1.60,1.60,1.60,80
SKOTAN,20151016,0.63,0.67,0.60,0.61,1526793
SMT,20151016,17.05,17.05,17.05,17.05,5
SNIEZKA,20151016,55.00,55.00,55.00,55.00,70
SOBIESKI,20151016,76.99,77.51,76.99,77.50,132
SOHODEV,20151016,1.20,1.22,1.20,1.22,1001
SOLAR,20151016,1.44,1.45,1.38,1.38,56991
SONEL,20151016,12.69,12.69,12.60,12.60,220
SOPHARMA,20151016,6.60,6.60,6.60,6.60,8
STALEXP,20151016,3.18,3.20,3.16,3.20,20703
STALPROD,20151016,327.45,329.90,327.45,329.90,69
STAPORKOW,20151016,5.15,5.20,5.09,5.20,5219
STARHEDGE,20151016,0.82,0.82,0.75,0.75,28200
SUNEX,20151016,0.25,0.26,0.22,0.23,3065564
SUWARY,20151016,10.85,10.85,10.70,10.70,927
SWISSMED,20151016,1.98,1.98,1.87,1.89,505
SYGNITY,20151016,9.30,9.30,9.01,9.12,3425
SYNEKTIK,20151016,16.00,16.00,15.95,16.00,10250
SYNTHOS,20151016,3.87,3.89,3.78,3.78,2244309
TALEX,20151016,18.14,18.14,17.80,18.14,130
TARCZYNSKI,20151016,13.48,13.51,13.45,13.51,306
TAURONPE,20151016,3.27,3.29,3.23,3.23,6793956
TELL,20151016,11.99,12.00,11.99,12.00,72
TERESA,20151016,15.30,15.30,15.30,15.30,501
TERMOREX,20151016,2.90,2.92,2.80,2.80,230
TESGAS,20151016,3.48,3.50,3.48,3.50,1110
TFONE,20151016,2.91,2.91,2.85,2.90,6241
TIM,20151016,8.30,8.60,8.30,8.60,5766
TORPOL,20151016,11.64,11.65,11.55,11.64,4631
TOYA,20151016,5.97,5.97,5.60,5.95,2804
TRAKCJA,20151016,10.06,10.06,9.98,10.00,71193
TRANSPOL,20151016,4.97,4.97,4.55,4.55,1133
ULMA,20151016,78.40,78.40,78.40,78.40,1
UNIBEP,20151016,11.20,11.20,11.20,11.20,1000
UNICREDIT,20151016,24.80,24.80,24.80,24.80,500
UNIMA,20151016,2.18,2.29,2.18,2.29,7120
UNISYS1AB,20151016,945.02,945.02,935.00,935.00,47
UNIWHEELS,20151016,114.00,114.50,113.20,113.20,835
URSUS,20151016,2.83,2.84,2.82,2.84,40202
VANTAGE,20151016,2.53,2.53,2.50,2.53,3721
VARIANT,20151016,1.64,1.64,1.60,1.62,21443
VIGOSYS,20151016,260.00,260.00,257.00,257.00,31
VINDEXUS,20151016,5.71,5.71,5.61,5.62,1662
VISTAL,20151016,11.04,11.46,11.04,11.43,90
VISTULA,20151016,2.96,2.96,2.86,2.89,157525
VOTUM,20151016,16.70,16.70,16.50,16.68,247
VOXEL,20151016,17.20,17.20,16.85,17.00,13478
WADEX,20151016,4.50,4.50,4.50,4.50,215
WASKO,20151016,1.93,1.93,1.88,1.92,7915
WAWEL,20151016,1310.00,1310.00,1297.90,1297.90,45
WDX,20151016,5.23,5.24,5.20,5.24,261
WIELTON,20151016,7.41,7.50,7.40,7.49,9182
WIKANA,20151016,1.71,1.71,1.60,1.70,2750
WILBO,20151016,1.30,1.32,1.29,1.32,76022
WINDMOBIL,20151016,7.80,7.90,7.80,7.90,3130
WINDMOBIL-PDA,20151016,7.71,7.90,7.71,7.90,490
WINVEST,20151016,4.10,4.10,3.85,4.10,183
WIRTUALNA,20151016,39.49,39.70,39.36,39.70,9948
WOJAS,20151016,6.62,6.69,6.50,6.69,6479
WORKSERV,20151016,14.82,15.05,14.82,15.05,17447
YAWAL,20151016,4.95,4.97,4.61,4.97,2549
ZAMET,20151016,1.95,1.95,1.90,1.90,1371
ZASTAL,20151016,0.65,0.69,0.65,0.65,53272
ZEPAK,20151016,13.51,13.79,13.51,13.53,6271
ZETKAMA,20151016,89.80,90.50,89.00,90.50,796
ZPUE,20151016,341.05,341.05,335.05,335.05,9
ZUE,20151016,8.20,8.20,8.20,8.20,1000
INVESTORMS,20151016,3772.17,3772.17,3756.75,3756.75,113501.835
MWIG40,20151016,3766.04,3770.10,3751.06,3751.06,92286.182
NCINDEX30,20151016,1040.42,1043.08,1029.83,1038.23,5120.720
RESPECT,20151016,2660.79,2665.23,2635.70,2635.70,421068.549
SWIG80,20151016,13419.83,13461.66,13400.15,13458.17,18596.783
WIG,20151016,51807.60,51909.32,51391.65,51391.65,699032.992
WIG-BANKI,20151016,6882.76,6882.76,6844.56,6844.56,165734.219
WIG-BUDOW,20151016,3087.81,3087.81,3085.16,3087.04,4199.285
WIG-CEE,20151016,754.44,754.44,744.44,744.44,8674.190
WIG-CHEMIA,20151016,15064.20,15090.58,14916.75,14916.75,17163.861
WIG-DEWEL,20151016,1485.29,1488.45,1485.29,1488.45,3153.941
WIG-ENERG,20151016,3424.82,3424.82,3410.67,3410.67,113364.088
WIG-INFO,20151016,1662.14,1662.14,1649.85,1649.85,16606.852
WIG-MEDIA,20151016,4596.65,4596.65,4576.43,4576.43,6398.611
WIG-PALIWA,20151016,4740.32,4740.32,4709.48,4709.48,74737.935
WIG-POLAND,20151016,52820.02,52820.02,52534.61,52534.61,689607.420
WIG-SPOZYW,20151016,3773.39,3773.39,3766.57,3767.18,9201.768
WIG-SUROWC,20151016,2979.39,2979.39,2933.51,2933.51,92573.880
WIG-TELKOM,20151016,899.82,902.87,896.95,896.95,28290.066
WIG-UKRAIN,20151016,399.50,399.50,396.87,396.87,8243.688
WIG20,20151016,2146.31,2152.37,2121.94,2121.94,570509.212
WIG20LEV,20151016,676.67,680.47,661.37,661.37,570509.212
WIG20SHORT,20151016,3666.53,3708.54,3656.08,3708.54,570509.212
WIG20TR,20151016,3512.76,3512.76,3486.01,3486.01,570509.212
WIG30,20151016,2385.10,2390.83,2361.00,2361.00,613685.916
WIG30TR,20151016,3861.73,3861.73,3834.47,3834.47,613685.916
WIGDIV,20151016,1107.50,1110.11,1098.46,1098.46,451075.110
08OCTAVA,20151016,1.25,1.25,1.24,1.24,3635
ADVADIS,20151016,0.01,0.01,0.01,0.01,200000
B3SYSTEM,20151016,0.68,0.68,0.68,0.68,217
BEDZIN,20151016,15.00,15.00,14.99,14.99,360
CASHFLOW,20151016,0.16,0.18,0.16,0.18,14803
CCENERGY,20151016,0.06,0.06,0.06,0.06,120
CFI,20151016,9.99,9.99,9.99,9.99,14
COALENERG,20151016,0.70,0.70,0.70,0.70,2642
COMPERIA,20151016,18.41,18.41,18.41,18.41,186
DREWEX,20151016,1.20,1.20,1.20,1.20,517
DROP,20151016,1.30,1.30,1.30,1.30,973
EFH,20151016,0.06,0.06,0.06,0.06,67245
EKANCELAR,20151016,0.04,0.04,0.04,0.04,126706
HUTMEN,20151016,5.08,5.08,4.98,4.98,1748
IDEON,20151016,0.02,0.02,0.01,0.01,545000
INTERFERI,20151016,4.59,4.59,4.59,4.59,20
KCI,20151016,0.03,0.04,0.03,0.04,572596
KDMSHIPNG,20151016,3.93,3.93,3.93,3.93,200
KOMPAP,20151016,8.25,8.25,8.25,8.25,55
MIT,20151016,0.14,0.15,0.14,0.15,43445
MSXRESOUR,20151016,0.44,0.46,0.44,0.46,30658
NEWWORLDR,20151016,0.04,0.04,0.03,0.03,202228
PBOANIOLA,20151016,0.13,0.13,0.13,0.13,1000
PBSFINANSE,20151016,3.50,3.50,3.50,3.50,515
PEIXIN,20151016,5.00,5.00,5.00,5.00,383
PEMUG,20151016,0.48,0.48,0.48,0.48,920
PETROLINV,20151016,0.15,0.16,0.15,0.16,564901
PLAZACNTR,20151016,0.14,0.14,0.14,0.14,42533
POLCOLORIT,20151016,1.25,1.30,1.25,1.30,2309
POLIMEXMS,20151016,5.80,5.86,5.80,5.86,60110
REGNON,20151016,1.20,1.20,1.20,1.20,500
ROVESE,20151016,1.27,1.39,1.27,1.39,2438
SANWIL,20151016,0.81,0.81,0.81,0.81,2851
SKYLINE,20151016,0.54,0.54,0.54,0.54,6
SKYSTONE,20151016,3.30,3.30,3.25,3.25,604
WISTIL,20151016,36.90,36.90,36.90,36.90,25
ZREMB,20151016,1.15,1.15,1.15,1.15,8400
01CYBATON,20151016,3.15,3.18,2.95,3.00,99890
11BIT,20151016,70.00,72.00,69.35,70.80,8231
2CPARTNER,20151016,0.62,0.62,0.61,0.62,1007
2INTELLECT,20151016,0.43,0.43,0.43,0.43,30
5THAVENUE,20151016,1.32,1.32,1.32,1.32,100
ABPOL,20151016,0.24,0.25,0.23,0.25,45490
ABSINVEST,20151016,1.86,1.87,1.80,1.87,49400
ACARTUS,20151016,0.25,0.25,0.24,0.24,600
ADFORM,20151016,8.48,8.48,8.48,8.48,5
ADMASSIVE,20151016,0.34,0.34,0.34,0.34,100
ADMIRAL,20151016,0.23,0.35,0.23,0.30,1462962
ADVOCULAR,20151016,2.35,2.35,2.30,2.30,45
AEDES,20151016,0.74,0.76,0.73,0.76,350
AERFINANC,20151016,0.41,0.41,0.40,0.40,80
AGROLIGA,20151016,15.58,15.58,14.80,15.49,385
AGROTOUR,20151016,0.47,0.47,0.47,0.47,1530
AIRWAY,20151016,1.50,1.53,1.40,1.53,76057
AITON,20151016,1.10,1.10,1.10,1.10,15
AKCEPTFIN,20151016,0.43,0.43,0.43,0.43,1950
ALDA,20151016,1.49,1.49,1.40,1.49,106
ALEJA,20151016,0.23,0.25,0.23,0.25,26865
ALFASTAR,20151016,0.19,0.19,0.19,0.19,10
APANET,20151016,4.94,4.94,4.78,4.90,436
AQUABB,20151016,14.00,14.00,14.00,14.00,17
ARAMUS,20151016,0.85,0.85,0.85,0.85,100
ARI,20151016,0.54,0.55,0.44,0.53,17100
ARRINERA,20151016,9.20,11.00,9.20,11.00,1077
ARTBIZNES,20151016,0.35,0.35,0.35,0.35,50
ARTNEWMED,20151016,0.04,0.04,0.04,0.04,501
ARTNEWS,20151016,1.65,1.73,1.60,1.72,527
ARTP,20151016,0.10,0.10,0.10,0.10,120
ASMGROUP,20151016,2.28,2.30,2.28,2.30,1501
ASSETUS,20151016,0.97,1.08,0.90,1.08,2333
ASTORIA,20151016,3.75,3.75,3.75,3.75,13
ASTRO,20151016,2.24,2.45,2.24,2.45,484
ATCCARGO,20151016,2.96,2.96,2.55,2.90,189
ATONHT,20151016,0.15,0.18,0.15,0.17,112140
AUTOSPA,20151016,3.32,3.78,3.32,3.78,1896
AZTEC,20151016,2.84,2.84,2.84,2.84,220
B2BPARTNER,20151016,0.14,0.16,0.14,0.16,6220
BALTICINV,20151016,0.89,0.91,0.82,0.86,267888
BALTICON,20151016,13.90,14.25,13.90,14.25,76
BBCONSULT,20151016,3.80,3.85,3.10,3.81,16418
BDF,20151016,19.00,20.00,19.00,19.90,34
BGE,20151016,0.27,0.27,0.27,0.27,1000
BGSENERGY,20151016,0.86,0.86,0.86,0.86,1163
BINARY,20151016,0.22,0.22,0.22,0.22,34
BIOERG,20151016,0.23,0.23,0.23,0.23,150
BIOGENED,20151016,12.30,12.30,12.30,12.30,1
BIOMASS,20151016,1.65,1.66,1.62,1.66,14312
BIOMAX,20151016,0.18,0.20,0.17,0.20,136613
BIOMAXIMA,20151016,4.10,4.10,3.78,3.78,744
BIOPLANET,20151016,15.00,15.00,15.00,15.00,10
BLACKPOIN,20151016,0.44,0.45,0.39,0.43,9153
BLIRT,20151016,1.79,1.79,1.79,1.79,9
BLOOBER,20151016,36.70,36.85,34.26,35.60,5881
BLUETAX,20151016,0.01,0.01,0.01,0.01,1
BOA,20151016,0.33,0.33,0.33,0.33,100
BOOMERANG,20151016,0.34,0.34,0.34,0.34,22000
BORUTA,20151016,0.31,0.31,0.23,0.25,5707916
BPC,20151016,0.48,0.48,0.48,0.48,30
BROADGATE,20151016,0.82,0.82,0.69,0.69,6273
BVT,20151016,1.77,1.92,1.75,1.89,41832
CCS,20151016,1.04,1.11,1.04,1.10,4280
CCTOOLS,20151016,0.26,0.26,0.25,0.25,2399
CDE,20151016,0.17,0.17,0.17,0.17,250
CENTURION,20151016,0.30,0.30,0.30,0.30,100
CEREALPLT,20151016,12.19,12.19,12.19,12.19,1
CFBPS,20151016,6.29,6.29,6.29,6.29,1
COLUMBUS,20151016,0.28,0.28,0.26,0.26,44739
COMECO,20151016,0.37,0.37,0.30,0.36,5187
COPERNIC,20151016,13.68,15.15,11.73,11.73,211
CORELENS,20151016,0.68,0.68,0.68,0.68,20
CSY,20151016,3.64,3.64,3.64,3.64,3
CTE,20151016,5.26,5.37,5.26,5.35,588
CWPE,20151016,0.16,0.18,0.13,0.18,90088
DANKS,20151016,0.85,0.85,0.85,0.85,5760
DASE,20151016,0.44,0.44,0.44,0.44,30
DEKTRA,20151016,9.68,9.68,9.66,9.66,187
DENTAMDC,20151016,0.01,0.01,0.01,0.01,5300
DEVORAN,20151016,0.34,0.48,0.33,0.42,29845
DIGITAL,20151016,0.21,0.21,0.21,0.21,1000
DOMLEK,20151016,17.70,17.70,17.70,17.70,1
EASTSIDE,20151016,1.69,1.69,1.59,1.69,611
EC2,20151016,1.12,1.15,1.00,1.14,35532
ECA,20151016,1.44,1.44,1.44,1.44,30
ECERAMICS,20151016,0.01,0.01,0.01,0.01,372487
ECOTECH,20151016,1.15,1.15,1.15,1.15,10
EDISON,20151016,1.17,1.17,1.17,1.17,89
EFICOM,20151016,0.54,0.54,0.51,0.54,2731
EFIXDM,20151016,13.55,13.55,13.55,13.55,2
EGB,20151016,4.13,4.60,4.13,4.60,248
EKIOSK,20151016,0.69,0.69,0.69,0.69,300
EKOPOL,20151016,3.30,3.30,3.30,3.30,304
EMMERSON,20151016,0.05,0.05,0.04,0.04,34
EMONT,20151016,1.05,1.05,1.05,1.05,500
EONET,20151016,5.29,5.39,5.08,5.39,1293
EPIGON,20151016,0.17,0.17,0.17,0.17,4000
ERNE,20151016,4.82,4.82,4.55,4.73,30542
ERS,20151016,0.28,0.28,0.28,0.28,50
ESKIMOS,20151016,0.31,0.32,0.31,0.32,1111
EUROCENT,20151016,10.00,10.30,10.00,10.30,1675
EUROTAX,20151016,2.64,2.64,2.64,2.64,1
EXAMOBILE,20151016,2.90,2.90,2.90,2.90,3
EXCELLENC,20151016,1.64,1.64,1.64,1.64,10
EZO,20151016,5.25,5.75,5.20,5.75,3665
FABRYKAKD,20151016,1.20,1.20,1.20,1.20,100
FACHOWCY,20151016,0.19,0.19,0.19,0.19,100
FARM51,20151016,13.20,14.00,12.96,13.98,19473
FLUID,20151016,0.89,0.91,0.89,0.91,10187
FLYPL,20151016,0.33,0.35,0.25,0.27,10584521
FOREVEREN,20151016,0.53,0.55,0.51,0.51,146399
FUTURIS,20151016,0.93,0.93,0.93,0.93,20
GALVO,20151016,1.48,1.48,1.43,1.47,373
GCINVEST,20151016,0.80,0.80,0.48,0.48,591775
GENRG,20151016,0.13,0.13,0.12,0.12,4693
GEOTRANS,20151016,7.46,8.30,6.48,6.48,31636
GLGPHARMA,20151016,0.08,0.08,0.08,0.08,1636000
GOLAB,20151016,0.35,0.35,0.35,0.35,50
GONTYNIEC,20151016,1.40,1.40,1.40,1.40,1505
GRAPHIC,20151016,0.44,0.53,0.44,0.53,48447
GREMPCO,20151016,0.13,0.13,0.13,0.13,1000
GRJAGUAR,20151016,0.90,0.90,0.90,0.90,10
GRUPAEMM,20151016,0.15,0.20,0.15,0.18,170878
GRUPAHRC,20151016,2.86,2.86,2.86,2.86,20
GRUPAREC,20151016,11.99,12.00,11.99,11.99,174
HAMBURGER,20151016,1.23,1.23,1.23,1.23,10
HEFAL,20151016,0.25,0.25,0.25,0.25,100
HETAN,20151016,0.68,0.77,0.68,0.77,360
HOTBLOK,20151016,0.05,0.06,0.04,0.05,210170
HYDROPHI,20151016,0.20,0.20,0.20,0.20,50
I3D,20151016,0.70,0.73,0.70,0.71,15000
IAI,20151016,5.50,5.50,5.50,5.50,10
ICPGROUP,20151016,4.15,4.15,4.15,4.15,20
IMAGIS,20151016,0.39,0.40,0.34,0.38,27873
INBOOK,20151016,0.43,0.43,0.43,0.43,30
INCANA,20151016,0.67,0.67,0.67,0.67,20
INDEXMEDI,20151016,2.45,2.45,2.45,2.45,416
INFOSCAN,20151016,4.22,4.22,4.22,4.22,119
INFOSYS,20151016,0.81,0.94,0.81,0.94,6164
INFRA,20151016,0.95,1.01,0.83,0.90,74306
INNOGENE,20151016,8.00,8.10,7.79,8.10,2306
INTELIWIS,20151016,1.73,1.75,1.64,1.75,3516
INVENTI,20151016,1.81,1.83,1.57,1.83,4069
INVESTEKO,20151016,1.80,1.80,1.80,1.80,20
INVICO,20151016,0.18,0.19,0.18,0.19,700
INWESTPL,20151016,0.30,0.31,0.30,0.30,3502
IPOSA,20151016,0.06,0.06,0.06,0.06,100
ISIAG,20151016,1.62,1.62,1.62,1.62,1
IU,20151016,2.69,2.69,2.69,2.69,45
JANTAR,20151016,0.48,0.48,0.48,0.48,7508
JRHOLDING,20151016,0.50,0.56,0.47,0.56,9098
JUJUBEE-PDA,20151016,8.25,8.45,7.31,7.55,49304
JWWINVEST,20151016,7.34,7.34,7.34,7.34,70
KANCELWEC,20151016,0.47,0.47,0.47,0.47,54
KKHERBAL,20151016,0.34,0.35,0.31,0.34,25349
KLASZTORNE,20151016,0.13,0.13,0.11,0.13,231827
KLEBAINV,20151016,4.00,4.00,4.00,4.00,2
KLON,20151016,1.60,1.62,1.60,1.62,40
KME,20151016,3.19,3.31,3.19,3.31,627
KORBANK,20151016,1.69,1.69,1.69,1.69,25
KUPIEC,20151016,2.60,2.70,2.60,2.70,1447
LABOPRINT,20151016,15.60,15.60,15.60,15.60,22
LANGLOO,20151016,0.07,0.07,0.07,0.07,2320
LAURENPES,20151016,0.03,0.03,0.03,0.03,300
LEASINGEX,20151016,0.48,0.50,0.45,0.46,1930
LEONIDAS,20151016,0.34,0.34,0.34,0.34,3
LETUS,20151016,0.16,0.18,0.16,0.16,245557
LKDESIGN,20151016,6.40,6.40,6.40,6.40,92
LOKATYBUD,20151016,0.24,0.26,0.24,0.26,2100
LOYD,20151016,0.31,0.36,0.30,0.36,54394
LSTECHHOM,20151016,1.00,1.01,0.94,1.01,5131
LUG,20151016,3.28,3.45,3.28,3.45,2737
LUXIMA,20151016,0.04,0.04,0.04,0.04,300
LZMO,20151016,1.47,1.48,1.40,1.48,6120
MADKOM,20151016,1.86,1.86,1.86,1.86,25
MAKORA,20151016,1.06,1.14,1.01,1.13,8470
MALKOWSKI,20151016,0.75,0.75,0.75,0.75,9490
MARKA,20151016,2.49,2.49,2.49,2.49,100
MARSOFT,20151016,0.13,0.13,0.13,0.13,200
MAXIPIZZA,20151016,0.67,0.67,0.67,0.67,75
MBFGROUP,20151016,6.42,6.65,6.12,6.59,1501
MBPARTNER,20151016,0.03,0.03,0.02,0.02,4010
MED,20151016,5.35,5.35,5.05,5.05,203
MEDIACAP,20151016,2.40,2.50,2.40,2.45,17000
MEDIANPOL,20151016,0.44,0.44,0.44,0.44,30
MEGASONIC,20151016,6.30,6.30,6.30,6.30,1
MERA,20151016,1.59,1.59,1.59,1.59,20
MERIT,20151016,0.24,0.24,0.24,0.24,50
MFOOD,20151016,0.50,0.50,0.50,0.50,3492
MILESTONE,20151016,8.00,8.00,7.30,7.30,427
MILKPOL,20151016,0.22,0.23,0.22,0.23,5056
MINERAL,20151016,0.48,0.48,0.48,0.48,1200
MINOX,20151016,0.08,0.08,0.07,0.08,3100272
MMCPL,20151016,5.45,5.45,5.45,5.45,1
MOBINI,20151016,0.53,0.53,0.47,0.47,1000
MODE,20151016,0.53,0.55,0.53,0.55,6027
MOLMEDICA,20151016,0.03,0.03,0.02,0.02,2959538
MONDAY,20151016,0.81,0.81,0.80,0.80,800
MORIZON,20151016,1.46,1.46,1.46,1.46,1
MOTORICUS,20151016,0.38,0.45,0.34,0.45,6271
NANOTEL,20151016,2.85,2.85,2.85,2.85,1
NEPTIS,20151016,28.01,30.68,28.01,30.00,494
NETWISE,20151016,3.85,4.15,3.85,4.15,144
NFPL,20151016,0.18,0.18,0.18,0.18,12897
NOVATIS,20151016,0.40,0.42,0.33,0.42,6065
NOVAVIS,20151016,1.19,1.23,1.11,1.17,23851
NOVINA,20151016,0.56,0.61,0.56,0.60,55080
NWAI,20151016,1.95,2.00,1.95,2.00,287
ONICO,20151016,38.85,38.86,38.85,38.86,2415
OPENNET,20151016,1.80,1.85,1.78,1.85,540
OPTIZENLB,20151016,0.32,0.38,0.32,0.38,6615
ORGANIC,20151016,4.35,4.35,4.07,4.35,63
PARTNER,20151016,0.07,0.07,0.07,0.07,100
PATFUND,20151016,0.48,0.48,0.39,0.39,770
PCHVENTURE,20151016,0.28,0.32,0.28,0.32,2660
PFMEDICAL,20151016,37.49,37.49,33.25,33.25,54
PGSSOFT,20151016,7.95,7.98,7.80,7.96,10035
PHARMENA,20151016,20.00,20.50,19.80,20.50,1972
PHOTON,20151016,0.75,0.81,0.74,0.74,8237
PIK,20151016,0.39,0.40,0.33,0.35,14683
PILAB,20151016,43.00,43.99,43.00,43.20,434
PLASMA,20151016,13.00,13.00,13.00,13.00,5
PLATIGE,20151016,12.39,12.50,12.39,12.50,252
PLAYMAKER,20151016,0.02,0.02,0.02,0.02,100000
POLFA,20151016,0.28,0.32,0.28,0.32,3213
PPRICE,20151016,0.05,0.05,0.05,0.05,6600
PREFABET,20151016,10.00,10.00,10.00,10.00,10
PREMFOOD,20151016,0.75,0.82,0.75,0.82,500
PRESTO,20151016,0.63,0.65,0.63,0.65,9253
PRIME,20151016,31.10,31.10,30.30,30.65,892
PROLOG,20151016,9.03,9.10,9.03,9.10,264
PROMISE,20151016,3.40,3.40,3.40,3.40,3500
PRYMUS,20151016,5.07,5.07,5.07,5.07,10
RAJDY4X4,20151016,0.06,0.06,0.06,0.06,16763
READGENE,20151016,1.53,1.53,1.53,1.53,45
ROBINSON,20151016,11.28,11.85,11.28,11.85,98
ROCCA,20151016,0.40,0.40,0.40,0.40,30
ROVITA,20151016,0.24,0.24,0.24,0.24,100
RSY,20151016,6.93,6.93,6.93,6.93,5
RUCHCHORZ,20151016,0.24,0.24,0.24,0.24,50
S4E,20151016,8.00,8.00,8.00,8.00,500
SAPLING,20151016,0.25,0.25,0.25,0.25,1502
SARE,20151016,29.10,29.75,28.00,29.50,477
SETANTA,20151016,16.20,16.20,16.20,16.20,10
SFERANET,20151016,0.72,0.72,0.71,0.72,620
SFKPOLKAP,20151016,6.37,6.59,6.37,6.59,2995
SILVACG,20151016,0.01,0.01,0.01,0.01,205
SITE,20151016,0.06,0.06,0.06,0.06,300
SMOKESHOP,20151016,0.33,0.33,0.33,0.33,1762
SMSKREDYT,20151016,0.88,0.88,0.88,0.88,662
SPC,20151016,0.05,0.05,0.05,0.05,500
STANDREW,20151016,7.30,7.30,7.00,7.00,7
STANUSCH,20151016,8.50,8.50,8.50,8.50,175
SUMMALING,20151016,4.60,5.50,4.60,5.50,404
SURFLAND,20151016,0.77,0.80,0.77,0.80,967
SYMBIO,20151016,3.10,3.10,3.00,3.00,579
SZAR,20151016,0.07,0.07,0.06,0.07,5700
T2INVEST,20151016,1.75,1.75,1.75,1.75,10
TABLEO,20151016,0.88,0.88,0.71,0.80,1762
TAMEX,20151016,0.59,0.59,0.49,0.53,21905
TAXNET,20151016,0.60,0.72,0.50,0.68,68844
TAXUSFUND,20151016,0.06,0.07,0.06,0.07,12032
TECHMADEX,20151016,20.30,20.30,20.04,20.30,34
TELESTR,20151016,12.00,12.00,12.00,12.00,850
TELGAM,20151016,0.25,0.25,0.24,0.24,4200
TERMOEXP,20151016,1.80,1.80,1.80,1.80,10
TILIA,20151016,1.48,1.48,1.26,1.26,1313
TRICEPS,20151016,0.46,0.46,0.46,0.46,155
UNITED,20151016,0.59,0.65,0.56,0.59,67746
VCP,20151016,0.28,0.28,0.28,0.28,40
VELTO,20151016,0.31,0.32,0.25,0.27,175955
VENTUREIN,20151016,1.92,2.14,1.90,2.14,1250
VERBICOM,20151016,2.35,2.35,2.35,2.35,20
VIDIS,20151016,2.77,2.77,2.77,2.77,263
VISION,20151016,0.01,0.01,0.01,0.01,41410
VIVID,20151016,6.41,6.75,6.36,6.62,106656
WBAY,20151016,4.20,4.25,4.20,4.25,285
WDBBU,20151016,2.89,2.89,2.60,2.89,2525
WESTREAL,20151016,1.69,1.69,1.41,1.65,2054
WIERZYCL,20151016,0.47,0.47,0.47,0.47,50
XPLUS,20151016,0.12,0.12,0.11,0.12,22713
XSYSTEM,20151016,0.92,0.92,0.92,0.92,3
YELLOWHAT,20151016,0.34,0.34,0.34,0.34,72
YOURIMAGE,20151016,0.39,0.39,0.34,0.39,40516
NCINDEX,20151016,287.35,288.05,286.60,287.86,9086.623
2CP0317,20151016,93.00,93.00,93.00,93.00,2
ALR0421,20151016,102.91,102.91,102.87,102.87,11
BPS0718,20151016,96.50,96.50,96.50,96.50,40
BPS0720,20151016,101.00,101.00,101.00,101.00,9
BPS1122,20151016,95.04,95.04,95.04,95.04,20
BS20118,20151016,99.99,100.15,99.99,100.15,786
BST0516,20151016,100.90,101.00,100.90,101.00,350
BST1018,20151016,100.52,100.52,100.52,100.52,10
BZW1216,20151016,100.50,100.50,100.50,100.50,15
CHS0318,20151016,100.00,100.00,100.00,100.00,3
CPS0721,20151016,101.40,101.40,101.35,101.35,793
CZT0416,20151016,70.25,70.25,70.25,70.25,2
DAY0916,20151016,20.00,25.00,20.00,25.00,37
DS1017,20151016,106.90,106.90,106.90,106.90,25
DS1019,20151016,113.70,113.70,113.70,113.70,65
DS1020,20151016,114.15,114.50,114.15,114.50,85
ECH0318,20151016,102.04,102.20,102.04,102.20,1000
EFM0416,20151016,100.30,100.30,100.30,100.30,10
FFI0116,20151016,93.50,93.50,93.50,93.50,100
FKD0516,20151016,94.98,94.98,94.98,94.98,2
FRR0517,20151016,103.00,103.00,103.00,103.00,4
GHE0619,20151016,97.00,97.00,97.00,97.00,10
GHI0619,20151016,99.50,99.50,99.50,99.50,14
GHJ0718,20151016,99.90,100.20,99.90,100.20,11
GNB0218,20151016,98.00,98.00,98.00,98.00,17
GNB0321,20151016,91.84,91.84,91.84,91.84,1
GNB0720,20151016,92.40,92.40,92.40,92.40,20
GPW0117,20151016,100.73,100.73,100.73,100.73,517
IPP0620,20151016,100.55,100.55,100.20,100.20,17
KAN1117,20151016,101.60,101.60,101.60,101.60,7
KBS0518,20151016,100.00,100.00,100.00,100.00,70
KLN0217,20151016,101.10,101.10,101.00,101.00,33
KOS0516,20151016,99.97,99.97,99.97,99.97,1
KOS1117,20151016,99.87,99.87,99.87,99.87,1
KRS0316,20151016,69.00,69.00,69.00,69.00,181
KRS0416,20151016,66.50,66.50,66.50,66.50,110
KRU0620,20151016,100.47,100.47,100.47,100.47,14
KRU0818,20151016,105.01,105.01,105.01,105.01,35
KRU1217,20151016,103.50,103.50,103.50,103.50,82
LKD1017,20151016,100.35,100.35,100.01,100.01,29
MRB0717,20151016,84.52,88.00,84.52,88.00,37
MUR0418,20151016,99.95,99.95,99.95,99.95,30
MUR1115,20151016,99.60,99.60,99.50,99.50,25
MUR1116,20151016,101.00,101.00,101.00,101.00,92
MWT0216,20151016,99.60,99.60,99.60,99.60,20
MWT0316,20151016,99.70,99.70,99.70,99.70,30
MWT0416,20151016,99.80,99.80,99.80,99.80,100
OTS1118,20151016,101.50,101.50,101.50,101.50,40
PBD0616,20151016,96.99,96.99,96.99,96.99,44
PBS0325,20151016,100.19,100.19,100.19,100.19,9
PBS0523,20151016,98.00,98.50,98.00,98.50,101
PBS1021,20151016,96.70,96.70,96.00,96.00,123
PCR0416,20151016,101.00,101.00,100.70,101.00,186
PCR0419,20151016,100.80,100.80,100.80,100.80,1
PCR0517,20151016,103.00,103.00,103.00,103.00,1
PCR0620,20151016,100.20,100.20,100.20,100.20,6
PCR1019,20151016,100.80,100.80,100.80,100.80,101
PK11117,20151016,100.40,100.40,100.40,100.40,10
PKN0418,20151016,101.01,101.10,101.01,101.10,1702
PKN0617,20151016,101.34,101.34,101.34,101.34,8
PKN1117,20151016,100.81,100.81,100.81,100.81,151
PND0217,20151016,100.50,100.50,100.50,100.50,3
PND0618,20151016,99.75,99.80,99.75,99.80,76
PRF0418,20151016,99.90,99.98,99.90,99.98,10
PRF1216,20151016,99.35,99.35,99.35,99.35,1
PS0416,20151016,101.75,101.75,101.75,101.75,49
PS0718,20151016,102.10,102.10,102.10,102.10,42
ROG0218,20151016,101.05,101.05,101.00,101.05,1100
SBK0923,20151016,98.90,98.90,98.90,98.90,870
SMT0917,20151016,100.89,100.90,100.89,100.90,18
SUL0717,20151016,99.00,99.00,99.00,99.00,4
UND0317,20151016,102.50,104.00,102.50,104.00,2
VIN1116,20151016,102.20,102.20,102.20,102.20,3
VOX0716,20151016,99.56,99.56,99.50,99.50,15
WMO0317,20151016,102.00,102.00,102.00,102.00,320
WRL0516,20151016,93.29,93.29,93.29,93.29,14
WSE1016,20151016,102.70,102.70,102.59,102.59,19
WZ0126,20151016,96.50,96.50,96.50,96.50,2
