FCDRZ15,20151021,26.70,27.06,26.55,26.71,17,344
FCHF,20151021,394.71,396.10,394.03,396.10,1281,2979
FCHFF16,20151021,394.83,395.05,394.83,395.05,500,0
FCHFU16,20151021,402.20,402.50,401.87,402.50,12,59
FCHFWS,20151021,393.53,394.57,393.53,394.57,253,255
FCHFX15,20151021,393.53,394.57,393.53,394.57,253,255
FCHFZ15,20151021,394.71,396.10,394.03,396.10,516,1754
FEUR,20151021,427.42,429.95,427.39,429.95,3419,24128
FEURH16,20151021,428.99,431.46,428.80,431.46,1153,11446
FEURM16,20151021,430.41,433.66,430.41,433.66,58,398
FEURU16,20151021,432.10,435.00,432.10,435.00,31,136
FEURWS,20151021,427.70,429.67,427.70,429.67,4,4
FEURX15,20151021,427.70,429.67,427.70,429.67,4,4
FEURZ15,20151021,427.42,429.95,427.39,429.95,2173,12144
FGPWZ15,20151021,40.46,40.56,39.67,39.67,22,32
FJSWH16,20151021,13.08,13.44,12.73,12.73,10,100
FJSWM16,20151021,13.08,13.30,13.03,13.30,9,11
FJSWZ15,20151021,12.75,13.35,12.66,12.70,507,2038
FKGHZ15,20151021,92.25,93.67,91.13,91.77,1630,1797
FLTSZ15,20151021,29.59,29.59,28.88,28.88,24,161
FOPLH16,20151021,7.27,7.27,7.27,7.27,1,20
FOPLZ15,20151021,7.15,7.16,7.11,7.15,54,335
FPEOZ15,20151021,155.25,157.60,154.70,157.00,71,231
FPGEZ15,20151021,14.11,14.20,13.72,13.86,415,2594
FPGNZ15,20151021,6.84,6.86,6.73,6.73,55,383
FPKNZ15,20151021,65.16,65.31,63.42,63.42,566,1796
FPKOZ15,20151021,30.36,30.91,30.11,30.70,954,2122
FPZUH16,20151021,381.00,381.00,380.00,380.00,2,3
FPZUZ15,20151021,381.40,382.70,378.50,379.00,158,1100
FSNSZ15,20151021,3.83,3.83,3.83,3.83,10,12
FTPEZ15,20151021,3.19,3.21,3.15,3.16,138,1214
FUSD,20151021,376.24,378.84,375.86,378.47,5341,22376
FUSDH16,20151021,378.64,379.55,377.26,379.55,2075,2379
FUSDM16,20151021,378.26,380.29,378.26,380.29,30,86
FUSDU16,20151021,379.40,381.00,379.40,381.00,11,42
FUSDWS,20151021,376.24,378.84,375.86,378.47,3225,19860
FUSDZ15,20151021,376.24,378.84,375.86,378.47,3225,19860
FW20,20151021,2123,2125,2100,2106,12253,55392
FW20H1620,20151021,2126,2133,2110,2113,44,322
FW20M1620,20151021,2120,2120,2092,2095,44,136
FW20U1620,20151021,2101,2101,2085,2085,17,117
FW20WS,20151021,2123,2125,2100,2106,12148,54817
FW20Z1520,20151021,2123,2125,2100,2106,12148,54817
FW40H16,20151021,3696,3696,3696,3696,1,6
FW40Z15,20151021,3744,3749,3676,3682,414,2419
OW20C162300,20151021,36.86,39.33,36.86,39.33,2,56
OW20C162600,20151021,2.61,2.61,2.61,2.61,1,206
OW20F162400,20151021,27.64,27.64,27.64,27.64,1,15
OW20I162400,20151021,35.32,35.32,35.32,35.32,1,19
OW20I162600,20151021,11.99,11.99,11.99,11.99,5,109
OW20K152075,20151021,67.70,69.00,58.95,60.10,5,70
OW20K152100,20151021,51.00,51.00,51.00,51.00,1,15
OW20K152125,20151021,39.81,39.81,35.81,35.81,3,13
OW20K152150,20151021,28.84,28.84,22.90,22.90,13,56
OW20K152175,20151021,20.50,20.50,18.06,20.25,4,8
OW20K152200,20151021,13.76,13.76,9.70,10.50,14,111
OW20K152225,20151021,7.77,7.99,6.10,6.10,11,25
OW20K152250,20151021,5.18,5.52,4.21,4.39,20,53
OW20K152275,20151021,2.94,2.94,2.59,2.59,34,66
OW20K152300,20151021,2.00,2.01,1.85,1.85,189,195
OW20K152350,20151021,0.85,0.85,0.80,0.80,12,196
OW20L151900,20151021,215.20,215.20,215.20,215.20,1,9
OW20L152100,20151021,82.00,82.00,71.00,71.00,18,217
OW20L152150,20151021,51.35,51.35,50.00,50.00,2,154
OW20L152200,20151021,31.65,33.00,26.81,26.81,21,1250
OW20L152250,20151021,19.50,19.85,18.00,19.85,8,107
OW20L152300,20151021,10.46,10.46,8.80,8.80,20,491
OW20L152350,20151021,4.95,4.95,4.95,4.95,5,96
OW20L152600,20151021,0.68,0.68,0.68,0.68,2,357
OW20M161750,20151021,5.19,5.40,5.19,5.40,6,6
OW20O161700,20151021,8.20,8.40,8.20,8.40,11,130
OW20U161800,20151021,40.35,40.35,40.35,40.35,1,22
OW20W151800,20151021,1.00,1.50,1.00,1.10,3,98
OW20W151850,20151021,2.01,2.55,2.00,2.55,14,179
OW20W151875,20151021,2.28,2.67,2.28,2.43,23,20
OW20W151900,20151021,3.21,3.63,3.21,3.63,7,29
OW20W151925,20151021,4.87,5.35,4.87,5.35,9,14
OW20W151950,20151021,6.71,7.28,6.58,7.28,7,58
OW20W151975,20151021,9.60,10.16,8.40,10.16,13,14
OW20W152000,20151021,12.23,14.00,10.95,14.00,29,88
OW20W152050,20151021,19.18,27.29,19.18,27.29,16,86
OW20W152100,20151021,37.63,40.00,37.63,39.60,6,75
OW20W152150,20151021,66.85,66.85,66.85,66.85,1,90
OW20X151700,20151021,2.55,2.59,2.31,2.31,13,526
OW20X151800,20151021,5.48,6.04,5.48,6.04,26,393
OW20X151850,20151021,8.53,8.53,8.53,8.53,5,82
OW20X151900,20151021,13.05,13.05,12.26,12.42,24,3639
OW20X151950,20151021,19.33,19.33,19.33,19.33,3,80
OW20X152000,20151021,31.00,31.00,28.00,28.00,21,591
OW20X152100,20151021,63.20,63.20,63.20,63.20,2,1152
OW20X152150,20151021,84.60,84.60,84.60,84.60,1,31
OW20X152200,20151021,119.55,119.55,113.00,113.00,4,1226
OW20X152300,20151021,199.65,199.65,196.00,196.00,6,2595
06MAGNA,20151021,1.85,1.92,1.85,1.92,18
4FUNMEDIA,20151021,5.14,5.15,4.98,5.15,7413
AATHOLD,20151021,21.34,21.80,21.30,21.50,1393
ABCDATA,20151021,3.17,3.17,3.16,3.16,7377
ABMSOLID,20151021,0.55,0.58,0.55,0.58,551
ABPL,20151021,36.33,36.33,36.32,36.32,1361
ACAUTOGAZ,20151021,30.70,31.30,30.70,31.30,109
ACE,20151021,11.89,11.98,11.55,11.83,13516
ACTION,20151021,25.00,27.00,25.00,26.69,13282
ADIUVO,20151021,25.80,26.20,25.53,26.20,313
AGORA,20151021,11.22,11.38,11.20,11.20,9018
AGROTON,20151021,1.31,1.36,1.25,1.36,55975
ALCHEMIA,20151021,4.89,4.92,4.81,4.88,32726
ALIOR,20151021,82.00,82.81,81.36,82.35,119783
ALMA,20151021,8.98,9.40,8.77,9.04,4876
ALTA,20151021,2.16,2.19,2.16,2.19,2
ALTUSTFI,20151021,10.56,10.70,10.56,10.70,1660
ALUMETAL,20151021,49.30,50.96,49.12,50.50,7136
AMBRA,20151021,8.20,8.24,8.11,8.17,5293
AMICA,20151021,163.50,165.70,163.50,165.05,34301
AMREST,20151021,178.00,178.50,176.35,178.50,64
APATOR,20151021,32.50,32.50,32.22,32.22,2437
APLISENS,20151021,12.70,12.70,12.70,12.70,1
APSENERGY,20151021,5.25,5.25,5.25,5.25,2
ARCTIC,20151021,3.15,3.18,3.15,3.18,11858
ARK2FRN15,20151021,68.31,68.31,68.30,68.30,202
ARKASWE17,20151021,70.95,73.99,70.94,73.99,201
ARTERIA,20151021,14.90,14.94,14.61,14.94,898
ASBIS,20151021,1.09,1.27,1.08,1.21,1627944
ASSECOBS,20151021,15.35,15.39,15.15,15.38,3205
ASSECOPOL,20151021,55.20,55.80,54.80,54.81,64252
ASSECOSEE,20151021,9.96,9.96,9.90,9.90,436
ASSECOSLO,20151021,17.80,17.80,17.80,17.80,50
ASTARTA,20151021,30.50,32.64,30.02,31.55,3077
ATAL,20151021,21.75,21.75,21.75,21.75,411
ATENDE,20151021,2.78,2.78,2.78,2.78,1000
ATLANTAPL,20151021,9.10,9.40,8.88,8.95,3486
ATLANTIS,20151021,0.80,0.83,0.76,0.79,326375
ATM,20151021,9.50,9.53,9.20,9.49,385
ATMGRUPA,20151021,3.41,3.47,3.36,3.39,6477
ATREM,20151021,4.69,4.69,4.69,4.69,100
AVIAAML,20151021,5.20,5.20,5.19,5.19,24
AVIASG,20151021,20.75,20.75,20.75,20.75,1
AWBUD,20151021,3.00,3.11,3.00,3.11,620
BALTONA,20151021,7.70,7.70,7.70,7.70,50
BANKBPH,20151021,36.50,36.70,36.45,36.45,118
BBIDEV,20151021,0.97,1.01,0.95,1.01,89816
BENEFIT,20151021,439.90,439.90,432.00,435.00,905
BEST,20151021,17.11,17.68,17.02,17.68,870
BETACOM,20151021,10.10,10.10,10.10,10.10,875
BGZBNPP,20151021,51.00,52.00,50.00,50.90,3629
BIOMEDLUB,20151021,2.97,2.97,2.85,2.97,2410
BIOTON,20151021,11.15,11.15,10.86,10.90,110368
BOGDANKA,20151021,58.49,58.65,57.20,57.50,14769
BORYSZEW,20151021,5.11,5.15,5.06,5.10,98880
BOS,20151021,23.11,23.85,22.89,22.89,2461
BOWIM,20151021,2.26,2.27,2.13,2.13,51100
BRASTER,20151021,14.45,14.58,13.75,14.35,10608
BRIJU,20151021,13.79,13.80,13.76,13.80,1652
BSCDRUK,20151021,33.97,34.00,33.60,34.00,8038
BUDIMEX,20151021,214.65,214.95,210.20,210.20,1866
BUMECH,20151021,0.79,0.80,0.79,0.79,3910
BYTOM,20151021,3.12,3.12,3.05,3.06,71577
BZWBK,20151021,318.75,318.75,313.55,314.70,37716
CALATRAVA,20151021,0.73,0.75,0.69,0.69,183882
CAMMEDIA,20151021,6.07,6.07,6.07,6.07,50
CAPITAL,20151021,2.26,2.27,2.24,2.27,15266
CCC,20151021,173.00,174.00,172.30,173.00,41461
CDPROJEKT,20151021,26.68,27.00,26.48,26.80,131206
CDRL,20151021,18.69,18.90,18.20,18.90,12526
CEZ,20151021,75.50,76.09,75.50,76.09,15887
CHEMOS,20151021,1.58,1.71,1.57,1.58,127302
CIECH,20151021,72.75,73.00,72.55,72.94,18993
CIGAMES,20151021,24.00,24.07,23.61,23.80,31066
CNT,20151021,8.44,8.45,8.31,8.45,3630
COGNOR,20151021,1.18,1.23,1.17,1.23,33857
COLIAN,20151021,4.40,4.53,4.40,4.50,12128
COMARCH,20151021,122.10,122.95,120.00,120.35,2882
COMP,20151021,56.40,56.90,56.00,56.89,20253
CORMAY,20151021,1.77,1.89,1.75,1.86,837378
CPGROUP,20151021,6.00,6.00,6.00,6.00,256000
CUBEITG,20151021,5.11,5.11,4.80,5.11,782
CYFRPLSAT,20151021,25.07,25.15,24.25,24.45,758937
CZTOREBKA,20151021,1.16,1.18,1.13,1.15,29069
DBW20S0817,20151021,97.31,97.31,97.31,97.31,70
DEBICA,20151021,88.00,88.00,86.50,87.99,1652
DECORA,20151021,7.48,7.48,7.22,7.22,594
DELKO,20151021,8.65,8.80,8.50,8.80,3672
DGA,20151021,5.50,5.70,5.50,5.70,4
DMWDM,20151021,0.33,0.35,0.33,0.33,5952
DOMDEV,20151021,51.25,51.80,50.51,50.51,233
DROZAPOL,20151021,2.15,2.15,2.14,2.14,3552
DTP,20151021,4.56,4.65,4.26,4.48,22550
DUDA,20151021,6.03,6.05,6.00,6.00,4618
DUON,20151021,3.40,3.44,3.32,3.33,715763
ECHO,20151021,6.95,6.95,6.95,6.95,1555
EFEKT,20151021,15.29,15.78,14.74,15.78,2306
EKOEXPORT,20151021,14.97,15.06,14.75,14.89,15576
ELBUDOWA,20151021,153.30,154.50,153.30,154.10,501
ELEKTROTI,20151021,18.79,18.79,18.30,18.66,5847
ELEMENTAL,20151021,4.30,4.34,4.28,4.30,109250
ELKOP,20151021,1.42,1.54,1.36,1.36,32685
ELZAB,20151021,14.89,15.15,14.89,15.15,644
EMCINSMED,20151021,14.98,14.98,14.98,14.98,1
EMPERIA,20151021,65.99,68.99,65.99,67.33,4334
ENAP,20151021,0.88,0.92,0.88,0.92,12466
ENEA,20151021,13.51,13.65,13.26,13.41,293027
ENELMED,20151021,10.91,11.00,10.90,10.90,408
ENERGA,20151021,16.80,16.98,16.80,16.82,583694
ENERGOINS,20151021,11.28,11.28,10.91,11.26,4552
ERBUD,20151021,32.54,33.40,31.57,31.85,5351
ERG,20151021,21.50,21.50,21.50,21.50,1
ERGIS,20151021,5.04,5.09,4.86,4.92,72538
ESOTIQ,20151021,34.00,34.00,34.00,34.00,59
ESSYSTEM,20151021,2.88,2.88,2.88,2.88,1198
ETFDAX,20151021,420.30,424.21,420.30,424.21,28
ETFSP500,20151021,77.66,78.78,77.66,78.15,660
ETFW20L,20151021,244.49,244.49,244.18,244.20,78
EUCO,20151021,52.30,52.30,49.60,50.59,1793
EUROCASH,20151021,48.50,49.20,47.64,48.00,1247278
EUROHOLD,20151021,3.33,3.33,3.33,3.33,12
EUROTEL,20151021,16.92,17.20,16.92,17.20,1671
EVEREST,20151021,1.58,1.58,1.54,1.54,57
FAMUR,20151021,1.93,1.93,1.87,1.90,8580
FARMACOL,20151021,63.20,63.20,62.70,62.80,226
FASING,20151021,17.65,17.65,17.10,17.64,167
FASTFIN,20151021,0.64,0.66,0.62,0.62,54538
FEERUM,20151021,21.98,21.98,21.98,21.98,10
FERRO,20151021,11.20,11.37,11.10,11.20,2668
FERRUM,20151021,4.70,4.70,4.60,4.61,899
FON,20151021,0.72,0.74,0.67,0.70,183963
FORTE,20151021,52.99,53.74,52.72,53.50,31439
FOTA,20151021,0.71,0.76,0.69,0.70,148032
GETIN,20151021,1.64,1.67,1.62,1.66,312379
GETINOBLE,20151021,0.96,0.97,0.93,0.94,4601851
GINOROSSI,20151021,2.55,2.55,2.50,2.50,22945
GLCOSMED,20151021,4.46,4.46,4.36,4.45,813
GPW,20151021,40.23,40.41,39.40,39.85,36659
GRAAL,20151021,31.90,31.90,31.50,31.51,1371
GRAJEWO,20151021,26.50,27.47,26.20,26.20,155214
GREMMEDIA,20151021,1.76,1.80,1.76,1.80,4499
GROCLIN,20151021,14.20,14.45,14.00,14.00,7544
GRODNO,20151021,5.69,5.69,5.50,5.68,3300
GRUPAAZOTY,20151021,95.99,96.13,92.48,92.48,9095
GTC,20151021,6.85,6.92,6.80,6.82,200033
GTC-PDA,20151021,6.75,6.75,6.75,6.75,820
HANDLOWY,20151021,87.00,87.00,85.10,85.89,37365
HARPER,20151021,1.93,1.93,1.93,1.93,1
HAWE,20151021,1.04,1.06,0.98,1.00,2221038
HELIO,20151021,4.67,4.67,4.60,4.67,844
HERKULES,20151021,4.10,4.10,4.07,4.08,27378
HUBSTYLE,20151021,1.07,1.07,0.97,1.00,20005
HYDROTOR,20151021,37.50,37.50,37.50,37.50,42
HYPERION,20151021,3.44,3.44,3.44,3.44,14
IDEABANK,20151021,25.55,25.55,25.54,25.54,31752
IDMSA,20151021,1.55,1.55,1.46,1.52,4924
IFCAPITAL,20151021,4.30,4.45,3.87,3.87,104857
IFSA,20151021,1.01,1.11,0.85,0.89,1514528
IIAAV,20151021,9.85,9.85,9.85,9.85,198
IMCOMPANY,20151021,6.82,6.82,6.39,6.39,792
IMMOBILE,20151021,2.39,2.39,2.29,2.39,12873
IMPEL,20151021,27.87,27.90,27.60,27.90,3018
IMPERA,20151021,1.55,1.55,1.55,1.55,14
IMPEXMET,20151021,2.69,2.70,2.68,2.69,70800
IMS,20151021,2.10,2.10,2.09,2.10,530
INC,20151021,2.24,2.24,2.24,2.24,37
INDATA,20151021,0.92,0.95,0.90,0.93,142693
INDYGO,20151021,1.01,1.02,0.97,1.00,650161
INDYKPOL,20151021,93.58,96.07,93.50,95.99,834
INGBSK,20151021,130.65,130.65,127.55,129.00,33636
INPOST,20151021,23.00,23.16,22.92,23.00,14310
INSTALKRK,20151021,13.00,13.25,12.50,12.52,8478
INTEGERPL,20151021,120.00,120.90,120.00,120.60,344
INTERBUD,20151021,2.72,2.72,2.45,2.51,21116
INTERCARS,20151021,239.00,239.00,236.10,237.90,574
INTERSPPL,20151021,2.90,2.91,2.85,2.90,20717
INTROL,20151021,9.90,9.90,9.89,9.89,23
INVISTA,20151021,2.19,2.19,2.17,2.17,675
INVPEFIZ,20151021,933.99,933.99,933.99,933.99,5
IPERMFIZ,20151021,63.70,63.90,63.70,63.90,74
IPOPEMA,20151021,2.99,2.99,2.81,2.82,3697
IQP,20151021,0.84,0.84,0.84,0.84,5
IVMX,20151021,5.95,5.95,5.95,5.95,5060
IZOBLOK,20151021,118.95,121.85,118.95,119.90,1276
IZOLACJA,20151021,1.25,1.30,1.25,1.25,1703
IZOSTAL,20151021,4.42,4.50,4.42,4.50,1342
JHMDEV,20151021,1.48,1.49,1.44,1.45,6066
JSW,20151021,12.79,13.34,12.65,12.65,745081
JWCONSTR,20151021,5.00,5.09,4.91,5.04,45295
K2INTERNT,20151021,14.30,14.30,13.77,14.04,1152
KANIA,20151021,2.90,2.90,2.86,2.87,4669
KBDOM,20151021,3.00,3.00,3.00,3.00,13
KERDOS,20151021,0.60,0.62,0.60,0.60,750517
KERNEL,20151021,54.50,55.29,54.08,55.20,146905
KETY,20151021,274.50,276.75,271.15,271.15,4393
KGHM,20151021,93.00,93.67,91.20,91.58,651621
KINOPOL,20151021,14.49,14.49,14.10,14.25,821
KOFOLA,20151021,56.40,56.40,56.11,56.11,160
KOGENERA,20151021,72.45,72.97,72.45,72.97,141
KOMPUTRON,20151021,9.10,9.10,8.85,8.85,5359
KONSSTALI,20151021,35.90,36.44,35.90,36.38,663
KOPEX,20151021,6.00,6.00,5.83,5.98,10932
KRAKCHEM,20151021,4.20,4.20,4.14,4.14,151
KREC,20151021,7.30,7.69,7.26,7.27,1195
KREDYTIN,20151021,26.50,26.96,26.22,26.88,4056
KREZUS,20151021,4.60,4.62,4.49,4.59,7317
KRKA,20151021,270.05,272.95,257.15,272.95,586
KRUK,20151021,185.75,186.40,183.95,184.80,4884
KRUSZWICA,20151021,49.60,50.60,49.00,50.15,202
KSGAGRO,20151021,1.20,1.23,1.18,1.23,51990
LCCORP,20151021,2.00,2.00,1.97,1.98,23452
LENA,20151021,4.45,4.45,4.40,4.45,2317
LENTEX,20151021,8.84,9.00,8.81,9.00,19334
LIBET,20151021,2.50,2.50,2.45,2.48,1280
LIVECHAT,20151021,35.42,36.00,35.42,35.60,5156
LMCSFIZ,20151021,1160.01,1160.01,1160.00,1160.00,20
LMDSFIZ,20151021,1139.90,1139.90,1093.10,1093.10,11
LOTOS,20151021,29.90,29.90,28.83,28.90,227306
LPP,20151021,7687.95,7690.00,7482.00,7549.00,1093
LSISOFT,20151021,4.37,4.37,4.05,4.05,4732
LUBAWA,20151021,1.09,1.10,1.06,1.08,158920
MABION,20151021,48.97,48.97,47.66,48.54,538
MAGELLAN,20151021,59.00,60.16,59.00,59.05,651
MAKARONPL,20151021,5.71,5.85,5.71,5.84,810
MARVIPOL,20151021,6.77,6.77,6.31,6.73,2922
MBANK,20151021,389.45,389.45,383.85,387.30,11084
MCI,20151021,12.10,12.28,11.95,12.24,13161
MCLOGIC,20151021,40.50,40.50,40.50,40.50,50
MEDIATEL,20151021,1.08,1.08,1.08,1.08,1
MEDICALG,20151021,226.85,228.90,225.20,228.80,5775
MENNICA,20151021,13.35,13.40,13.13,13.40,3761
MERCATOR,20151021,18.15,18.27,18.15,18.23,12159
MERCOR,20151021,9.58,9.73,9.58,9.70,3060
MEXPOLSKA,20151021,4.19,4.19,3.77,3.77,69117
MFO,20151021,12.00,12.00,12.00,12.00,1
MIDAS,20151021,0.64,0.64,0.62,0.63,134445
MILKILAND,20151021,2.06,2.07,1.91,1.96,223804
MILLENNIUM,20151021,6.71,6.74,6.42,6.47,1390387
MIRACULUM,20151021,2.70,2.73,2.65,2.73,5465
MIRBUD,20151021,1.09,1.10,1.07,1.09,58871
MLPGROUP,20151021,35.48,35.48,35.48,35.48,10
MNI,20151021,0.85,0.91,0.85,0.91,25860
MOL,20151021,180.05,180.05,179.00,179.25,181
MONNARI,20151021,16.00,16.29,15.30,16.24,404007
MOSTALPLC,20151021,15.00,15.89,14.80,15.05,1494
MOSTALWAR,20151021,14.46,14.47,14.00,14.10,8858
MOSTALZAB,20151021,1.81,1.86,1.81,1.83,57619
MUZA,20151021,3.18,3.18,3.18,3.18,30
MWTRADE,20151021,16.40,16.40,16.40,16.40,1
NETIA,20151021,5.46,5.47,5.41,5.43,33650
NETMEDIA,20151021,5.29,5.29,5.01,5.01,3184
NEUCA,20151021,338.00,339.00,330.00,335.00,2055
NEWAG,20151021,16.48,16.48,16.05,16.13,2342
NFIEMF,20151021,3.10,3.22,3.10,3.22,76
NORTCOAST,20151021,5.70,5.70,5.70,5.70,26
NOVITA,20151021,51.92,51.92,50.20,51.91,124
NOWAGALA,20151021,1.37,1.47,1.37,1.45,90255
NTTSYSTEM,20151021,2.42,2.43,2.40,2.43,2010
ODLEWNIE,20151021,2.35,2.35,2.34,2.35,6890
OPENFIN,20151021,3.95,3.95,3.93,3.93,9680
OPERA3GR,20151021,266.16,266.16,266.16,266.16,3
OPONEO.PL,20151021,22.79,24.49,22.10,24.49,11849
OPTEAM,20151021,10.24,10.24,9.80,9.80,2355
ORANGEPL,20151021,7.19,7.29,7.07,7.29,6689957
ORBIS,20151021,58.00,59.47,58.00,58.00,1085
ORCOGROUP,20151021,1.03,1.04,1.02,1.03,8500
ORZBIALY,20151021,7.02,7.05,7.02,7.05,513
OTLOG,20151021,230.00,235.00,230.00,235.00,796
OTMUCHOW,20151021,6.45,6.72,6.45,6.48,3172
OVOSTAR,20151021,86.55,86.64,86.55,86.64,48
PAGED,20151021,51.62,52.36,51.47,51.50,4219
PANOVA,20151021,18.90,18.90,18.85,18.85,40
PBG,20151021,2.44,2.47,2.35,2.38,19707
PCCEXOL,20151021,3.12,3.17,3.12,3.17,45
PCCINTER,20151021,2.25,2.25,2.20,2.20,264
PCCROKITA,20151021,40.00,40.35,39.60,40.14,828
PCM,20151021,43.30,43.30,43.00,43.29,137
PEGAS,20151021,124.15,124.15,119.10,123.40,335
PEKABEX,20151021,11.45,11.45,11.16,11.40,7468
PEKAES,20151021,12.70,12.79,12.60,12.75,1095
PEKAO,20151021,156.55,158.00,154.50,156.90,501614
PELION,20151021,62.80,63.00,62.21,62.21,353
PEMANAGER,20151021,128.15,133.00,128.15,133.00,3
PEP,20151021,25.71,25.88,25.50,25.50,3900
PEPEES,20151021,0.52,0.53,0.52,0.53,2765
PGE,20151021,14.20,14.20,13.67,13.82,2628157
PGNIG,20151021,6.81,6.88,6.71,6.76,2776704
PGODLEW,20151021,4.97,5.23,4.97,5.23,2277
PHN,20151021,19.88,21.39,19.80,20.53,14197
PKNORLEN,20151021,65.00,65.38,63.11,63.33,703805
PKOBL1,20151021,105.00,105.00,102.70,102.70,20
PKOBP,20151021,30.29,30.95,30.04,30.80,3488677
PKOGS,20151021,101.42,101.92,101.42,101.92,110
PKOSO,20151021,100.35,100.35,100.35,100.35,12
PKPCARGO,20151021,66.60,66.90,64.71,65.00,19337
PLATYNINW,20151021,3.44,3.44,3.20,3.39,2208
PMPG,20151021,1.41,1.41,1.39,1.40,7697
POLICE,20151021,24.80,24.80,24.02,24.80,4435
POLMED,20151021,3.25,3.27,3.25,3.27,195
POLNA,20151021,25.89,25.90,25.14,25.88,623
POLNORD,20151021,13.23,13.75,13.12,13.15,214538
POLWAX,20151021,15.95,15.95,15.85,15.95,246
POZBUD,20151021,6.13,6.14,5.98,6.12,4811
PRAGMAFA,20151021,12.89,13.29,12.89,13.29,701
PRAGMAINK,20151021,11.89,11.89,11.66,11.88,344
PRAIRIE,20151021,1.00,1.00,0.95,0.97,87779
PRESCO,20151021,5.13,5.13,4.67,5.00,79303
PRIMAMODA,20151021,1.60,1.66,1.56,1.60,10538
PROCAD,20151021,1.68,1.79,1.64,1.76,20480
PROCHEM,20151021,16.69,16.69,16.00,16.40,17638
PROCHNIK,20151021,1.19,1.20,1.18,1.20,28799
PROJPRZEM,20151021,7.15,7.15,7.00,7.00,8501
PROTEKTOR,20151021,3.08,3.08,3.05,3.07,6019
PROVIDENT,20151021,23.90,23.90,23.90,23.90,32
PSG,20151021,0.69,0.69,0.67,0.67,16674
PTI,20151021,0.51,0.51,0.46,0.47,826385
PULAWY,20151021,173.75,173.75,171.00,173.00,118
PZU,20151021,382.85,383.40,378.90,379.40,121707
QUANTUM,20151021,6.01,6.01,6.01,6.01,26
QUERCUS,20151021,6.34,6.43,6.30,6.35,65437
QUMAK,20151021,10.15,10.15,10.15,10.15,1870
RADPOL,20151021,6.70,6.71,6.42,6.47,3676
RAFAKO,20151021,6.64,6.85,6.64,6.75,43119
RAINBOW,20151021,25.80,25.85,25.13,25.13,3835
RANKPROGR,20151021,1.58,1.58,1.55,1.55,44892
RAWLPLUG,20151021,9.10,9.10,8.92,9.06,850
RCCRUAOPEN,20151021,9.11,9.17,9.08,9.08,2070
RCGBSH10919,20151021,933.14,933.14,933.14,933.14,3
RCGLDAOPEN,20151021,443.94,443.94,443.94,443.94,6
RCLLCOOPEN,20151021,15.40,15.40,15.40,15.40,500
RCSCEAOPEN,20151021,76.00,76.00,76.00,76.00,22
RCSILAOPEN,20151021,59.22,59.50,59.22,59.46,190
RCWHTAOPEN,20151021,8.26,8.26,8.26,8.26,40
REDAN,20151021,2.40,2.40,2.34,2.34,2681
REDWOOD,20151021,5.55,5.90,5.55,5.90,443
REINHOLD,20151021,0.51,0.54,0.51,0.54,1111
RELPOL,20151021,6.46,6.70,6.40,6.70,6334
REMAK,20151021,20.62,22.40,20.62,22.40,3415
RESBUD,20151021,1.90,2.29,1.82,1.82,264802
ROBYG,20151021,2.54,2.56,2.54,2.55,438995
RONSON,20151021,1.43,1.43,1.40,1.40,13550
ROPCZYCE,20151021,21.54,22.42,21.54,22.39,36
RUBICON,20151021,1.33,1.33,1.21,1.23,3064
SANOK,20151021,57.88,58.30,57.40,58.30,2985
SCOPAK,20151021,3.10,3.10,3.01,3.09,1482
SECOGROUP,20151021,20.98,20.98,20.50,20.50,270
SEKO,20151021,5.72,5.77,5.72,5.77,425
SELENAFM,20151021,18.06,18.11,18.01,18.01,677
SELVITA,20151021,22.49,22.49,21.90,21.90,3163
SERINUS,20151021,2.07,2.08,2.03,2.05,27327
SFINKS,20151021,3.70,3.73,3.60,3.68,28677
SILVANO,20151021,5.54,5.54,5.35,5.38,1389
SIMPLE,20151021,9.10,9.35,9.10,9.32,7643
SKARBIEC,20151021,33.00,33.50,33.00,33.00,533
SKOK,20151021,1.61,1.65,1.61,1.65,1873
SKOTAN,20151021,0.61,0.63,0.60,0.60,617449
SMT,20151021,16.80,16.83,16.80,16.83,224
SOBIESKI,20151021,76.60,76.60,76.60,76.60,20
SOHODEV,20151021,1.15,1.21,1.15,1.21,2634
SOLAR,20151021,1.45,1.53,1.43,1.52,98186
SONEL,20151021,12.50,12.60,12.50,12.50,230
STALEXP,20151021,3.12,3.15,3.06,3.11,190482
STALPROD,20151021,315.70,322.95,315.65,322.95,514
STALPROFI,20151021,11.63,11.92,11.63,11.92,535
STAPORKOW,20151021,5.20,5.80,5.15,5.29,33616
STARHEDGE,20151021,0.73,0.80,0.73,0.79,8205
SUNEX,20151021,0.23,0.24,0.22,0.23,555257
SUWARY,20151021,10.70,10.70,10.70,10.70,84
SWISSMED,20151021,1.86,1.86,1.84,1.84,6862
SYGNITY,20151021,9.12,9.12,8.83,8.88,3878
SYNEKTIK,20151021,16.00,16.00,16.00,16.00,1901
SYNTHOS,20151021,3.78,3.82,3.76,3.76,555047
TALEX,20151021,17.90,17.90,17.90,17.90,145
TARCZYNSKI,20151021,13.31,13.31,13.31,13.31,239
TATRY,20151021,100.00,100.00,100.00,100.00,1
TAURONPE,20151021,3.17,3.19,3.13,3.14,2149660
TELL,20151021,11.94,11.94,11.80,11.90,1009
TERESA,20151021,15.27,15.27,15.23,15.25,8059
TERMOREX,20151021,2.83,3.11,2.80,3.00,15326
TESGAS,20151021,3.65,3.71,3.65,3.71,2590
TFONE,20151021,2.91,3.45,2.91,3.39,231037
TIM,20151021,9.20,9.30,8.53,9.30,643
TORPOL,20151021,11.94,13.10,11.77,13.00,120305
TOYA,20151021,5.22,5.22,5.21,5.21,373
TRAKCJA,20151021,10.04,10.40,10.04,10.32,427315
TRANSPOL,20151021,4.66,5.00,4.64,5.00,40012
TRITON,20151021,2.00,2.07,2.00,2.00,268
ULMA,20151021,78.40,78.40,73.35,78.00,109
UNIBEP,20151021,11.00,11.00,10.53,10.96,2787
UNICREDIT,20151021,25.44,25.62,25.44,25.62,90
UNIMA,20151021,2.30,2.50,2.30,2.50,12324
UNIWHEELS,20151021,114.25,117.40,114.25,117.40,1493
URSUS,20151021,2.89,2.97,2.86,2.93,301539
VANTAGE,20151021,2.60,2.61,2.56,2.58,3051
VARIANT,20151021,1.83,1.83,1.65,1.65,24313
VIGOSYS,20151021,265.00,265.00,265.00,265.00,53
VINDEXUS,20151021,6.05,6.24,6.05,6.15,37716
VISTAL,20151021,11.21,11.41,11.15,11.30,2363
VISTULA,20151021,2.84,2.88,2.83,2.87,195495
VOTUM,20151021,16.50,16.98,16.50,16.60,2429
VOXEL,20151021,17.00,17.00,16.99,17.00,1615
WADEX,20151021,4.49,4.53,4.49,4.53,120
WARIMPEX,20151021,3.14,3.30,3.14,3.15,786
WASKO,20151021,1.89,1.97,1.89,1.95,45818
WAWEL,20151021,1260.00,1270.00,1260.00,1269.00,15
WDX,20151021,5.25,5.26,5.24,5.24,307
WIELTON,20151021,7.34,7.39,7.31,7.39,1511
WIKANA,20151021,1.53,1.68,1.52,1.67,582
WILBO,20151021,1.34,1.34,1.30,1.32,21813
WINDMOBIL,20151021,7.85,7.85,7.75,7.80,3318
WINVEST,20151021,4.10,4.10,4.10,4.10,3
WIRTUALNA,20151021,39.31,39.65,39.31,39.65,13708
WOJAS,20151021,7.25,7.40,7.18,7.40,5675
WORKSERV,20151021,15.90,15.90,15.25,15.25,1854
YAWAL,20151021,4.65,4.74,4.30,4.55,2578
ZAMET,20151021,1.92,1.98,1.92,1.98,1240
ZASTAL,20151021,0.70,0.71,0.70,0.71,16500
ZEPAK,20151021,13.27,13.27,12.95,12.95,24345
ZETKAMA,20151021,89.22,90.48,89.00,89.00,20
ZPUE,20151021,346.35,346.35,329.95,330.00,76
ZUE,20151021,8.15,8.80,8.15,8.78,17354
ZYWIEC,20151021,402.50,405.00,402.50,405.00,12
INVESTORMS,20151021,3766.75,3766.75,3759.01,3759.01,111672.223
MWIG40,20151021,3791.44,3798.57,3755.55,3757.76,84964.910
NCINDEX30,20151021,1035.81,1036.44,1022.74,1033.77,2613.179
RESPECT,20151021,2638.50,2644.04,2595.41,2599.44,320640.208
SWIG80,20151021,13463.80,13521.75,13463.80,13501.38,34520.206
WIG,20151021,51509.95,51542.18,51101.16,51183.06,715778.186
WIG-BANKI,20151021,6874.40,6930.63,6874.40,6914.82,233120.833
WIG-BUDOW,20151021,3122.60,3122.60,3110.57,3114.94,8498.849
WIG-CEE,20151021,749.15,761.56,749.15,761.56,10175.081
WIG-CHEMIA,20151021,15264.15,15264.15,15155.54,15155.54,4708.842
WIG-DEWEL,20151021,1492.31,1492.31,1489.20,1489.20,7716.406
WIG-ENERG,20151021,3348.69,3348.69,3303.47,3303.47,58792.248
WIG-INFO,20151021,1664.43,1670.82,1657.88,1657.88,11357.406
WIG-MEDIA,20151021,4494.28,4494.28,4426.93,4426.93,19449.773
WIG-PALIWA,20151021,4741.87,4741.87,4654.92,4654.92,73179.615
WIG-POLAND,20151021,52462.04,52509.52,52297.60,52297.60,703217.208
WIG-SPOZYW,20151021,3747.89,3766.54,3747.89,3766.54,9092.303
WIG-SUROWC,20151021,2890.01,2908.25,2866.06,2866.06,70807.921
WIG-TELKOM,20151021,862.92,881.07,862.92,881.07,50776.858
WIG-UKRAIN,20151021,393.19,398.97,393.19,396.01,8730.955
WIG20,20151021,2119.00,2122.06,2100.66,2105.65,580788.927
WIG20LEV,20151021,659.38,661.28,647.97,651.08,580788.927
WIG20SHORT,20151021,3715.06,3747.28,3709.69,3738.52,580788.927
WIG20TR,20151021,3470.60,3478.83,3459.26,3459.26,580788.927
WIG30,20151021,2363.76,2365.91,2340.05,2344.74,623911.265
WIG30TR,20151021,3822.25,3827.70,3808.05,3808.05,623911.265
WIGDIV,20151021,1095.11,1096.84,1083.51,1085.36,403301.233
08OCTAVA,20151021,1.24,1.24,1.24,1.24,199
B3SYSTEM,20151021,0.60,0.60,0.60,0.60,60
BEDZIN,20151021,15.55,15.55,15.55,15.55,1080
CCENERGY,20151021,0.07,0.07,0.07,0.07,451540
COALENERG,20151021,0.69,0.69,0.69,0.69,434
COMPERIA,20151021,18.40,18.40,18.40,18.40,108
DREWEX,20151021,1.11,1.11,1.11,1.11,601
EFH,20151021,0.06,0.06,0.06,0.06,2300
EKANCELAR,20151021,0.03,0.03,0.03,0.03,579136
FAM,20151021,1.40,1.40,1.40,1.40,1700
HUTMEN,20151021,4.95,4.95,4.95,4.95,3000
IDEON,20151021,0.01,0.01,0.01,0.01,5000
KCI,20151021,0.04,0.04,0.04,0.04,47500
KDMSHIPNG,20151021,3.99,4.37,3.99,4.37,1482
MIT,20151021,0.15,0.15,0.15,0.15,60397
MSXRESOUR,20151021,0.48,0.50,0.48,0.50,7840
NEWWORLDR,20151021,0.04,0.04,0.04,0.04,9500
PBOANIOLA,20151021,0.15,0.15,0.15,0.15,1000
PBSFINANSE,20151021,3.45,3.45,3.45,3.45,339
PEMUG,20151021,0.48,0.48,0.48,0.48,1238
PETROLINV,20151021,0.16,0.16,0.15,0.15,816039
PLAZACNTR,20151021,0.13,0.13,0.13,0.13,26998
POLCOLORIT,20151021,1.35,1.35,1.35,1.35,300
POLIMEXMS,20151021,5.51,5.51,5.50,5.50,93076
REGNON,20151021,1.41,1.48,1.41,1.48,2597
ROVESE,20151021,1.40,1.40,1.39,1.39,30206
SANWIL,20151021,0.83,0.83,0.83,0.83,7500
SKYLINE,20151021,0.54,0.54,0.53,0.53,1252
SKYSTONE,20151021,3.42,3.50,3.42,3.50,3026
ZREMB,20151021,1.15,1.15,1.15,1.15,4100
01CYBATON,20151021,3.28,3.28,3.09,3.09,30568
11BIT,20151021,68.50,69.00,64.20,67.00,6926
2CPARTNER,20151021,0.60,0.62,0.54,0.62,3438
2INTELLECT,20151021,0.43,0.43,0.43,0.43,530
ABPOL,20151021,0.22,0.24,0.21,0.23,297011
ABSINVEST,20151021,1.83,1.87,1.83,1.85,21057
ACARTUS,20151021,0.28,0.28,0.28,0.28,50
ACREBIT,20151021,1.98,2.06,1.98,2.06,1697
ADFORM,20151021,8.00,8.00,8.00,8.00,5
ADMASSIVE,20151021,0.36,0.36,0.36,0.36,50
ADMIRAL,20151021,0.33,0.33,0.31,0.33,218034
ADVOCULAR,20151021,2.51,2.65,2.50,2.65,239
AEDES,20151021,0.65,0.76,0.65,0.66,4340
AERFINANC,20151021,0.32,0.32,0.32,0.32,40
AGROLIGA,20151021,15.75,15.75,15.31,15.60,451
AGROMA,20151021,0.03,0.03,0.03,0.03,15
AGROTOUR,20151021,0.47,0.47,0.47,0.47,30
AIRWAY,20151021,1.50,1.53,1.45,1.53,14300
AITON,20151021,1.20,1.20,1.20,1.20,25
AKCEPTFIN,20151021,0.49,0.55,0.49,0.52,14400
ALDA,20151021,1.47,1.47,1.47,1.47,16
ALEJA,20151021,0.26,0.26,0.26,0.26,10
ALUMAST,20151021,0.94,0.95,0.94,0.95,3443
APANET,20151021,5.03,5.03,4.62,4.90,1118
ARAMUS,20151021,0.82,0.82,0.82,0.82,903
ARI,20151021,0.42,0.50,0.42,0.50,13500
ARRINERA,20151021,10.18,10.18,10.18,10.18,340
ARTBIZNES,20151021,0.35,0.35,0.35,0.35,30
ARTNEWMED,20151021,0.04,0.04,0.04,0.04,100
ARTNEWS,20151021,1.58,1.71,1.58,1.71,5771
ARTP,20151021,0.10,0.10,0.10,0.10,100
ASMGROUP,20151021,2.26,2.26,2.26,2.26,400
ASSETUS,20151021,0.98,0.98,0.98,0.98,500
ASTORIA,20151021,3.74,3.75,3.74,3.75,508
ASTRO,20151021,2.00,2.00,2.00,2.00,244
ATCCARGO,20151021,2.95,2.95,2.46,2.80,1006
ATONHT,20151021,0.16,0.16,0.16,0.16,16800
AUTOSPA,20151021,4.49,4.49,4.40,4.40,227
AZTEC,20151021,2.95,2.95,2.95,2.95,5
B2BPARTNER,20151021,0.17,0.18,0.16,0.18,19000
BALTICINV,20151021,0.90,0.90,0.86,0.89,37743
BBCONSULT,20151021,3.80,3.80,3.51,3.80,820
BDF,20151021,22.35,23.80,22.35,23.80,57
BINARY,20151021,0.22,0.23,0.20,0.23,273
BIOMASS,20151021,1.61,1.61,1.53,1.60,21256
BIOMAX,20151021,0.21,0.21,0.19,0.19,107772
BIOMAXIMA,20151021,4.10,4.10,4.10,4.10,3
BLACKPOIN,20151021,0.38,0.38,0.38,0.38,500
BLIRT,20151021,1.79,1.79,1.79,1.79,42
BLOOBER,20151021,35.21,35.84,35.00,35.65,3785
BLUMERANG,20151021,1.04,1.10,0.99,1.10,24330
BOA,20151021,0.33,0.33,0.33,0.33,40
BOMEDIA,20151021,1.00,1.00,1.00,1.00,1000
BOOMERANG,20151021,0.36,0.39,0.36,0.39,9538
BORUTA,20151021,0.25,0.25,0.23,0.24,878256
BPC,20151021,0.51,0.51,0.51,0.51,3
BROADGATE,20151021,0.76,0.76,0.73,0.73,82
BVT,20151021,1.72,1.74,1.66,1.73,10949
CALESCO,20151021,1.32,1.32,1.32,1.32,10
CCS,20151021,1.09,1.10,1.09,1.10,2220
CCTOOLS,20151021,0.25,0.25,0.24,0.25,2350
CDE,20151021,0.15,0.16,0.15,0.16,28789
CENTURION,20151021,0.28,0.29,0.24,0.29,2250
CFBPS,20151021,6.29,6.29,6.29,6.29,1
CLOUD,20151021,95.50,95.50,95.50,95.50,2
COLUMBUS,20151021,0.34,0.35,0.31,0.32,268696
COMECO,20151021,0.36,0.36,0.36,0.36,40
CSY,20151021,3.64,3.64,3.64,3.64,13
CTE,20151021,5.35,5.35,5.35,5.35,1
CWPE,20151021,0.15,0.16,0.14,0.16,22452
DASE,20151021,0.44,0.44,0.44,0.44,30
DEKTRA,20151021,9.60,9.60,9.60,9.60,2
DENTAMDC,20151021,0.01,0.01,0.01,0.01,2198855
DEVORAN,20151021,0.53,0.53,0.53,0.53,30
DOMLEK,20151021,17.70,17.70,17.70,17.70,1
DORADCY24,20151021,0.01,0.01,0.01,0.01,55500
EASTSIDE,20151021,1.63,1.63,1.52,1.53,845
EBC,20151021,0.92,0.93,0.92,0.93,1638
EC2,20151021,1.00,1.08,0.94,1.05,5747
ECA,20151021,1.45,1.45,1.45,1.45,20
ECERAMICS,20151021,0.01,0.01,0.01,0.01,120022
ECOTECH,20151021,1.15,1.15,1.15,1.15,10
EDISON,20151021,1.20,1.20,1.20,1.20,6
EFENERGII,20151021,1.05,1.05,1.05,1.05,126
EFICOM,20151021,0.53,0.53,0.53,0.53,2020
EMMERSON,20151021,0.05,0.05,0.05,0.05,58
EMONT,20151021,1.05,1.05,1.05,1.05,15
EONET,20151021,6.46,6.64,6.34,6.50,427
EPIGON,20151021,0.17,0.17,0.17,0.17,2000
ERNE,20151021,4.80,4.89,4.75,4.86,17811
ERS,20151021,0.28,0.28,0.28,0.28,50
EUROCENT,20151021,10.44,10.44,10.20,10.44,180
EUROTAX,20151021,2.60,2.60,2.60,2.60,1
EXAMOBILE,20151021,2.90,2.90,2.90,2.90,1805
EXCELLENC,20151021,1.64,1.64,1.64,1.64,10
EZO,20151021,5.18,5.18,5.17,5.17,347
FACHOWCY,20151021,0.19,0.19,0.19,0.19,6200
FARM51,20151021,12.99,13.24,12.85,12.95,35608
FLUID,20151021,0.91,0.91,0.88,0.90,7180
FLYPL,20151021,0.36,0.38,0.33,0.35,3026766
FOREVEREN,20151021,0.47,0.49,0.47,0.49,72307
FUTURIS,20151021,0.93,0.93,0.93,0.93,20
GCINVEST,20151021,0.56,0.56,0.56,0.56,20
GEKOPLAST,20151021,9.20,9.20,9.20,9.20,110
GENRG,20151021,0.13,0.17,0.13,0.16,1121494
GEOTRANS,20151021,6.38,6.38,5.50,5.90,15091
GLGPHARMA,20151021,0.08,0.08,0.08,0.08,45000
GOLAB,20151021,0.36,0.36,0.36,0.36,30
GRAPHIC,20151021,0.61,0.61,0.61,0.61,50
GREENENER,20151021,0.04,0.04,0.04,0.04,10000
GREMPCO,20151021,0.13,0.13,0.13,0.13,150
GRUPAEMM,20151021,0.15,0.15,0.12,0.13,120095
GRUPAHRC,20151021,2.86,2.86,2.86,2.86,10
GRUPAREC,20151021,13.19,13.19,13.19,13.19,2
GWARANT,20151021,3.21,3.21,3.00,3.05,43887
HAMBURGER,20151021,1.22,1.22,1.22,1.22,10
HEFAL,20151021,0.23,0.25,0.23,0.25,4397
HETAN,20151021,0.68,0.75,0.68,0.75,1100
HFTGROUP,20151021,2.79,2.79,2.56,2.56,516
HYDRAPRES,20151021,0.35,0.35,0.35,0.35,6800
HYDROPHI,20151021,0.19,0.21,0.19,0.19,20062
I3D,20151021,0.70,0.70,0.57,0.63,13190
IAI,20151021,5.30,5.30,5.30,5.30,30
IAP,20151021,0.47,0.47,0.38,0.38,3100
IFM,20151021,0.55,0.55,0.55,0.55,1000
INBOOK,20151021,0.43,0.43,0.43,0.43,6330
INDEXMEDI,20151021,2.45,2.45,2.45,2.45,10
INFOSCAN,20151021,4.36,4.36,4.35,4.35,435
INFOSYS,20151021,0.97,0.97,0.97,0.97,81
INFRA,20151021,0.88,1.26,0.87,1.26,209780
INNOGENE,20151021,7.89,7.89,7.50,7.88,1555
INTELIWIS,20151021,1.72,1.72,1.72,1.72,450
INTERNITY,20151021,1.00,1.00,1.00,1.00,10
INVENTI,20151021,1.55,1.83,1.55,1.80,8995
INVESTEKO,20151021,1.73,1.80,1.71,1.80,120
INVICO,20151021,0.20,0.20,0.20,0.20,60
INWESTPL,20151021,0.31,0.31,0.31,0.31,168
IPODS,20151021,0.27,0.31,0.27,0.31,12798
IPOSA,20151021,0.06,0.06,0.06,0.06,200
JANTAR,20151021,0.52,0.57,0.52,0.57,3377
JRHOLDING,20151021,0.50,0.54,0.50,0.54,6885
JUJUBEE,20151021,7.20,7.20,6.64,7.00,4373
KANCELWEC,20151021,0.45,0.45,0.45,0.45,24
KKHERBAL,20151021,0.33,0.33,0.29,0.33,22540
KLASZTORNE,20151021,0.10,0.12,0.10,0.11,349236
KLEBAINV,20151021,3.90,3.90,3.75,3.90,590
KLON,20151021,1.75,1.75,1.75,1.75,75
KOMPLEKS,20151021,0.83,0.93,0.83,0.93,660
KUPIEC,20151021,2.35,2.65,2.33,2.65,1090
LABOPRINT,20151021,15.40,15.40,15.00,15.00,70
LAURENPES,20151021,0.03,0.03,0.03,0.03,50200
LEASINGEX,20151021,0.40,0.43,0.40,0.43,422
LEONIDAS,20151021,0.34,0.34,0.34,0.34,22
LETUS,20151021,0.15,0.15,0.13,0.15,70551
LGTRADE,20151021,0.55,0.55,0.55,0.55,5000
LKDESIGN,20151021,6.72,6.72,6.72,6.72,5
LOKATYBUD,20151021,0.24,0.24,0.22,0.22,3240
LOYD,20151021,0.39,0.39,0.34,0.34,550
LSTECHHOM,20151021,1.06,1.06,1.02,1.05,14940
LUG,20151021,3.40,3.45,3.40,3.45,3701
LUXIMA,20151021,0.03,0.04,0.03,0.04,50100
LZMO,20151021,1.45,1.47,1.43,1.47,15654
MADKOM,20151021,1.82,1.98,1.82,1.98,2700
MAGNIFICO,20151021,0.17,0.20,0.17,0.20,10985
MAKORA,20151021,1.14,1.14,1.00,1.09,4635
MARKA,20151021,2.33,2.60,2.00,2.60,757
MARSOFT,20151021,0.13,0.13,0.13,0.13,300
MBFGROUP,20151021,6.88,7.03,6.20,6.20,10169
MBPARTNER,20151021,0.03,0.03,0.03,0.03,86
MED,20151021,5.10,5.12,5.10,5.12,1233
MEDIACAP,20151021,2.60,2.60,2.34,2.54,153
MEDIANPOL,20151021,0.42,0.42,0.40,0.40,1750
MEGASONIC,20151021,6.28,6.28,6.27,6.27,451
MERIT,20151021,0.28,0.28,0.24,0.24,200
MIDVEN,20151021,106.45,106.45,106.45,106.45,1
MILESTONE,20151021,8.00,8.00,8.00,8.00,110
MINOX,20151021,0.08,0.08,0.07,0.08,268333
MOBINI,20151021,0.46,0.46,0.37,0.41,2166
MODE,20151021,0.57,0.57,0.57,0.57,49
MOLMEDICA,20151021,0.01,0.02,0.01,0.02,199235
MOMO,20151021,2.70,2.70,2.70,2.70,200
MORIZON,20151021,1.46,1.46,1.46,1.46,1
MOTORICUS,20151021,0.57,0.63,0.46,0.46,4600
MPAY,20151021,0.39,0.40,0.39,0.40,5442
MPLVERBUM,20151021,0.90,0.94,0.90,0.94,3500
NANOTEL,20151021,2.85,2.85,2.84,2.85,501
NEPTIS,20151021,30.00,30.00,29.95,29.95,873
NETWISE,20151021,4.15,4.15,4.15,4.15,5
NFPL,20151021,0.18,0.18,0.18,0.18,200
NOVATIS,20151021,0.39,0.46,0.39,0.46,454
NOVAVIS,20151021,1.16,1.17,1.11,1.16,9728
NOVINA,20151021,0.57,0.57,0.54,0.54,7261
NWAI,20151021,2.92,3.00,2.34,2.85,4434
ONICO,20151021,38.86,38.86,38.86,38.86,20000
OPTIZENLB,20151021,0.43,0.43,0.43,0.43,30
ORGANIC,20151021,4.49,4.49,4.49,4.49,5
ORIONINV,20151021,98.93,98.93,98.93,98.93,1
PCHVENTURE,20151021,0.34,0.34,0.34,0.34,1620
PFMEDICAL,20151021,37.17,37.17,33.70,36.98,222
PGPPOLONI,20151021,1.79,1.79,1.50,1.70,1141
PGSSOFT,20151021,7.95,8.21,7.90,7.99,5849
PHARMENA,20151021,19.94,19.94,19.05,19.92,505
PHOTON,20151021,0.72,0.78,0.72,0.76,16492
PIK,20151021,0.32,0.38,0.26,0.38,5772
PILAB,20151021,41.00,41.80,39.95,39.95,1948
PLASMA,20151021,13.50,13.50,13.40,13.40,801
PLATIGE,20151021,12.90,12.90,12.87,12.87,2
PREFABET,20151021,10.09,10.64,10.09,10.64,449
PRESENT24,20151021,1.82,1.82,1.67,1.67,350
PRESTO,20151021,0.70,0.71,0.70,0.71,7261
PRIME,20151021,30.02,31.45,30.00,31.10,747
PROLOG,20151021,8.90,8.90,8.90,8.90,11
PROMISE,20151021,3.58,3.58,3.58,3.58,1000
PRYMUS,20151021,5.07,5.07,5.07,5.07,5
ROBINSON,20151021,10.85,11.80,10.30,11.70,2540
ROCCA,20151021,0.40,0.40,0.40,0.40,30
RSY,20151021,6.92,6.92,6.92,6.92,5
RUCHCHORZ,20151021,0.24,0.24,0.24,0.24,30
RUNICOM,20151021,0.56,0.56,0.56,0.56,20
SAPLING,20151021,0.29,0.29,0.29,0.29,1
SARE,20151021,27.95,29.00,26.50,28.20,99
SFERANET,20151021,0.72,0.73,0.72,0.73,630
SFKPOLKAP,20151021,6.39,6.40,6.00,6.00,7603
SILVACG,20151021,0.01,0.01,0.01,0.01,1210
SITE,20151021,0.06,0.06,0.06,0.06,500
SMOKESHOP,20151021,0.32,0.32,0.32,0.32,376
STANUSCH,20151021,8.30,8.50,8.30,8.50,180
STEMCELLS,20151021,1.19,1.19,1.19,1.19,10
SUMMALING,20151021,5.50,5.50,4.00,4.00,3931
SURFLAND,20151021,0.75,0.99,0.70,0.99,16995
SWISSPSM,20151021,0.28,0.28,0.28,0.28,500
SZAR,20151021,0.07,0.07,0.06,0.07,53244
T2INVEST,20151021,1.69,1.70,1.64,1.64,9192
TABLEO,20151021,0.65,0.79,0.52,0.79,16869
TAMEX,20151021,0.56,0.60,0.55,0.56,23378
TAXNET,20151021,0.50,0.50,0.50,0.50,30
TAXUSFUND,20151021,0.06,0.06,0.05,0.05,27546
TECHMADEX,20151021,20.50,20.50,20.50,20.50,2
TELESTR,20151021,11.99,12.00,11.99,12.00,400
TELGAM,20151021,0.24,0.25,0.24,0.25,1100
TELIANI,20151021,0.39,0.39,0.39,0.39,1128
TERMOEXP,20151021,1.70,1.75,1.55,1.55,466
TILIA,20151021,1.30,1.53,1.30,1.53,1603
TRICEPS,20151021,0.45,0.45,0.45,0.45,1254
UNIMOT,20151021,13.45,13.45,13.45,13.45,5
UNITED,20151021,0.56,0.63,0.55,0.59,19478
VAKOMTEK,20151021,1.19,1.19,1.19,1.19,5
VCP,20151021,0.29,0.29,0.29,0.29,50
VELTO,20151021,0.28,0.28,0.28,0.28,150
VENITI,20151021,0.71,0.74,0.70,0.74,1150
VENTUREIN,20151021,2.19,2.20,2.19,2.20,190
VERBICOM,20151021,2.43,2.43,2.36,2.40,3140
VIVID,20151021,7.20,7.30,7.03,7.24,55736
WBAY,20151021,4.25,4.25,4.25,4.25,10
WDBBU,20151021,2.96,2.96,2.96,2.96,3
WESTREAL,20151021,1.69,1.69,1.54,1.54,2150
WIERZYCL,20151021,0.46,0.46,0.46,0.46,30
XPLUS,20151021,0.12,0.12,0.12,0.12,100
YELLOWHAT,20151021,0.33,0.33,0.27,0.28,51647
YOURIMAGE,20151021,0.44,0.44,0.39,0.43,8437
NCINDEX,20151021,288.25,288.41,286.23,287.98,5034.577
2CP0316,20151021,95.99,96.00,95.99,96.00,128
2CP0416,20151021,92.80,92.80,89.00,92.00,150
2CP0517,20151021,89.90,90.00,85.50,85.50,14
ALR0421,20151021,103.06,103.06,102.90,102.90,18
BS20118,20151021,100.00,100.00,100.00,100.00,268
BST0319,20151021,99.50,99.50,99.50,99.50,33
BST0418,20151021,100.23,100.23,100.23,100.23,2
BST1018,20151021,100.95,100.95,100.95,100.95,135
CAP0617,20151021,99.99,99.99,99.99,99.99,200
CAP0917,20151021,100.10,100.30,100.10,100.30,300
CPS0721,20151021,101.40,101.40,101.40,101.40,691
CZT0416,20151021,70.25,70.25,70.00,70.00,7
DS0725,20151021,105.00,105.00,104.48,104.48,30
DS1017,20151021,106.91,106.91,106.90,106.90,21
DS1019,20151021,112.77,112.77,112.70,112.70,1272
DS1021,20151021,118.35,118.35,118.35,118.35,3412
ECH0418,20151021,102.59,102.59,102.59,102.59,835
EGB1217,20151021,102.40,102.40,102.40,102.40,10
ERC0916,20151021,100.90,100.95,100.90,100.95,205
EVC0418,20151021,101.19,101.19,101.00,101.00,10
FFI0116,20151021,93.30,93.30,93.10,93.10,489
GHC0619,20151021,100.15,100.15,100.15,100.15,59
GHE1117,20151021,101.90,101.90,101.90,101.90,1
GHI0619,20151021,100.30,100.60,100.30,100.60,1754
GNB0218,20151021,97.50,97.54,97.50,97.53,197
GNB0221,20151021,91.50,91.50,91.00,91.00,74
GNB0318,20151021,97.80,97.80,97.80,97.80,1
GNB0320,20151021,93.49,93.49,93.49,93.49,2
GNB0420,20151021,93.50,93.50,93.50,93.50,3
GNB0421,20151021,91.84,91.84,91.84,91.84,15
GNB0819,20151021,95.75,95.80,95.75,95.80,237
GNB0919,20151021,96.50,97.44,96.50,97.44,60
GNB1019,20151021,97.35,97.35,97.35,97.35,1
GNB1020,20151021,93.00,93.00,93.00,93.00,10
GNB1219,20151021,94.80,94.80,94.80,94.80,7
GPW0117,20151021,100.99,101.00,100.99,101.00,214
GRA0816,20151021,98.50,98.50,98.50,98.50,3
HGR0517,20151021,99.00,99.00,99.00,99.00,2
KAN0318,20151021,102.00,102.00,102.00,102.00,1
KLN1115,20151021,99.89,100.00,99.89,100.00,51
KME0416,20151021,102.90,102.90,102.90,102.90,37
KOS1117,20151021,99.87,99.87,99.87,99.87,1
KR20116,20151021,100.10,100.10,100.10,100.10,7
KRI0116,20151021,100.09,100.09,100.09,100.09,2
KRS0416,20151021,64.00,67.40,64.00,67.40,87
KRU0317,20151021,103.65,103.65,103.65,103.65,302
KRU0517,20151021,103.35,103.35,103.35,103.35,260
KRU0620,20151021,100.50,100.50,100.50,100.50,1
KRU0621,20151021,102.00,102.00,102.00,102.00,51
KRU1116,20151021,103.00,103.00,103.00,103.00,164
KRU1216,20151021,103.29,103.29,103.29,103.29,249
LKD1017,20151021,100.15,100.15,100.15,100.15,89
MER0616,20151021,99.60,99.60,99.60,99.60,4
MPL0316,20151021,82.60,82.60,82.60,82.60,5
MRB0717,20151021,90.45,90.45,90.45,90.45,14
MUL1116,20151021,100.00,100.00,100.00,100.00,83
MUR0418,20151021,99.75,99.75,99.75,99.75,47
MWT0316,20151021,99.65,99.65,99.65,99.65,5
MWT0417,20151021,99.90,99.90,99.90,99.90,133
MWT0616,20151021,99.98,100.00,99.10,100.00,486
PBS1021,20151021,96.90,96.90,96.90,96.90,1023
PCR0419,20151021,100.79,100.83,100.79,100.83,649
PCR0517,20151021,103.00,103.00,103.00,103.00,1
PCR0620,20151021,100.19,100.19,100.18,100.18,31
PCR1019,20151021,100.79,100.79,100.79,100.79,293
PKN0418,20151021,101.35,101.35,101.35,101.35,465
PKN0617,20151021,100.71,100.71,100.71,100.71,3970
PKN1117,20151021,100.80,100.80,100.80,100.80,50
PND0118,20151021,100.10,100.50,100.10,100.50,104
PND0217,20151021,100.05,100.05,100.05,100.05,1
PND0618,20151021,99.50,99.50,99.50,99.50,10
PRF1216,20151021,99.40,99.40,99.40,99.40,1
PS0417,20151021,104.50,104.50,104.50,104.50,24
PS0418,20151021,104.61,104.61,104.60,104.60,12
PS1016,20151021,103.05,103.05,103.05,103.05,2967
RBS1017,20151021,94.01,95.20,94.01,95.20,3
ROB0219,20151021,101.00,101.00,101.00,101.00,15
ROB0616,20151021,101.90,101.90,101.90,101.90,267
RON0218,20151021,102.40,102.40,102.40,102.40,12
SBK0923,20151021,98.90,98.90,98.90,98.90,8
VOX0716,20151021,99.49,99.49,99.49,99.49,10
WMO0317,20151021,102.00,102.00,102.00,102.00,110
