FACPZ15,20151007,55.50,56.01,55.50,55.71,12,16
FALRZ15,20151007,82.61,82.61,82.61,82.61,1,6
FCDRZ15,20151007,27.49,27.69,25.80,26.20,98,358
FCHF,20151007,390.85,391.33,389.50,389.89,217,2136
FCHFM16,20151007,394.70,395.40,394.00,394.00,11,261
FCHFWS,20151007,390.85,391.33,389.50,389.89,206,952
FCHFZ15,20151007,390.85,391.33,389.50,389.89,206,952
FEUR,20151007,425.40,425.47,423.50,424.63,937,22833
FEURH16,20151007,426.59,426.59,425.34,426.10,6,10273
FEURM16,20151007,428.74,428.74,427.12,427.26,12,354
FEURU16,20151007,429.95,429.95,428.60,428.60,17,86
FEURWS,20151007,425.40,425.47,423.50,424.63,902,11618
FEURZ15,20151007,425.40,425.47,423.50,424.63,902,11618
FJSWH16,20151007,11.99,12.44,11.99,12.41,8,109
FJSWM16,20151007,12.31,12.72,12.31,12.72,7,14
FJSWZ15,20151007,12.10,12.33,12.04,12.25,192,1711
FKGHM16,20151007,89.89,91.39,89.89,91.39,10,72
FKGHZ15,20151007,88.50,92.36,88.45,90.55,2546,2097
FLTSZ15,20151007,30.00,30.00,29.38,29.61,43,109
FLWBZ15,20151007,58.00,58.20,56.25,56.25,27,107
FOPLZ15,20151007,7.46,7.53,7.39,7.48,26,220
FPEOZ15,20151007,153.80,154.85,152.90,153.95,82,204
FPGEH16,20151007,13.45,13.45,13.45,13.45,6,87
FPGEZ15,20151007,13.36,13.43,13.13,13.37,417,2045
FPGNZ15,20151007,6.92,6.92,6.79,6.81,101,453
FPKNH16,20151007,65.38,65.38,65.38,65.38,1,78
FPKNZ15,20151007,67.10,67.30,64.71,66.00,985,1616
FPKOH16,20151007,30.65,30.71,30.65,30.71,2,42
FPKOZ15,20151007,30.16,30.71,30.16,30.60,657,2048
FPZUH16,20151007,385.00,385.00,385.00,385.00,1,2
FPZUM16,20151007,387.00,387.00,387.00,387.00,1,1
FPZUZ15,20151007,395.30,395.30,382.50,385.75,418,791
FSENZ15,20151007,2.15,2.20,2.11,2.11,5,27
FTPEZ15,20151007,3.19,3.25,3.19,3.22,64,694
FUSD,20151007,377.27,377.95,375.93,377.65,5206,21749
FUSDH16,20151007,378.45,378.45,377.00,378.25,1023,2280
FUSDM16,20151007,379.79,379.79,378.54,378.63,15,75
FUSDU16,20151007,380.60,380.60,378.40,378.40,23,41
FUSDWS,20151007,377.27,377.95,375.93,377.65,4145,18833
FUSDZ15,20151007,377.27,377.95,375.93,377.65,4145,18833
FW20,20151007,2117,2122,2098,2115,16742,52173
FW20H1620,20151007,2120,2129,2108,2122,68,275
FW20M1620,20151007,2107,2107,2097,2102,5,121
FW20U1620,20151007,2087,2088,2078,2084,13,76
FW20WS,20151007,2117,2122,2098,2115,16656,51701
FW20Z1520,20151007,2117,2122,2098,2115,16656,51701
FW40Z15,20151007,3621,3636,3584,3620,387,2221
OW20C162000,20151007,173.00,178.00,173.00,178.00,2,122
OW20C162100,20151007,122.45,122.45,122.45,122.45,1,17
OW20C162400,20151007,24.61,24.61,24.61,24.61,1,66
OW20C162600,20151007,5.93,5.99,5.93,5.99,20,196
OW20C162700,20151007,3.23,3.23,2.00,2.00,11,233
OW20C162900,20151007,0.70,0.70,0.70,0.70,1,167
OW20F162700,20151007,5.71,5.71,5.71,5.71,10,201
OW20I162500,20151007,25.25,25.25,25.25,25.25,1,6
OW20I162600,20151007,17.75,17.75,17.75,17.75,1,72
OW20J152000,20151007,111.00,111.00,100.10,100.10,2,35
OW20J152050,20151007,59.25,69.80,59.25,69.80,2,70
OW20J152075,20151007,50.00,50.00,46.10,46.10,2,107
OW20J152100,20151007,30.00,32.08,21.00,28.87,39,149
OW20J152125,20151007,13.75,17.25,12.22,14.52,38,183
OW20J152150,20151007,6.60,9.54,5.97,6.98,72,214
OW20J152175,20151007,4.59,4.59,2.63,2.84,37,163
OW20J152200,20151007,1.70,2.01,1.70,2.00,42,127
OW20J152325,20151007,0.40,0.40,0.40,0.40,15,20
OW20J152350,20151007,0.40,0.40,0.40,0.40,30,158
OW20J152500,20151007,0.01,0.01,0.01,0.01,1,40
OW20K151900,20151007,214.00,214.00,214.00,214.00,2,0
OW20K152050,20151007,89.30,89.30,89.30,89.30,1,2
OW20K152100,20151007,54.05,54.55,54.00,54.00,3,15
OW20K152150,20151007,43.42,43.42,34.66,34.66,5,13
OW20K152200,20151007,24.00,24.00,22.70,23.60,19,16
OW20K152250,20151007,12.75,13.00,11.48,11.48,3,28
OW20K152350,20151007,3.35,3.35,3.00,3.00,20,116
OW20L152000,20151007,146.50,152.40,146.50,152.40,4,32
OW20L152050,20151007,112.00,112.00,112.00,112.00,1,57
OW20L152100,20151007,93.20,93.20,77.00,81.25,74,224
OW20L152150,20151007,63.95,63.95,57.00,59.35,42,92
OW20L152200,20151007,44.68,44.68,40.30,43.91,12,1224
OW20L152250,20151007,28.40,28.40,28.40,28.40,10,52
OW20L152300,20151007,20.00,20.30,18.40,18.40,28,450
OW20L152350,20151007,15.00,15.00,15.00,15.00,1,85
OW20L152400,20151007,7.95,8.14,7.30,7.30,13,319
OW20L152450,20151007,4.30,4.30,4.30,4.30,15,81
OW20L152500,20151007,2.60,2.89,2.60,2.64,45,1005
OW20L152600,20151007,0.72,0.72,0.72,0.72,1,325
OW20O161800,20151007,22.00,22.00,19.28,19.28,15,103
OW20O161900,20151007,39.90,39.90,36.00,36.00,2,134
OW20O162000,20151007,61.05,61.05,61.05,61.05,2,94
OW20O162100,20151007,102.10,103.00,100.10,103.00,3,56
OW20R162100,20151007,125.05,132.00,125.05,132.00,2,19
OW20U162100,20151007,155.00,155.00,155.00,155.00,1,1
OW20V151900,20151007,1.20,1.50,0.80,0.80,37,325
OW20V151925,20151007,1.50,1.50,1.50,1.50,40,20
OW20V151950,20151007,1.21,1.21,1.00,1.20,115,145
OW20V151975,20151007,2.11,2.14,2.00,2.01,197,115
OW20V152000,20151007,2.05,3.47,2.01,2.74,223,201
OW20V152025,20151007,5.00,5.45,3.55,3.55,35,63
OW20V152050,20151007,7.92,8.75,4.96,5.71,122,116
OW20V152075,20151007,12.36,15.36,9.87,10.40,55,53
OW20V152100,20151007,15.00,24.64,15.00,16.50,47,166
OW20V152125,20151007,30.00,36.81,29.47,31.78,44,61
OW20V152150,20151007,44.00,48.02,44.00,44.57,14,38
OW20V152175,20151007,65.20,67.45,64.00,67.45,14,38
OW20W151700,20151007,2.00,2.00,2.00,2.00,15,250
OW20W151750,20151007,2.00,2.00,2.00,2.00,16,40
OW20W151800,20151007,2.01,2.55,2.01,2.07,19,51
OW20W151900,20151007,6.77,6.77,6.77,6.77,5,12
OW20W151950,20151007,11.32,11.39,10.24,10.24,13,16
OW20W152000,20151007,25.00,25.00,20.50,20.50,3,14
OW20W152050,20151007,30.12,30.12,30.12,30.12,1,34
OW20W152100,20151007,51.55,58.55,51.55,58.55,3,8
OW20W152300,20151007,207.85,207.85,194.50,194.50,3,3
OW20X151700,20151007,2.50,3.10,2.50,3.10,46,299
OW20X151750,20151007,4.50,4.65,4.49,4.49,31,78
OW20X151800,20151007,7.70,8.25,7.13,8.25,32,260
OW20X151850,20151007,12.24,12.24,12.24,12.24,1,48
OW20X151900,20151007,17.75,19.27,16.70,19.27,32,3590
OW20X151950,20151007,26.00,26.00,25.00,25.00,11,53
OW20X152000,20151007,37.00,39.00,34.00,34.00,23,546
OW20X152100,20151007,82.35,82.35,82.35,82.35,6,1132
OW20X152150,20151007,97.75,101.00,97.75,101.00,3,27
OW20X152200,20151007,129.15,133.70,129.15,133.70,2,1214
4FUNMEDIA,20151007,4.51,4.51,4.45,4.51,2715
AATHOLD,20151007,22.50,22.70,22.36,22.36,437
ABCDATA,20151007,3.19,3.21,3.15,3.20,19135
ABMSOLID,20151007,0.58,0.58,0.58,0.58,1200
ABPL,20151007,36.26,36.69,36.26,36.69,836
ACAUTOGAZ,20151007,29.50,30.50,29.50,30.00,676
ACE,20151007,12.15,12.58,12.15,12.39,2648
ACTION,20151007,27.20,27.20,27.00,27.00,285
AGORA,20151007,11.85,11.91,11.80,11.81,3058
AGROTON,20151007,1.04,1.09,1.04,1.08,34225
ALCHEMIA,20151007,4.84,4.95,4.84,4.85,113793
ALIOR,20151007,80.99,83.00,80.95,82.80,175357
ALMA,20151007,10.00,10.00,10.00,10.00,4
ALTA,20151007,1.93,1.93,1.93,1.93,8
ALTUSTFI,20151007,10.38,10.70,10.27,10.68,13508
ALUMETAL,20151007,47.99,47.99,45.85,45.85,10579
AMBRA,20151007,8.65,8.70,8.60,8.70,3015
AMICA,20151007,158.00,159.15,156.00,159.00,13337
AMREST,20151007,172.00,175.00,171.05,174.80,2998
APATOR,20151007,32.40,33.37,32.10,32.61,3025
APLISENS,20151007,12.71,12.71,12.70,12.70,49
ARCTIC,20151007,3.21,3.33,3.21,3.25,14604
ARK2FRN15,20151007,69.90,69.90,69.90,69.90,1
ARTERIA,20151007,14.50,14.55,14.50,14.55,539
ASBIS,20151007,1.15,1.15,1.11,1.13,177903
ASSECOBS,20151007,14.80,15.00,14.50,14.98,997
ASSECOPOL,20151007,55.50,56.24,54.97,54.97,159600
ASSECOSEE,20151007,9.75,9.89,9.39,9.80,9029
ASSECOSLO,20151007,17.53,17.53,17.52,17.52,100
ASTARTA,20151007,28.00,29.00,27.90,28.15,44404
ATAL,20151007,21.69,21.69,21.00,21.69,34458
ATENDE,20151007,2.53,2.55,2.53,2.55,2155
ATLANTAPL,20151007,8.45,8.48,8.40,8.48,1840
ATLANTIS,20151007,0.57,0.60,0.57,0.59,35779
ATLASEST,20151007,1.13,1.13,1.03,1.03,20
ATM,20151007,9.40,9.40,9.40,9.40,50
ATMGRUPA,20151007,3.56,3.56,3.47,3.47,8002
ATREM,20151007,5.05,5.05,5.05,5.05,100
AVIASG,20151007,20.80,20.80,20.80,20.80,1
AWBUD,20151007,2.75,2.89,2.75,2.89,1421
BALTONA,20151007,8.00,8.00,7.60,7.60,1001
BANKBPH,20151007,38.50,39.99,38.50,39.87,3214
BBIDEV,20151007,0.88,0.90,0.88,0.90,3247
BENEFIT,20151007,427.95,427.95,416.00,420.00,6364
BEST,20151007,17.00,17.50,17.00,17.05,373
BETACOM,20151007,10.64,10.64,10.64,10.64,155
BGZBNPP,20151007,50.45,50.45,50.00,50.44,73
BIOMEDLUB,20151007,2.89,2.89,2.89,2.89,384
BIOTON,20151007,10.00,11.40,10.00,11.25,665110
BMPAG,20151007,2.70,2.70,2.70,2.70,2
BOGDANKA,20151007,59.50,59.99,59.50,59.80,78722
BORYSZEW,20151007,5.05,5.10,5.01,5.03,294779
BOS,20151007,21.49,21.56,21.05,21.05,4146
BOWIM,20151007,2.12,2.12,2.09,2.09,2614
BPHFIZSN,20151007,45.00,45.00,44.50,44.50,239
BRASTER,20151007,13.49,13.56,12.97,13.50,3920
BRIJU,20151007,14.70,14.70,13.96,13.97,2256
BSCDRUK,20151007,33.60,34.65,33.60,34.65,727
BUDIMEX,20151007,210.00,214.75,204.00,204.30,17834
BUMECH,20151007,0.82,0.82,0.79,0.79,25401
BYTOM,20151007,3.20,3.24,3.19,3.22,89657
BZWBK,20151007,311.90,312.30,306.15,306.45,64831
CALATRAVA,20151007,0.62,0.68,0.60,0.66,265025
CAMMEDIA,20151007,4.76,4.77,4.76,4.77,1727
CAPITAL,20151007,2.19,2.27,2.19,2.27,675
CCC,20151007,158.70,158.95,152.05,155.20,133043
CDPROJEKT,20151007,27.35,27.50,25.83,25.90,1515080
CDRL,20151007,17.86,18.00,17.86,17.99,2316
CELTIC,20151007,4.80,4.80,4.80,4.80,100
CEZ,20151007,76.62,76.62,75.81,75.81,5648
CHEMOS,20151007,1.25,1.37,1.25,1.34,172359
CIECH,20151007,72.77,72.88,71.20,71.20,14073
CIGAMES,20151007,19.20,21.10,19.20,20.49,192523
CNT,20151007,8.48,8.48,8.40,8.40,237
COGNOR,20151007,1.22,1.24,1.20,1.22,22537
COLIAN,20151007,4.38,4.42,4.35,4.42,14490
COMARCH,20151007,131.80,132.40,130.00,131.00,17113
COMP,20151007,54.05,54.50,53.50,54.00,22975
CORMAY,20151007,1.79,1.79,1.74,1.74,17984
CORMAY-PDA,20151007,1.76,1.76,1.71,1.74,19486
CPGROUP,20151007,5.83,5.83,5.65,5.83,110770
CUBEITG,20151007,5.22,5.43,5.22,5.43,758
CYFRPLSAT,20151007,24.50,24.80,24.17,24.55,553189
CZTOREBKA,20151007,1.34,1.41,1.21,1.28,171851
DBDAIM1218,20151007,103.56,103.56,103.56,103.56,100
DEBICA,20151007,80.25,80.25,78.70,78.70,53
DECORA,20151007,6.46,6.79,6.46,6.79,149255
DELKO,20151007,8.14,8.14,8.00,8.00,45
DGA,20151007,5.80,5.80,5.80,5.80,1
DMWDM,20151007,0.36,0.36,0.35,0.35,1005
DOMDEV,20151007,48.02,50.00,48.02,50.00,101793
DROZAPOL,20151007,2.22,2.22,2.22,2.22,11
DTP,20151007,4.41,4.41,4.38,4.38,533
DUDA,20151007,5.47,5.62,5.47,5.62,7265
DUON,20151007,3.41,3.45,3.37,3.42,96004
ECARD,20151007,3.95,3.95,3.95,3.95,5
ECHO,20151007,6.56,6.75,6.56,6.75,3168
EDINVEST,20151007,2.20,2.40,2.20,2.40,49
EFEKT,20151007,15.88,15.88,14.80,15.63,1448
EKOEXPORT,20151007,14.09,14.34,13.91,14.18,8660
ELBUDOWA,20151007,151.50,153.60,151.50,153.00,1208
ELEKTROTI,20151007,16.81,17.10,16.43,16.99,13882
ELEMENTAL,20151007,4.42,4.42,4.32,4.35,36042
EMCINSMED,20151007,15.00,15.00,15.00,15.00,1
EMPERIA,20151007,65.11,65.68,65.11,65.62,3923
ENAP,20151007,0.86,0.86,0.86,0.86,5
ENEA,20151007,13.00,13.10,12.92,13.10,850398
ENELMED,20151007,9.71,9.71,9.71,9.71,70
ENERGA,20151007,16.93,17.28,16.15,16.38,1438699
ENERGOINS,20151007,9.70,9.70,9.70,9.70,3
ERBUD,20151007,33.49,33.49,33.02,33.02,601
ERG,20151007,20.14,20.99,20.14,20.99,157
ERGIS,20151007,6.16,6.24,6.05,6.20,21154
ESSYSTEM,20151007,2.94,2.94,2.94,2.94,805
ETFDAX,20151007,407.93,410.41,406.06,410.41,354
ETFSP500,20151007,76.66,77.21,76.00,76.20,3247
ETFW20L,20151007,244.09,244.09,242.65,242.65,3396
EUCO,20151007,47.53,49.00,47.53,48.61,352
EUROCASH,20151007,46.57,48.33,46.50,48.32,941623
EUROTEL,20151007,17.39,17.45,17.10,17.34,2017
EVEREST,20151007,1.93,2.00,1.79,2.00,2062
EXILLON,20151007,6.60,6.60,6.60,6.60,81
FAMUR,20151007,1.86,1.90,1.86,1.90,7309
FARMACOL,20151007,63.11,64.49,63.11,64.49,278
FASING,20151007,17.49,17.50,17.05,17.49,3922
FASTFIN,20151007,0.63,0.66,0.63,0.64,23634
FEERUM,20151007,21.96,22.20,21.75,22.20,1031
FERRO,20151007,10.80,11.19,10.80,11.19,4549
FERRUM,20151007,4.99,4.99,4.92,4.99,1786
FON,20151007,0.57,0.61,0.56,0.59,27604
FORTE,20151007,53.45,53.49,52.70,52.99,88861
FOTA,20151007,0.66,0.66,0.60,0.64,86894
GETIN,20151007,1.51,1.51,1.49,1.50,68615
GETINOBLE,20151007,0.93,0.93,0.91,0.91,3268542
GINOROSSI,20151007,2.69,2.69,2.55,2.59,46281
GLCOSMED,20151007,4.56,4.57,4.56,4.56,705
GORENJE,20151007,21.20,21.20,21.20,21.20,1
GPW,20151007,40.40,40.50,39.60,39.70,17588
GRAAL,20151007,31.40,32.29,31.40,32.00,17355
GRAJEWO,20151007,23.80,24.85,23.80,24.85,4677
GREMMEDIA,20151007,1.56,1.77,1.56,1.77,4222
GROCLIN,20151007,13.80,14.30,13.75,14.27,11678
GRUPAAZOTY,20151007,91.20,92.56,90.79,91.21,51154
GTC,20151007,6.49,6.56,6.42,6.56,40035
GTC-PDA,20151007,6.40,6.47,6.40,6.47,5600
HANDLOWY,20151007,81.64,82.05,81.40,81.74,21386
HARPER,20151007,1.86,1.87,1.83,1.87,5094
HAWE,20151007,1.06,1.06,1.01,1.02,2080960
HELIO,20151007,4.17,4.17,4.17,4.17,10
HERKULES,20151007,4.22,4.31,4.15,4.26,46847
HUBSTYLE,20151007,0.92,0.92,0.92,0.92,11
HYDROTOR,20151007,37.95,37.95,37.00,37.00,452
HYPERION,20151007,3.44,3.49,3.44,3.45,2779
IDEABANK,20151007,25.64,25.65,25.36,25.65,462
IDMSA,20151007,1.49,1.52,1.43,1.52,13118
IFCAPITAL,20151007,1.15,1.25,1.15,1.25,1120
IFSA,20151007,0.51,0.53,0.51,0.53,5457
IIAAV,20151007,9.44,9.44,9.35,9.37,2000
IMCOMPANY,20151007,5.45,6.01,5.45,6.01,5714
IMMOBILE,20151007,2.38,2.40,2.32,2.40,1996
IMPEL,20151007,28.00,28.00,27.77,27.77,4
IMPERA,20151007,1.52,1.58,1.52,1.58,705
IMPEXMET,20151007,2.65,2.72,2.65,2.71,124042
IMS,20151007,2.10,2.24,2.10,2.15,1722
INC,20151007,2.15,2.15,2.15,2.15,44
INDATA,20151007,0.84,0.96,0.80,0.92,359658
INDYGO,20151007,1.00,1.13,1.00,1.12,2285849
INDYKPOL,20151007,94.50,94.50,90.00,91.99,1467
INGBSK,20151007,123.75,126.00,122.05,123.40,45879
INPRO,20151007,3.68,3.68,3.68,3.68,30
INSTALKRK,20151007,10.97,10.99,10.77,10.90,3573
INTEGERPL,20151007,120.90,122.85,119.65,122.85,14694
INTERAOLT,20151007,18.00,18.00,18.00,18.00,300
INTERBUD,20151007,2.24,2.30,2.12,2.27,16907
INTERCARS,20151007,235.40,239.80,233.00,239.80,5074
INTERSPPL,20151007,2.11,2.13,1.96,2.06,21017
INTROL,20151007,9.85,9.85,9.70,9.85,217
INVGLDFIZ,20151007,1450.00,1450.00,1396.00,1396.00,2
INVISTA,20151007,2.15,2.18,2.15,2.18,30009
INVPEFIZ,20151007,904.99,936.00,895.00,936.00,21
IPOPEMA,20151007,3.07,3.07,2.98,2.98,1716
IQP,20151007,0.82,0.82,0.82,0.82,260
IVMX,20151007,5.95,5.95,5.94,5.94,1980
IZOBLOK,20151007,106.60,106.60,105.50,106.50,29
IZOLACJA,20151007,1.07,1.07,1.07,1.07,345
IZOSTAL,20151007,4.40,4.41,4.40,4.41,210
JHMDEV,20151007,1.50,1.50,1.44,1.48,23589
JSW,20151007,12.24,12.35,12.05,12.15,183773
JWCONSTR,20151007,4.71,5.09,4.71,4.91,207483
K2INTERNT,20151007,11.89,11.89,11.60,11.89,7894
KANIA,20151007,2.87,2.92,2.87,2.90,14053
KBCASFIZ,20151007,96.00,96.00,96.00,96.00,250
KBDOM,20151007,2.92,2.92,2.76,2.85,4275
KERDOS,20151007,0.54,0.55,0.52,0.52,1100988
KERNEL,20151007,46.51,49.90,46.51,49.90,957395
KETY,20151007,296.40,296.40,291.20,294.65,977
KGHM,20151007,89.75,92.40,88.95,90.70,2824845
KINOPOL,20151007,13.55,13.55,13.40,13.41,1470
KOFOLA,20151007,56.40,56.40,53.74,56.38,10401
KOGENERA,20151007,71.87,71.87,68.90,68.90,980
KOMPUTRON,20151007,8.63,8.85,8.55,8.77,20498
KONSSTALI,20151007,33.97,33.97,32.50,32.69,157
KOPEX,20151007,5.66,5.73,5.61,5.66,3932
KPPD,20151007,25.74,25.74,25.74,25.74,340
KRAKCHEM,20151007,4.23,4.23,4.10,4.10,3550
KREC,20151007,7.15,7.15,7.15,7.15,115
KREDYTIN,20151007,28.40,29.29,27.50,28.19,810
KREZUS,20151007,4.13,4.13,3.92,4.01,8115
KRKA,20151007,257.20,257.20,257.20,257.20,61
KRUK,20151007,174.15,180.00,173.50,180.00,48864
KRUSZWICA,20151007,53.49,53.49,50.60,50.60,361
KSGAGRO,20151007,0.98,1.00,0.96,0.98,12111
LCCORP,20151007,1.91,1.98,1.91,1.98,36731
LENA,20151007,4.41,4.46,4.40,4.46,6952
LENTEX,20151007,8.89,8.95,8.85,8.89,11444
LIBET,20151007,2.51,2.51,2.51,2.51,68
LIVECHAT,20151007,35.00,36.00,34.50,35.51,32449
LOTOS,20151007,29.55,30.05,29.23,30.05,464285
LPP,20151007,7494.00,7750.00,7440.85,7750.00,1698
LSISOFT,20151007,4.50,4.50,4.50,4.50,1
LUBAWA,20151007,1.06,1.07,1.05,1.06,63490
MABION,20151007,48.00,48.96,47.40,47.69,3421
MAGELLAN,20151007,55.40,55.40,55.00,55.00,935
MARVIPOL,20151007,7.05,7.06,7.05,7.06,339
MBANK,20151007,375.00,382.85,374.85,381.70,27097
MCI,20151007,11.58,12.21,11.58,11.99,29051
MCLOGIC,20151007,39.78,39.80,39.78,39.80,60
MEDICALG,20151007,203.00,204.75,202.50,203.10,109
MENNICA,20151007,13.36,13.36,13.36,13.36,55
MERCATOR,20151007,18.00,18.20,17.86,18.20,11072
MERCOR,20151007,9.99,10.00,9.80,9.97,849
MEXPOLSKA,20151007,4.28,4.42,4.28,4.35,30381
MFO,20151007,12.10,12.10,12.10,12.10,1
MIDAS,20151007,0.61,0.61,0.60,0.60,1276720
MILKILAND,20151007,1.01,1.08,0.98,1.05,68063
MILLENNIUM,20151007,6.27,6.56,6.27,6.45,927595
MIRACULUM,20151007,2.75,2.98,2.75,2.96,11677
MIRBUD,20151007,1.14,1.14,1.12,1.12,53875
MLPGROUP,20151007,35.72,35.90,35.72,35.90,996
MNI,20151007,0.95,0.98,0.95,0.95,25000
MOJ,20151007,1.21,1.21,1.11,1.13,1230
MOL,20151007,174.65,174.65,174.65,174.65,20
MONNARI,20151007,16.93,16.97,16.73,16.93,42822
MOSTALPLC,20151007,15.25,15.25,14.58,14.58,1230
MOSTALWAR,20151007,14.00,14.00,13.56,13.64,5734
MOSTALZAB,20151007,1.85,1.88,1.79,1.80,282453
MUZA,20151007,3.14,3.14,3.14,3.14,5
MWTRADE,20151007,15.95,16.40,15.75,16.40,4832
NETIA,20151007,5.78,5.88,5.63,5.63,219956
NETMEDIA,20151007,5.55,5.55,5.46,5.55,1665
NEUCA,20151007,349.30,350.00,340.80,345.00,1053
NEWAG,20151007,15.75,15.80,15.65,15.70,34760
NFIEMF,20151007,2.90,3.04,2.90,2.90,2338
NORTCOAST,20151007,5.29,5.85,5.29,5.85,3900
NOVITA,20151007,51.70,51.70,50.04,51.59,37
NOWAGALA,20151007,1.27,1.27,1.27,1.27,55
NTTSYSTEM,20151007,2.43,2.43,2.39,2.39,11
ODLEWNIE,20151007,2.35,2.35,2.35,2.35,2440
OPENFIN,20151007,4.17,4.17,4.17,4.17,1084
OPONEO.PL,20151007,19.27,19.27,18.37,18.62,1117
OPTEAM,20151007,9.60,9.79,9.40,9.60,6404
ORANGEPL,20151007,7.40,7.55,7.32,7.50,2573587
ORBIS,20151007,61.11,62.78,60.03,61.00,28482
ORCOGROUP,20151007,1.04,1.09,1.00,1.09,8418
ORZBIALY,20151007,6.90,6.90,6.79,6.79,16
OTLOG,20151007,237.95,238.00,237.90,238.00,684
OTMUCHOW,20151007,6.40,6.45,6.40,6.45,346
OVOSTAR,20151007,88.21,88.21,84.55,87.40,174
PAGED,20151007,54.89,54.89,53.11,53.11,677
PAMAPOL,20151007,1.35,1.53,1.35,1.50,140129
PANOVA,20151007,18.74,18.74,18.66,18.66,599
PBG,20151007,2.55,2.57,2.45,2.46,57841
PCCEXOL,20151007,3.20,3.20,3.19,3.19,60
PCCINTER,20151007,2.09,2.09,2.09,2.09,5
PCCROKITA,20151007,38.40,39.30,38.40,39.11,1403
PCM,20151007,42.75,43.49,41.05,41.50,6988
PEKABEX,20151007,10.75,10.75,10.65,10.73,3264
PEKAES,20151007,12.40,12.42,12.40,12.42,1400
PEKAO,20151007,153.05,154.90,152.40,153.80,820885
PELION,20151007,66.10,66.99,63.00,64.00,10303
PEMANAGER,20151007,127.40,127.40,127.40,127.40,1
PEP,20151007,25.50,25.98,25.50,25.57,3963
PEPEES,20151007,0.54,0.54,0.54,0.54,30
PGE,20151007,13.39,13.42,13.06,13.35,4120041
PGNIG,20151007,6.88,6.92,6.80,6.80,4549310
PGODLEW,20151007,4.96,5.09,4.96,5.09,501
PHN,20151007,18.85,18.85,18.70,18.80,604
PKNORLEN,20151007,67.50,67.50,64.64,66.11,2775305
PKOBP,20151007,30.24,30.74,30.16,30.60,2892409
PKOGS,20151007,100.58,101.48,100.58,101.48,1265
PKOSO,20151007,99.15,99.15,99.15,99.15,200
PKPCARGO,20151007,67.29,69.96,67.00,69.96,25104
PLASTBOX,20151007,2.26,2.26,2.24,2.26,3599
PLATYNINW,20151007,2.90,3.13,2.86,3.05,9993
PMPG,20151007,1.46,1.46,1.46,1.46,1500
POLICE,20151007,24.80,25.00,24.34,24.70,10293
POLMED,20151007,3.19,3.33,3.19,3.33,12651
POLNA,20151007,22.83,24.98,22.83,24.98,1637
POLNORD,20151007,12.06,12.45,12.06,12.45,104678
POLWAX,20151007,15.98,15.98,15.86,15.97,501
POZBUD,20151007,5.39,5.39,5.39,5.39,132
PRAGMAFA,20151007,12.75,12.76,12.75,12.76,28
PRAGMAINK,20151007,12.00,12.00,12.00,12.00,24
PRAIRIE,20151007,1.74,1.91,1.51,1.67,205953
PRESCO,20151007,5.25,5.30,5.13,5.30,2690
PROCAD,20151007,1.55,1.65,1.55,1.64,1859
PROCHEM,20151007,16.45,16.45,16.28,16.28,1612
PROCHNIK,20151007,1.16,1.16,1.13,1.13,29243
PROJPRZEM,20151007,7.30,7.76,7.15,7.15,4185
PROTEKTOR,20151007,3.03,3.13,3.03,3.13,6374
PROVIDENT,20151007,24.00,24.00,24.00,24.00,2
PSG,20151007,0.65,0.75,0.65,0.75,2134
PTI,20151007,0.52,0.69,0.52,0.69,354601
PULAWY,20151007,167.20,167.30,163.10,164.00,181
PWRMEDIA,20151007,1.30,1.30,1.30,1.30,1000
PZU,20151007,393.95,394.00,382.00,385.70,340044
QUANTUM,20151007,6.40,6.60,6.20,6.50,1596
QUERCUS,20151007,6.36,6.70,6.36,6.50,20786
QUMAK,20151007,10.41,10.41,10.30,10.38,46607
RADPOL,20151007,6.59,6.60,6.23,6.43,4332
RAFAKO,20151007,6.75,6.85,6.70,6.70,33048
RAFAMET,20151007,15.05,15.05,14.81,15.05,355
RAINBOW,20151007,23.50,24.39,23.50,24.11,4894
RANKPROGR,20151007,1.70,1.70,1.69,1.69,7500
RAWLPLUG,20151007,8.20,8.45,8.20,8.45,950
RCCORAOPEN,20151007,11.78,11.78,11.78,11.78,10
RCCRUAOPEN,20151007,10.00,10.17,9.95,9.95,22754
RCGBSH10520,20151007,943.00,943.00,943.00,943.00,2
RCGBSH21116,20151007,945.30,945.30,945.30,945.30,1
RCGLDAOPEN,20151007,432.38,432.91,432.38,432.91,11
RCGSDG10419,20151007,1008.87,1008.87,1008.87,1008.87,10
RCLNAGOPEN,20151007,6.74,6.88,6.73,6.88,1386
RCSCEAOPEN,20151007,74.20,74.20,74.20,74.20,22
RCSCRAOPEN,20151007,315.96,315.96,315.96,315.96,160
RCSDAXOPEN,20151007,136.80,136.80,136.80,136.80,75
RCSILAOPEN,20151007,59.66,59.99,59.45,59.99,120
RCSUGAOPEN,20151007,3.35,3.35,3.35,3.35,480
RCW20AOPEN,20151007,20.99,20.99,20.99,20.99,10
RCWHTAOPEN,20151007,8.92,8.92,8.92,8.92,10
REDAN,20151007,2.39,2.39,2.32,2.33,9363
REDWOOD,20151007,6.00,6.00,5.99,6.00,21
REINHOLD,20151007,0.55,0.55,0.50,0.53,34468
RELPOL,20151007,6.50,6.52,6.19,6.52,9301
REMAK,20151007,18.00,18.00,17.40,18.00,352
RESBUD,20151007,1.38,1.38,1.33,1.36,1501
ROBYG,20151007,2.46,2.52,2.46,2.48,250560
RONSON,20151007,1.36,1.37,1.30,1.36,32724
ROPCZYCE,20151007,20.50,20.55,20.50,20.50,133
RUBICON,20151007,1.20,1.20,1.20,1.20,36
SANOK,20151007,56.00,56.52,55.90,56.25,3454
SANTANDER,20151007,21.25,22.40,21.25,22.39,482
SCOPAK,20151007,3.80,3.90,3.80,3.90,7662
SELVITA,20151007,21.00,21.99,20.69,21.00,3099
SERINUS,20151007,2.11,2.16,2.07,2.08,160257
SFINKS,20151007,3.58,3.65,3.55,3.58,18465
SILVANO,20151007,5.20,5.20,5.20,5.20,500
SIMPLE,20151007,8.59,8.59,8.54,8.54,8484
SKARBIEC,20151007,34.00,34.00,34.00,34.00,100
SKOK,20151007,1.59,1.59,1.59,1.59,24
SKOTAN,20151007,0.48,0.49,0.47,0.48,196524
SMT,20151007,17.77,17.77,16.84,17.22,32049
SNIEZKA,20151007,53.15,54.71,53.15,53.36,684
SOBIESKI,20151007,76.99,76.99,76.99,76.99,62
SOHODEV,20151007,1.18,1.23,1.18,1.23,619
SOLAR,20151007,1.70,1.70,1.53,1.56,213124
SONEL,20151007,12.00,12.15,12.00,12.15,3275
STALEXP,20151007,3.28,3.36,3.28,3.33,91202
STALPROD,20151007,299.00,309.95,296.20,309.95,278
STALPROFI,20151007,12.40,12.40,11.51,11.51,271
STAPORKOW,20151007,4.87,5.08,4.75,5.00,4916
STARHEDGE,20151007,0.65,0.66,0.62,0.66,7942
SUNEX,20151007,0.16,0.17,0.15,0.16,684909
SUWARY,20151007,10.83,10.83,10.82,10.82,183
SWISSMED,20151007,1.91,1.94,1.85,1.90,8835
SYGNITY,20151007,8.85,8.85,8.61,8.78,4140
SYNEKTIK,20151007,16.13,16.13,16.13,16.13,1
SYNTHOS,20151007,3.88,3.91,3.84,3.91,1308455
TALEX,20151007,18.14,18.14,18.14,18.14,22
TARCZYNSKI,20151007,13.99,13.99,13.41,13.72,85
TATRY,20151007,98.15,100.00,98.15,100.00,25
TAURONPE,20151007,3.21,3.24,3.18,3.18,4729493
TELL,20151007,11.84,11.84,11.62,11.62,1602
TERESA,20151007,15.25,15.34,15.25,15.34,4
TERMOREX,20151007,2.60,2.85,2.60,2.82,3931
TESGAS,20151007,3.40,3.45,3.40,3.42,3278
TFONE,20151007,3.00,3.04,2.95,3.03,14980
TIM,20151007,8.59,8.80,8.35,8.80,3667
TORPOL,20151007,11.15,11.34,11.10,11.29,12832
TOYA,20151007,5.13,5.13,5.13,5.13,24
TRAKCJA,20151007,9.20,9.34,9.17,9.24,65037
TRANSPOL,20151007,3.05,3.05,3.03,3.03,3003
TRIGONPP,20151007,112.95,112.95,112.95,112.95,50
TRITON,20151007,2.00,2.00,2.00,2.00,4800
ULMA,20151007,78.50,78.50,78.50,78.50,1
UNIBEP,20151007,11.52,11.60,11.30,11.49,1783
UNIMA,20151007,1.75,1.90,1.73,1.90,5234
UNISYS1AB,20151007,949.90,950.00,942.00,942.00,46
UNIWHEELS,20151007,119.75,119.75,117.00,117.00,8191
URSUS,20151007,2.93,2.97,2.93,2.95,121729
VANTAGE,20151007,2.54,2.54,2.54,2.54,2
VARIANT,20151007,1.69,1.70,1.58,1.70,180
VIGOSYS,20151007,246.00,255.00,246.00,255.00,125
VINDEXUS,20151007,5.96,5.96,5.60,5.61,53660
VISTAL,20151007,10.92,11.08,10.92,11.08,952
VISTULA,20151007,2.89,2.92,2.86,2.86,206577
VOTUM,20151007,17.00,17.00,16.52,16.52,3664
VOXEL,20151007,16.50,16.50,16.50,16.50,10564
WADEX,20151007,4.41,4.41,4.40,4.41,1980
WARIMPEX,20151007,2.95,3.15,2.95,3.15,1511
WASKO,20151007,1.85,1.90,1.85,1.90,19895
WAWEL,20151007,1290.00,1313.00,1283.70,1313.00,37
WDX,20151007,5.50,5.50,5.38,5.48,1531
WIELTON,20151007,7.47,7.50,7.40,7.40,3379
WIKANA,20151007,1.20,1.31,1.16,1.16,4595
WINDMOBIL,20151007,7.99,7.99,7.88,7.90,2200
WINVEST,20151007,3.86,3.86,3.72,3.72,288
WIRTUALNA,20151007,39.74,39.79,39.15,39.74,10562
WOJAS,20151007,6.60,6.64,6.35,6.60,3532
WORKSERV,20151007,16.18,16.18,15.00,15.00,33309
YAWAL,20151007,6.12,6.12,4.96,5.00,13333
ZAMET,20151007,2.10,2.27,1.95,2.03,124674
ZASTAL,20151007,0.58,0.59,0.57,0.59,5600
ZEPAK,20151007,13.90,13.95,13.81,13.90,13152
ZETKAMA,20151007,88.00,88.00,88.00,88.00,13
ZPUE,20151007,356.00,356.00,356.00,356.00,8
ZUE,20151007,7.62,7.62,7.62,7.62,1020
ZYWIEC,20151007,394.95,395.00,394.00,394.00,123
INVESTORMS,20151007,3726.80,3735.27,3726.80,3735.27,251453.099
MWIG40,20151007,3676.77,3691.64,3663.41,3691.64,188849.950
NCINDEX30,20151007,994.56,1006.69,990.67,1006.69,2450.623
RESPECT,20151007,2603.18,2606.67,2583.41,2591.31,776647.894
SWIG80,20151007,13367.12,13410.20,13344.60,13370.01,31838.536
WIG,20151007,50894.92,51005.27,50636.19,50961.87,1306534.634
WIG-BANKI,20151007,6775.46,6803.32,6775.46,6803.32,275302.737
WIG-BUDOW,20151007,3072.36,3072.36,3018.12,3018.12,6015.694
WIG-CEE,20151007,731.56,734.27,731.56,734.27,47709.395
WIG-CHEMIA,20151007,15181.77,15198.23,15105.47,15105.47,11307.177
WIG-DEWEL,20151007,1424.22,1446.50,1424.22,1446.50,9909.175
WIG-ENERG,20151007,3226.59,3231.42,3226.59,3231.42,105406.612
WIG-INFO,20151007,1660.52,1660.52,1636.15,1636.15,59137.348
WIG-MEDIA,20151007,4447.38,4457.41,4443.48,4457.41,14707.574
WIG-PALIWA,20151007,4758.16,4793.59,4758.16,4793.59,227637.013
WIG-POLAND,20151007,51929.89,52131.50,51929.89,52131.50,1257204.643
WIG-SPOZYW,20151007,3504.80,3588.97,3504.80,3588.97,48941.565
WIG-SUROWC,20151007,2844.63,2853.14,2840.64,2853.14,262252.936
WIG-TELKOM,20151007,902.69,904.25,900.15,904.25,23394.890
WIG-UKRAIN,20151007,350.70,359.77,350.70,359.77,47230.351
WIG20,20151007,2106.04,2116.03,2092.35,2110.39,1071969.866
WIG20LEV,20151007,651.94,658.12,643.48,654.63,1071969.866
WIG20SHORT,20151007,3734.79,3759.14,3717.02,3727.06,1071969.866
WIG20TR,20151007,3446.69,3467.04,3446.69,3467.04,1071969.866
WIG30,20151007,2333.76,2340.62,2319.02,2337.47,1170071.575
WIG30TR,20151007,3776.31,3796.25,3776.31,3796.25,1170071.575
WIGDIV,20151007,1083.23,1086.66,1078.10,1080.39,772304.639
06MAGNA,20151007,1.85,1.95,1.85,1.95,602
08OCTAVA,20151007,1.35,1.35,1.35,1.35,69
BEDZIN,20151007,14.76,14.76,14.76,14.76,350
BERLING,20151007,4.35,4.35,4.35,4.35,800
CASHFLOW,20151007,0.13,0.14,0.13,0.14,2507
CFI,20151007,9.89,9.89,9.89,9.89,5
COALENERG,20151007,0.70,0.70,0.70,0.70,1220
DREWEX,20151007,0.90,0.92,0.90,0.92,1747
EFH,20151007,0.04,0.04,0.04,0.04,2350
EKANCELAR,20151007,0.04,0.04,0.04,0.04,354281
FAM,20151007,1.49,1.49,1.45,1.45,1900
HUTMEN,20151007,5.03,5.03,5.03,5.03,7297
IBSM,20151007,0.78,0.78,0.75,0.75,5118
INTERFERI,20151007,4.60,4.60,4.60,4.60,40
KCI,20151007,0.03,0.03,0.03,0.03,77441
MIT,20151007,0.14,0.14,0.14,0.14,338790
NEWWORLDR,20151007,0.03,0.03,0.03,0.03,21162
PEIXIN,20151007,5.55,5.55,5.50,5.50,203
PETROLINV,20151007,0.16,0.16,0.16,0.16,361460
REGNON,20151007,1.21,1.21,1.21,1.21,1745
ROVESE,20151007,1.39,1.39,1.39,1.39,3552
SANWIL,20151007,0.82,0.82,0.82,0.82,1087
SKYLINE,20151007,0.49,0.49,0.49,0.49,5100
SKYSTONE,20151007,3.35,3.35,3.35,3.35,8
ZREMB,20151007,1.20,1.20,1.20,1.20,5120
01CYBATON,20151007,2.67,2.73,2.66,2.73,14507
11BIT,20151007,67.00,68.94,66.77,66.78,7362
2CPARTNER,20151007,0.62,0.62,0.62,0.62,3
2INTELLECT,20151007,0.43,0.43,0.43,0.43,30
5THAVENUE,20151007,1.30,1.30,1.29,1.29,300
ABPOL,20151007,0.29,0.38,0.29,0.32,440165
ABSINVEST,20151007,1.70,1.83,1.70,1.83,20083
ACARTUS,20151007,0.26,0.26,0.26,0.26,600
ADFORM,20151007,8.50,8.50,8.50,8.50,5
ADIUVO,20151007,24.20,24.20,24.20,24.20,2
ADMASSIVE,20151007,0.37,0.37,0.37,0.37,100
ADMIRAL,20151007,0.27,0.27,0.27,0.27,37
ADVOCULAR,20151007,2.45,2.46,2.15,2.21,7115
AEDES,20151007,0.86,0.86,0.79,0.80,10626
AERFINANC,20151007,0.44,0.44,0.44,0.44,30
AFHOL,20151007,1.83,1.83,1.83,1.83,200
AGROLIGA,20151007,13.10,14.70,13.10,14.70,1281
AGROTOUR,20151007,0.38,0.40,0.38,0.40,17384
AIRWAY,20151007,1.44,1.47,1.44,1.47,1148
AITON,20151007,1.10,1.15,1.10,1.15,26
ALDA,20151007,1.52,1.52,1.52,1.52,1
ALEJA,20151007,0.23,0.24,0.23,0.23,52660
ALFASTAR,20151007,0.22,0.26,0.17,0.20,137830
APANET,20151007,5.42,5.60,4.91,4.91,11189
APIS,20151007,0.02,0.02,0.02,0.02,4834
APS,20151007,2.91,2.91,2.91,2.91,1
APSENERGY,20151007,4.60,4.95,4.60,4.95,41981
ARI,20151007,0.36,0.36,0.36,0.36,30
ARRINERA,20151007,8.84,8.84,8.80,8.80,4
ARTBIZNES,20151007,0.36,0.36,0.36,0.36,415
ARTNEWMED,20151007,0.03,0.03,0.03,0.03,500
ARTNEWS,20151007,1.74,1.74,1.65,1.73,411
ARTP,20151007,0.10,0.10,0.10,0.10,100
ASMGROUP,20151007,2.19,2.21,2.19,2.21,1350
ASSETUS,20151007,0.84,0.90,0.82,0.90,725
ASTORIA,20151007,3.84,3.84,3.84,3.84,100
ATCCARGO,20151007,2.96,2.96,2.52,2.52,1000
ATONHT,20151007,0.18,0.18,0.18,0.18,70
AUTOSPA,20151007,2.50,2.50,2.50,2.50,405
AZTEC,20151007,2.80,2.80,2.80,2.80,5
B2BPARTNER,20151007,0.15,0.16,0.15,0.16,15600
BALTICINV,20151007,0.93,1.05,0.91,1.05,428546
BALTICON,20151007,14.08,14.08,14.08,14.08,143
BBCONSULT,20151007,3.59,3.72,3.41,3.72,9380
BGE,20151007,0.24,0.24,0.24,0.24,250
BINARY,20151007,0.17,0.20,0.17,0.20,55
BIOERG,20151007,0.23,0.23,0.23,0.23,100
BIOGENED,20151007,11.90,11.90,11.90,11.90,1
BIOMASS,20151007,1.65,1.68,1.63,1.67,7743
BIOMAX,20151007,0.15,0.16,0.15,0.16,12325
BIOMAXIMA,20151007,3.76,3.76,3.76,3.76,60
BIOPLANET,20151007,12.00,13.00,12.00,13.00,10902
BLACKPOIN,20151007,0.40,0.41,0.33,0.39,39202
BLIRT,20151007,1.82,1.82,1.74,1.82,383
BLOOBER,20151007,38.76,38.76,37.51,37.96,4246
BLUMERANG,20151007,1.10,1.10,1.09,1.10,3160
BOA,20151007,0.33,0.33,0.33,0.33,71
BOMEDIA,20151007,1.00,1.00,1.00,1.00,5
BOOMERANG,20151007,0.31,0.37,0.31,0.37,50382
BORUTA,20151007,0.24,0.24,0.22,0.24,1231343
BPC,20151007,0.41,0.41,0.41,0.41,30
BROADGATE,20151007,0.82,0.82,0.82,0.82,2
BVT,20151007,1.58,1.60,1.51,1.60,33874
CALESCO,20151007,1.31,1.31,1.31,1.31,20
CCS,20151007,1.02,1.02,1.02,1.02,1250
CCTOOLS,20151007,0.22,0.24,0.22,0.24,9384
CDE,20151007,0.14,0.15,0.13,0.13,23874
CENTURION,20151007,0.28,0.28,0.28,0.28,500
CEREALPLT,20151007,12.00,12.00,12.00,12.00,2
CFBPS,20151007,6.29,6.29,6.29,6.29,1
CLOUD,20151007,94.00,94.00,94.00,94.00,1
COLUMBUS,20151007,0.24,0.25,0.23,0.25,86138
COMECO,20151007,0.37,0.37,0.37,0.37,40
COMPRESS,20151007,0.16,0.18,0.16,0.18,3500
CSY,20151007,3.70,3.70,3.70,3.70,8
CWPE,20151007,0.15,0.15,0.15,0.15,500
DASE,20151007,0.44,0.44,0.44,0.44,30
DEKTRA,20151007,9.40,9.40,9.40,9.40,2
DENTAMDC,20151007,0.01,0.01,0.01,0.01,3300
DEVORAN,20151007,0.30,0.30,0.30,0.30,3237
DFP,20151007,3.04,3.04,2.90,2.90,224
DIGITAL,20151007,0.21,0.21,0.21,0.21,1000
DOMLEK,20151007,17.70,17.70,17.69,17.69,9
EASTSIDE,20151007,1.64,1.68,1.55,1.68,2005
EC2,20151007,1.08,1.29,0.94,1.25,20699
ECA,20151007,1.25,1.30,1.25,1.30,4520
ECERAMICS,20151007,0.01,0.02,0.01,0.02,12891651
ECOTECH,20151007,1.15,1.15,1.15,1.15,10
EDISON,20151007,1.09,1.09,1.09,1.09,100
EFENERGII,20151007,1.32,1.32,1.32,1.32,100
EFICOM,20151007,0.69,0.69,0.69,0.69,330
EFIXDM,20151007,14.09,14.09,14.09,14.09,1
EKIOSK,20151007,0.67,0.72,0.67,0.72,4292
EKOBOX,20151007,1.35,1.36,1.35,1.36,3049
EMONT,20151007,1.03,1.03,1.03,1.03,100
EONET,20151007,5.43,5.43,5.43,5.43,2
EPIGON,20151007,0.16,0.17,0.16,0.17,1500
ERNE,20151007,4.01,4.25,4.01,4.17,17597
ERS,20151007,0.28,0.28,0.28,0.28,50
ESKIMOS,20151007,0.29,0.30,0.29,0.30,2250
EUROCENT,20151007,9.95,9.95,9.95,9.95,15
EUROTAX,20151007,2.65,2.65,2.65,2.65,3
EXAMOBILE,20151007,2.40,2.45,2.40,2.41,757
EXCELLENC,20151007,1.50,1.50,1.50,1.50,10
EZO,20151007,5.20,5.40,5.18,5.40,1902
FABRYKAKD,20151007,2.00,2.00,2.00,2.00,10
FACHOWCY,20151007,0.18,0.18,0.18,0.18,100
FARM51,20151007,10.82,11.38,10.82,11.38,13578
FINHOUSE,20151007,0.75,0.83,0.75,0.83,2001
FITEN,20151007,1.40,1.60,1.40,1.60,1210
FLUID,20151007,0.93,0.93,0.91,0.92,37050
FLYPL,20151007,0.09,0.12,0.09,0.11,5907285
FOREVEREN,20151007,0.58,0.58,0.54,0.58,26366
FORPOSTA,20151007,1.01,1.01,1.01,1.01,2
FUTURIS,20151007,0.94,0.94,0.87,0.94,65
GALVO,20151007,1.51,1.59,1.51,1.59,300
GCINVEST,20151007,0.59,0.59,0.48,0.51,134374
GEKOPLAST,20151007,9.01,9.01,9.01,9.01,111
GENOMED,20151007,17.00,17.00,17.00,17.00,37
GENRG,20151007,0.09,0.09,0.09,0.09,25000
GEOTRANS,20151007,8.03,8.03,7.00,7.50,7531
GOLAB,20151007,0.34,0.35,0.34,0.35,10836
GONTYNIEC,20151007,1.34,1.40,1.34,1.40,6100
GOTFI,20151007,8.30,8.30,8.30,8.30,65
GRAPHIC,20151007,0.21,0.22,0.20,0.22,15250
GRJAGUAR,20151007,0.97,1.00,0.86,0.86,10508
GRODNO,20151007,5.47,5.50,5.47,5.50,764
GRUPAEMM,20151007,0.19,0.19,0.19,0.19,2
GRUPAHRC,20151007,2.86,2.86,2.86,2.86,10
GRUPAREC,20151007,11.76,12.40,11.65,11.79,108
GWARANT,20151007,3.25,3.25,3.25,3.25,1
HAMBURGER,20151007,1.07,1.14,1.07,1.14,1181
HETAN,20151007,0.79,0.79,0.70,0.70,198
HOLLYWOOD,20151007,5.00,5.00,5.00,5.00,100
HORTICO,20151007,3.16,3.31,3.14,3.30,900
HYDRAPRES,20151007,0.36,0.36,0.36,0.36,600
HYDROPHI,20151007,0.20,0.20,0.20,0.20,58289
I3D,20151007,0.75,0.75,0.75,0.75,20
IAI,20151007,5.50,5.50,5.50,5.50,10
IGORIA,20151007,0.96,0.96,0.96,0.96,1
IMAGIS,20151007,0.32,0.32,0.26,0.29,17100
INBOOK,20151007,0.43,0.43,0.43,0.43,50
INCANA,20151007,0.67,0.67,0.67,0.67,30
INDEXMEDI,20151007,2.45,2.45,2.45,2.45,20
INFOSCAN,20151007,4.50,4.50,4.50,4.50,5
INFRA,20151007,0.70,0.70,0.63,0.67,28984
INNOGENE,20151007,9.50,9.50,9.03,9.50,301
INTELIWIS,20151007,1.76,1.76,1.76,1.76,30
INVENTI,20151007,2.05,2.14,2.05,2.14,192
INVESTEKO,20151007,1.80,1.80,1.80,1.80,20
INWESTPL,20151007,0.32,0.32,0.32,0.32,1
IPODS,20151007,0.24,0.24,0.24,0.24,400
IPOSA,20151007,0.07,0.07,0.07,0.07,150
IU,20151007,2.80,2.80,2.64,2.64,500
JRHOLDING,20151007,0.49,0.53,0.48,0.53,17010
JUJUBEE-PDA,20151007,3.55,3.55,3.41,3.45,6101
KKHERBAL,20151007,0.24,0.24,0.24,0.24,50
KLASZTORNE,20151007,0.07,0.08,0.07,0.08,20550
KLON,20151007,1.60,1.79,1.60,1.79,1050
KUPIEC,20151007,2.67,2.67,2.51,2.61,1585
LABOPRINT,20151007,15.60,15.60,15.60,15.60,2
LAURENPES,20151007,0.04,0.04,0.04,0.04,300
LEASINGEX,20151007,0.68,0.68,0.58,0.65,6765
LEONIDAS,20151007,0.24,0.24,0.24,0.24,4
LETUS,20151007,0.10,0.12,0.10,0.12,201654
LOYD,20151007,0.35,0.35,0.33,0.33,1171
LSTECHHOM,20151007,1.10,1.10,0.88,0.90,40888
LUG,20151007,3.08,3.19,3.08,3.19,310
LUXIMA,20151007,0.04,0.04,0.04,0.04,300
LZMO,20151007,1.49,1.54,1.49,1.54,19655
MADKOM,20151007,1.80,1.80,1.76,1.76,325
MAKORA,20151007,1.54,1.54,1.54,1.54,20
MARKA,20151007,2.37,2.37,2.37,2.37,10
MARSOFT,20151007,0.13,0.13,0.13,0.13,200
MAXIPIZZA,20151007,0.69,0.72,0.69,0.72,3962
MBFGROUP,20151007,6.83,7.00,6.20,6.36,4689
MBPARTNER,20151007,0.03,0.03,0.03,0.03,700
MED,20151007,5.16,5.16,5.15,5.15,1005
MEDIACAP,20151007,2.34,2.34,2.20,2.20,2000
MEDIANPOL,20151007,0.37,0.37,0.37,0.37,28
MEGASONIC,20151007,6.68,6.68,6.68,6.68,1
MERA,20151007,1.54,1.57,1.54,1.57,600
MERIT,20151007,0.23,0.23,0.23,0.23,50
MFOOD,20151007,0.46,0.46,0.46,0.46,4348
MIDVEN,20151007,105.00,105.00,105.00,105.00,11
MILESTONE,20151007,6.20,6.40,6.00,6.40,4001
MILKPOL,20151007,0.24,0.24,0.24,0.24,500
MINOX,20151007,0.08,0.08,0.07,0.08,2898
MMCPL,20151007,4.80,5.73,4.80,5.10,305
MODE,20151007,0.55,0.55,0.55,0.55,1
MODECOM,20151007,10.15,10.70,10.15,10.70,149
MOLMEDICA,20151007,0.02,0.02,0.02,0.02,960754
MOMO,20151007,2.69,2.69,2.69,2.69,190
MORIZON,20151007,1.46,1.46,1.46,1.46,1
MOTORICUS,20151007,0.73,0.75,0.61,0.73,112316
MPAY,20151007,0.45,0.45,0.45,0.45,400
NANOTEL,20151007,2.81,3.19,2.79,3.00,2451
NETWISE,20151007,3.50,3.50,3.50,3.50,5
NFPL,20151007,0.17,0.17,0.16,0.17,19419
NOVATIS,20151007,0.33,0.33,0.33,0.33,694
NOVAVIS,20151007,1.19,1.30,1.11,1.28,25551
NOVINA,20151007,0.57,0.63,0.57,0.60,106095
OPENNET,20151007,1.80,1.80,1.80,1.80,100
OPTIZENLB,20151007,0.29,0.29,0.29,0.29,50
ORIONINV,20151007,97.28,97.28,88.59,96.99,67
ORZLOPONY,20151007,0.50,0.50,0.50,0.50,990
PATFUND,20151007,0.28,0.28,0.28,0.28,100
PFMEDICAL,20151007,38.00,38.00,36.36,37.50,109
PGSSOFT,20151007,6.47,7.30,6.40,7.30,25692
PHARMENA,20151007,18.92,18.92,18.80,18.90,519
PHOTON,20151007,0.64,0.69,0.62,0.68,36132
PILAB,20151007,44.01,45.99,44.00,45.99,150
PLANETSOF,20151007,0.12,0.12,0.12,0.12,1000
PLASMA,20151007,13.15,13.15,12.90,12.90,500
PLATIGE,20151007,12.80,12.80,12.75,12.75,623
POLFA,20151007,0.29,0.34,0.29,0.34,860
PPRICE,20151007,0.03,0.03,0.03,0.03,400
PRESENT24,20151007,2.00,2.00,1.73,1.98,247
PRESTO,20151007,0.77,0.78,0.75,0.75,26479
PRIME,20151007,34.50,38.99,34.50,36.90,1509
PRYMUS,20151007,5.10,5.10,5.10,5.10,5
RAJDY4X4,20151007,0.04,0.05,0.04,0.05,85500
READGENE,20151007,1.35,1.35,1.35,1.35,50
ROBINSON,20151007,10.51,12.44,10.51,12.44,470
ROCCA,20151007,0.40,0.40,0.40,0.40,20
ROVITA,20151007,0.20,0.20,0.18,0.18,4743
RSY,20151007,6.93,6.93,6.93,6.93,5
SAKANA,20151007,0.25,0.29,0.25,0.29,3000
SAPLING,20151007,0.28,0.28,0.28,0.28,1
SARE,20151007,25.40,26.31,25.00,26.31,338
SESCOM,20151007,19.81,19.81,19.81,19.81,1
SETANTA,20151007,14.75,14.75,14.75,14.75,30
SEVENET,20151007,2.90,2.90,2.70,2.80,723
SFERANET,20151007,0.62,0.66,0.62,0.66,410
SFKPOLKAP,20151007,4.65,4.84,4.50,4.83,30810
SILVACG,20151007,0.01,0.01,0.01,0.01,212
SMOKESHOP,20151007,0.25,0.25,0.24,0.24,5000
SPC,20151007,0.05,0.05,0.05,0.05,1000
STANDREW,20151007,5.40,6.48,5.40,6.48,355
STANUSCH,20151007,8.29,9.29,8.00,8.00,220
STOPKLA,20151007,10.00,10.00,10.00,10.00,105
SUMMALING,20151007,4.60,5.50,4.60,5.50,3228
SURFLAND,20151007,0.82,0.93,0.82,0.92,3380
SWISSPSM,20151007,0.26,0.27,0.26,0.27,4050
SYMBIO,20151007,3.15,3.15,3.15,3.15,158
SZAR,20151007,0.07,0.07,0.07,0.07,300
T2INVEST,20151007,1.90,1.90,1.90,1.90,10
TABLEO,20151007,1.21,1.21,1.20,1.20,5490
TAMEX,20151007,0.42,0.49,0.34,0.49,22619
TAXNET,20151007,0.40,0.43,0.40,0.43,4200
TAXUSFUND,20151007,0.03,0.05,0.03,0.05,354458
TECHMADEX,20151007,23.06,23.06,23.06,23.06,2
TELGAM,20151007,0.22,0.24,0.22,0.24,2010
TELIANI,20151007,0.41,0.41,0.41,0.41,975
TILIA,20151007,0.75,0.82,0.75,0.82,2100
TRICEPS,20151007,0.50,0.60,0.40,0.40,4464
UNIMOT,20151007,13.59,15.50,13.59,15.50,700
UNITED,20151007,0.46,0.49,0.40,0.49,96026
VAKOMTEK,20151007,1.19,1.19,1.19,1.19,1
VCP,20151007,0.28,0.28,0.28,0.28,50
VELTO,20151007,0.31,0.31,0.27,0.28,1540
VENITI,20151007,0.70,0.70,0.70,0.70,20
VENTUREIN,20151007,2.30,2.30,2.30,2.30,30
VERBICOM,20151007,3.70,3.70,3.70,3.70,170
VISION,20151007,0.01,0.01,0.01,0.01,25000
VIVID,20151007,5.90,6.18,5.90,5.90,42802
WBAY,20151007,3.65,3.65,3.65,3.65,15
WDBBU,20151007,3.25,3.25,2.97,2.97,523
WEEDO,20151007,4.42,4.70,4.42,4.70,103
WESTREAL,20151007,1.52,1.65,1.52,1.65,1313
WIERZYCL,20151007,0.48,0.48,0.48,0.48,50
XPLUS,20151007,0.11,0.12,0.11,0.12,15000
YELLOWHAT,20151007,0.36,0.36,0.35,0.35,65512
YOURIMAGE,20151007,0.26,0.27,0.23,0.26,27065
NCINDEX,20151007,283.07,285.89,282.45,285.89,3909.622
AIN0717,20151007,98.55,98.55,98.55,98.55,5
BBI0217,20151007,99.00,99.00,99.00,99.00,33
BST0418,20151007,100.50,100.50,100.50,100.50,22
BSW0424,20151007,93.40,93.40,93.40,93.40,1
CAS1216,20151007,100.00,100.00,100.00,100.00,220
CCA0216,20151007,98.80,98.80,98.80,98.80,5
CPS0721,20151007,101.15,101.20,101.15,101.20,635
CSV0217,20151007,98.00,98.00,98.00,98.00,4
DAY0916,20151007,45.00,45.00,45.00,45.00,64
DS0725,20151007,106.00,106.00,106.00,106.00,25
DS1017,20151007,107.19,107.19,107.19,107.19,81
DS1020,20151007,115.40,115.40,115.40,115.40,14
EFM1216,20151007,100.00,100.00,100.00,100.00,5
ERC0916,20151007,100.86,100.86,100.86,100.86,18
FKD0516,20151007,94.60,94.60,94.60,94.60,10
GHI0619,20151007,99.50,100.15,99.50,100.15,73
GNB0218,20151007,98.00,98.00,98.00,98.00,19
GNB0220,20151007,92.50,92.50,92.50,92.50,10
GNB0221,20151007,91.50,91.95,91.50,91.95,37
GNB0318,20151007,96.70,97.99,96.70,97.90,529
GNB0321,20151007,91.40,91.50,91.40,91.50,120
GNB0420,20151007,91.99,91.99,91.99,91.99,6
GNB0421,20151007,90.90,91.50,90.90,91.50,7
GNB0820,20151007,91.69,91.69,91.69,91.69,5
GNB0919,20151007,95.40,95.50,95.40,95.50,11
GNB1119,20151007,93.20,93.95,93.20,93.95,4
GNB1120,20151007,91.20,91.20,91.20,91.20,2
GNB1219,20151007,93.44,93.44,93.44,93.44,10
GRA0816,20151007,99.50,99.50,99.50,99.50,5
HGR0517,20151007,99.00,99.00,99.00,99.00,2
KAN0318,20151007,101.49,101.49,101.49,101.49,2
KAN1117,20151007,101.10,101.10,101.10,101.10,2
KBS0518,20151007,100.50,100.50,100.50,100.50,3
KME0416,20151007,99.89,99.89,99.89,99.89,8
KME0916,20151007,98.70,98.70,98.70,98.70,37
KRS0316,20151007,65.01,65.01,60.02,63.00,204
KRS0416,20151007,70.00,70.00,70.00,70.00,50
KRU0517,20151007,102.50,102.50,102.50,102.50,10
KRU0620,20151007,101.09,101.09,101.00,101.00,147
KRU1217,20151007,103.50,103.50,103.50,103.50,1
LEX0616,20151007,30.20,30.20,30.20,30.20,1
LKD1017,20151007,99.90,100.00,99.90,100.00,46
MBHPA22,20151007,100.00,100.00,100.00,100.00,1
MBK1223,20151007,102.00,102.00,101.90,101.90,6
MPL0316,20151007,82.00,82.00,82.00,82.00,4
MRB0717,20151007,89.50,91.90,89.50,91.90,101
MWD0316,20151007,99.60,99.99,99.60,99.99,269
MWT0316,20151007,99.80,99.80,99.80,99.80,64
OTS0217,20151007,101.40,101.40,101.40,101.40,1
PBD0116,20151007,98.00,98.99,98.00,98.99,161
PBD0616,20151007,97.45,97.45,97.45,97.45,2
PBS0523,20151007,99.00,99.00,99.00,99.00,4
PBS1021,20151007,93.50,94.00,93.50,94.00,5
PCR0416,20151007,101.47,101.47,101.10,101.10,51
PCR0419,20151007,100.80,100.80,100.80,100.80,52
PCR0620,20151007,100.26,100.26,100.26,100.26,100
PCR1019,20151007,100.80,100.80,100.40,100.40,266
PK11117,20151007,100.65,100.65,100.65,100.65,20
PKN0418,20151007,100.80,101.60,100.80,101.60,6141
PKN0420,20151007,106.90,106.90,106.90,106.90,199
PKN0617,20151007,100.83,100.83,100.80,100.80,750
PND0217,20151007,100.20,100.20,100.20,100.20,1
PRF1216,20151007,99.10,99.10,99.10,99.10,5
PRI1117,20151007,99.80,99.80,99.80,99.80,3
PS0420,20151007,97.30,97.30,97.30,97.30,84
PS0718,20151007,102.20,102.20,102.20,102.20,32
RNK0616,20151007,80.00,80.00,80.00,80.00,20
ROG0218,20151007,101.50,101.50,101.50,101.50,23
RON0119,20151007,100.10,100.10,100.10,100.10,50
SBK0923,20151007,98.70,98.70,98.70,98.70,110
VNT0316,20151007,82.00,82.00,82.00,82.00,1
VOX0716,20151007,99.93,99.93,99.90,99.90,23
VTG0618,20151007,99.83,99.83,99.83,99.83,2
WLO0516,20151007,41.50,45.00,41.50,45.00,514
WSE1016,20151007,102.75,102.75,102.75,102.75,30
WXB0316,20151007,97.99,97.99,97.99,97.99,10
WZ0121,20151007,97.90,97.90,97.90,97.90,12
