FACPZ15,20151005,55.52,57.00,55.52,57.00,4,4
FCDRZ15,20151005,26.70,27.10,26.70,27.10,16,298
FCHF,20151005,391.00,391.00,389.50,389.88,242,2072
FCHFH16,20151005,392.84,392.84,392.84,392.84,1,634
FCHFM16,20151005,394.50,394.50,394.50,394.50,1,259
FCHFU16,20151005,396.30,396.84,396.30,396.84,2,37
FCHFWS,20151005,391.00,391.00,389.50,389.88,238,890
FCHFZ15,20151005,391.00,391.00,389.50,389.88,238,890
FEUR,20151005,426.00,426.15,425.31,425.81,302,23117
FEURH16,20151005,427.08,427.24,427.08,427.09,3,10271
FEURM16,20151005,429.11,429.11,428.88,428.88,2,354
FEURU16,20151005,430.50,431.00,430.07,430.33,4,101
FEURWS,20151005,426.00,426.15,425.31,425.81,293,11889
FEURZ15,20151005,426.00,426.15,425.31,425.81,293,11889
FGPWZ15,20151005,40.40,40.40,40.40,40.40,1,1
FJSWH16,20151005,11.80,12.75,11.80,12.75,9,99
FJSWZ15,20151005,11.40,12.60,11.40,12.35,646,1658
FKGHH16,20151005,82.40,82.70,82.40,82.70,10,50
FKGHM16,20151005,80.53,82.80,80.53,82.80,26,60
FKGHZ15,20151005,80.56,84.30,80.50,83.75,1293,1747
FLTSZ15,20151005,28.70,29.61,28.70,29.26,23,107
FOPLZ15,20151005,7.15,7.28,7.10,7.28,65,250
FPEOZ15,20151005,152.20,154.45,152.20,153.20,105,228
FPGEH16,20151005,13.50,13.55,13.16,13.55,39,81
FPGEZ15,20151005,13.31,13.54,13.29,13.30,358,1806
FPGNH16,20151005,6.76,6.83,6.76,6.83,6,17
FPGNM16,20151005,6.97,6.97,6.97,6.97,1,20
FPGNZ15,20151005,6.66,6.97,6.66,6.81,214,445
FPKNH16,20151005,67.74,67.74,67.74,67.74,2,78
FPKNZ15,20151005,67.20,68.19,66.84,68.01,618,1316
FPKOH16,20151005,29.50,30.00,29.50,30.00,3,41
FPKOZ15,20151005,29.37,30.25,29.26,30.05,948,1997
FPZUH16,20151005,388.00,388.00,388.00,388.00,2,2
FPZUM16,20151005,388.80,388.80,388.80,388.80,2,1
FPZUZ15,20151005,384.45,392.85,382.00,388.55,236,685
FTPEH16,20151005,3.27,3.27,3.27,3.27,1,20
FTPEZ15,20151005,3.24,3.28,3.20,3.22,78,658
FUSD,20151005,378.75,380.00,377.12,379.10,3467,21930
FUSDH16,20151005,378.55,379.90,377.90,379.90,656,2273
FUSDM16,20151005,379.46,381.37,379.43,381.37,5,77
FUSDU16,20151005,379.66,381.87,379.54,381.87,23,29
FUSDWS,20151005,378.75,380.00,377.12,379.10,2783,19031
FUSDZ15,20151005,378.75,380.00,377.12,379.10,2783,19031
FW20,20151005,2058,2104,2054,2093,20559,51284
FW20H1620,20151005,2064,2111,2064,2106,98,273
FW20M1620,20151005,2087,2092,2085,2092,4,121
FW20U1620,20151005,2030,2070,2030,2067,23,79
FW20WS,20151005,2058,2104,2054,2093,20434,50811
FW20Z1520,20151005,2058,2104,2054,2093,20434,50811
FW40Z15,20151005,3476,3573,3476,3567,490,2144
OW20C162000,20151005,158.50,158.50,158.50,158.50,1,120
OW20C162100,20151005,110.50,110.50,110.50,110.50,1,16
OW20C162700,20151005,1.75,1.75,1.75,1.75,1,243
OW20C162900,20151005,0.70,0.70,0.70,0.70,5,165
OW20F162100,20151005,128.40,128.40,128.40,128.40,1,13
OW20F162400,20151005,29.70,29.70,29.70,29.70,1,14
OW20F162700,20151005,6.00,6.15,6.00,6.15,2,190
OW20J152000,20151005,99.00,102.00,99.00,102.00,2,35
OW20J152025,20151005,55.00,55.00,55.00,55.00,3,42
OW20J152050,20151005,33.00,56.00,33.00,56.00,5,76
OW20J152075,20151005,14.99,42.00,14.99,39.35,41,93
OW20J152100,20151005,9.00,22.68,9.00,17.74,83,129
OW20J152125,20151005,9.90,13.65,9.90,10.00,52,132
OW20J152150,20151005,6.00,6.05,4.21,5.63,15,252
OW20J152175,20151005,3.99,3.99,3.00,3.00,17,150
OW20J152200,20151005,2.14,2.14,2.14,2.14,4,121
OW20J152275,20151005,0.99,0.99,0.99,0.99,11,57
OW20J152400,20151005,0.64,0.64,0.64,0.64,5,168
OW20K152100,20151005,32.00,36.03,32.00,36.00,7,14
OW20K152150,20151005,32.00,32.00,32.00,32.00,1,11
OW20K152200,20151005,12.00,21.99,12.00,21.99,7,31
OW20K152250,20151005,10.00,10.01,10.00,10.01,6,28
OW20L152000,20151005,112.00,140.00,112.00,139.25,5,31
OW20L152050,20151005,107.00,107.00,107.00,107.00,1,56
OW20L152100,20151005,71.25,82.30,71.25,79.30,55,144
OW20L152150,20151005,56.85,58.55,56.00,57.00,42,70
OW20L152200,20151005,37.40,46.00,37.20,46.00,25,1219
OW20L152250,20151005,26.30,26.30,24.00,24.00,2,36
OW20L152300,20151005,15.25,19.30,15.20,19.30,30,437
OW20L152350,20151005,12.21,12.21,11.93,12.10,26,84
OW20L152400,20151005,5.95,6.71,5.95,6.71,31,308
OW20L152500,20151005,2.10,2.75,2.10,2.75,12,974
OW20L152600,20151005,1.20,1.45,1.20,1.45,16,326
OW20O161900,20151005,49.15,50.40,49.15,50.40,16,132
OW20O162000,20151005,89.10,89.10,73.70,73.70,15,95
OW20O162100,20151005,124.00,124.00,109.50,109.50,2,53
OW20O162200,20151005,163.25,163.25,163.25,163.25,1,77
OW20V151900,20151005,1.25,1.25,1.00,1.00,16,324
OW20V151950,20151005,3.00,3.00,2.45,2.60,60,161
OW20V151975,20151005,3.50,3.50,3.32,3.33,21,66
OW20V152000,20151005,8.09,8.80,5.26,6.33,24,155
OW20V152025,20151005,8.00,8.50,8.00,8.12,9,85
OW20V152050,20151005,22.00,22.00,12.10,14.60,113,115
OW20V152075,20151005,20.12,20.12,18.00,19.50,37,53
OW20V152100,20151005,38.00,38.00,23.35,28.00,18,136
OW20V152175,20151005,95.00,96.80,84.80,96.80,8,45
OW20W151950,20151005,37.00,37.00,37.00,37.00,1,4
OW20W152050,20151005,58.50,58.50,38.78,38.78,7,32
OW20X151700,20151005,3.50,3.50,3.50,3.50,5,260
OW20X151750,20151005,3.80,3.80,3.80,3.80,1,58
OW20X151800,20151005,7.15,8.80,7.15,8.80,9,227
OW20X151850,20151005,11.80,15.30,11.80,15.30,2,47
OW20X151900,20151005,28.90,28.90,20.00,20.00,24,3584
OW20X151950,20151005,30.00,30.00,25.40,25.40,21,73
OW20X152000,20151005,48.40,49.50,38.70,44.50,48,523
OW20X152050,20151005,67.85,67.85,67.45,67.45,6,43
OW20X152100,20151005,103.00,103.00,83.00,83.20,23,1129
OW20X152150,20151005,115.75,115.75,109.75,109.75,2,18
4FUNMEDIA,20151005,4.45,4.60,4.35,4.51,3067
AATHOLD,20151005,23.98,23.98,22.00,22.89,5355
ABCDATA,20151005,3.20,3.21,3.18,3.21,9360
ABMSOLID,20151005,0.57,0.62,0.56,0.58,33609
ABPL,20151005,34.40,34.58,34.11,34.58,1273
ACAUTOGAZ,20151005,28.50,29.50,28.50,29.50,186
ACE,20151005,11.90,12.17,11.55,12.00,9971
ACTION,20151005,26.62,27.39,26.62,27.24,551
AGORA,20151005,11.38,12.20,11.30,11.92,19929
AGROTON,20151005,1.03,1.04,1.03,1.04,6450
ALCHEMIA,20151005,4.80,4.80,4.72,4.79,144925
ALIOR,20151005,77.22,78.80,77.16,78.25,217990
ALMA,20151005,10.37,10.37,9.85,9.85,8774
ALTA,20151005,1.97,1.97,1.87,1.97,814
ALTUSTFI,20151005,10.27,10.39,10.27,10.39,2709
ALUMETAL,20151005,48.00,48.19,47.40,47.40,2735
AMBRA,20151005,8.75,8.75,8.60,8.75,6701
AMICA,20151005,156.70,159.50,155.00,159.40,1219
AMREST,20151005,166.50,173.95,166.50,170.00,34651
APATOR,20151005,32.00,32.38,31.80,31.90,2113
APLISENS,20151005,12.72,12.72,12.72,12.72,1
ARCTIC,20151005,3.08,3.45,3.07,3.40,80903
ARK2FRN15,20151005,64.33,65.99,63.00,63.00,663
ARTERIA,20151005,15.00,15.00,14.65,14.76,1251
ASBIS,20151005,1.14,1.22,1.11,1.16,552589
ASSECOBS,20151005,14.30,14.50,14.10,14.50,928
ASSECOPOL,20151005,55.50,57.95,54.77,57.40,92200
ASSECOSEE,20151005,9.50,9.64,9.50,9.52,465
ASSECOSLO,20151005,17.50,17.97,17.50,17.97,470
ASTARTA,20151005,27.70,29.14,27.70,28.11,1503
ATAL,20151005,21.50,21.50,21.00,21.50,2847
ATENDE,20151005,2.58,2.58,2.53,2.53,801
ATLANTAPL,20151005,8.36,8.48,8.23,8.45,6555
ATLANTIS,20151005,0.57,0.59,0.56,0.58,18269
ATLASEST,20151005,1.02,1.12,1.02,1.12,10000
ATMGRUPA,20151005,3.62,3.63,3.51,3.56,21929
ATREM,20151005,4.74,4.75,4.70,4.70,1225
AVIAAML,20151005,5.74,5.74,5.74,5.74,100
AVIASG,20151005,20.80,20.80,20.80,20.80,1
AWBUD,20151005,2.81,2.81,2.71,2.81,3448
BALTONA,20151005,8.00,8.00,7.99,8.00,7001
BANKBPH,20151005,37.06,38.20,37.06,37.99,516
BBIDEV,20151005,0.88,0.88,0.87,0.87,16011
BENEFIT,20151005,407.50,439.00,407.40,425.00,467
BEST,20151005,17.00,17.20,17.00,17.00,197
BETACOM,20151005,10.50,10.64,10.16,10.64,1778
BGZBNPP,20151005,50.45,50.45,50.00,50.00,13
BIOMEDLUB,20151005,3.04,3.10,3.04,3.05,900
BIOTON,20151005,10.00,10.05,9.92,10.00,54777
BMPAG,20151005,2.70,2.70,2.70,2.70,2
BOGDANKA,20151005,59.89,60.20,59.40,59.61,31712
BORYSZEW,20151005,5.04,5.04,4.98,5.01,635493
BOS,20151005,21.28,21.28,20.77,20.84,8266
BOWIM,20151005,1.95,2.10,1.89,2.10,14855
BPHFIZSN,20151005,47.99,48.00,43.90,44.53,696
BRASTER,20151005,13.50,13.59,13.34,13.55,2140
BRIJU,20151005,14.79,14.79,13.60,14.18,1304
BSCDRUK,20151005,32.39,34.98,32.39,32.68,1164
BUDIMEX,20151005,202.10,209.00,202.10,208.80,8938
BUMECH,20151005,0.79,0.80,0.75,0.79,54864
BYTOM,20151005,3.20,3.24,3.13,3.23,134517
BZWBK,20151005,291.10,306.85,290.40,304.35,53555
CALATRAVA,20151005,0.58,0.64,0.56,0.63,64403
CAMMEDIA,20151005,4.76,4.76,4.55,4.55,22
CCC,20151005,159.95,161.95,158.25,161.00,44857
CDPROJEKT,20151005,26.68,26.80,26.50,26.50,157547
CDRL,20151005,17.24,17.75,17.04,17.50,1496
CEZ,20151005,76.20,77.48,76.20,77.47,713
CHEMOS,20151005,1.24,1.25,1.18,1.25,2785
CIECH,20151005,74.00,74.00,72.70,72.76,10186
CIGAMES,20151005,18.30,18.80,18.22,18.65,21536
CNT,20151005,8.47,8.47,8.47,8.47,578
COGNOR,20151005,1.27,1.28,1.27,1.28,781
COLIAN,20151005,4.39,4.40,4.33,4.35,55181
COMARCH,20151005,128.90,130.00,128.50,130.00,19266
COMP,20151005,54.19,55.95,54.19,54.20,821
CORMAY,20151005,1.67,1.81,1.60,1.79,197235
CORMAY-PDA,20151005,1.64,1.74,1.62,1.74,163674
CPGROUP,20151005,5.87,5.87,5.82,5.82,6
CYFRPLSAT,20151005,23.50,24.40,23.50,24.19,442652
CZTOREBKA,20151005,1.30,1.47,1.30,1.38,223022
DBW20S0817,20151005,95.92,95.92,95.92,95.92,300
DEBICA,20151005,78.50,80.77,78.50,78.70,1740
DECORA,20151005,6.74,6.74,6.44,6.58,2481
DELKO,20151005,8.18,8.20,7.95,7.95,2492
DGA,20151005,5.97,5.97,5.97,5.97,1
DMWDM,20151005,0.33,0.36,0.30,0.36,144840
DOMDEV,20151005,46.00,46.30,46.00,46.30,404
DROZAPOL,20151005,1.97,2.13,1.97,2.13,56
DTP,20151005,4.39,4.39,4.39,4.39,2
DUDA,20151005,5.32,5.32,5.31,5.31,1972
DUON,20151005,3.25,3.30,3.22,3.30,152892
ECARD,20151005,3.96,3.96,3.65,3.95,355
ECHO,20151005,6.39,6.60,6.39,6.44,9197
EDINVEST,20151005,2.41,2.41,2.41,2.41,1
EFEKT,20151005,15.95,15.95,15.25,15.25,402
EKOEXPORT,20151005,14.13,14.58,14.13,14.39,20601
ELBUDOWA,20151005,151.50,151.90,148.85,151.00,765
ELEKTROTI,20151005,16.90,17.20,16.89,17.18,13709
ELEMENTAL,20151005,4.43,4.43,4.37,4.40,10034
ELKOP,20151005,1.34,1.34,1.34,1.34,16
ELZAB,20151005,14.86,15.39,14.75,14.75,6571
EMCINSMED,20151005,15.00,15.00,15.00,15.00,1
EMPERIA,20151005,62.84,65.45,62.84,65.10,14525
ENAP,20151005,0.88,0.88,0.86,0.86,3650
ENEA,20151005,13.26,13.49,12.96,13.00,873640
ENERGA,20151005,17.37,17.93,16.62,16.90,1062230
ENERGOINS,20151005,9.26,9.80,8.92,9.12,4336
ERBUD,20151005,33.11,33.11,32.20,33.00,972
ERG,20151005,20.10,20.10,20.10,20.10,153
ERGIS,20151005,6.07,6.10,6.07,6.10,921
ESOTIQ,20151005,33.50,34.00,33.50,34.00,91
ESSYSTEM,20151005,2.95,2.95,2.88,2.94,1490
ETFDAX,20151005,397.63,402.60,394.44,402.60,365
ETFSP500,20151005,75.01,76.00,74.78,76.00,2711
ETFW20L,20151005,237.27,242.12,237.26,240.57,14905
EUCO,20151005,47.54,49.00,47.54,49.00,379
EUROCASH,20151005,45.95,47.20,45.94,46.90,603853
EVEREST,20151005,2.00,2.00,2.00,2.00,32
FAMUR,20151005,1.93,1.93,1.89,1.91,5468
FARMACOL,20151005,64.69,64.70,64.59,64.70,577
FASING,20151005,17.00,17.50,16.93,17.49,505
FASTFIN,20151005,0.54,0.61,0.54,0.60,49720
FEERUM,20151005,22.00,22.00,21.80,21.80,11
FERRO,20151005,10.50,10.75,10.30,10.75,1619
FERRUM,20151005,5.09,5.09,4.87,5.05,111
FON,20151005,0.55,0.60,0.55,0.57,36400
FORTE,20151005,49.73,51.80,49.70,51.10,14781
FORTUNA,20151005,11.00,11.00,11.00,11.00,100
FOTA,20151005,0.53,0.59,0.53,0.59,145516
GETIN,20151005,1.46,1.48,1.45,1.47,112255
GETINOBLE,20151005,0.88,0.92,0.87,0.91,8326953
GINOROSSI,20151005,2.75,2.82,2.53,2.81,20922
GLCOSMED,20151005,4.57,4.58,4.37,4.50,3627
GPW,20151005,39.50,42.00,39.49,41.90,74401
GRAAL,20151005,30.50,30.75,30.50,30.75,1391
GRAJEWO,20151005,23.84,23.85,23.46,23.78,256
GREMMEDIA,20151005,1.95,1.95,1.80,1.88,6915
GROCLIN,20151005,14.00,14.30,13.65,14.05,21911
GRUPAAZOTY,20151005,90.51,91.67,89.73,91.67,24508
GTC,20151005,6.23,6.54,6.18,6.44,90610
HANDLOWY,20151005,80.31,81.50,80.01,80.13,44367
HARPER,20151005,1.88,1.88,1.87,1.87,501
HAWE,20151005,1.04,1.07,1.03,1.03,646811
HELIO,20151005,4.04,4.04,4.00,4.00,2066
HERKULES,20151005,4.09,4.25,4.09,4.22,33589
HUBSTYLE,20151005,0.92,0.92,0.92,0.92,444
HYDROTOR,20151005,36.06,37.05,36.06,37.00,3812
HYPERION,20151005,3.63,3.63,3.39,3.39,2809
IDEABANK,20151005,25.12,25.60,25.12,25.60,1143
IDMSA,20151005,1.45,1.55,1.45,1.55,159
IFCAPITAL,20151005,1.18,1.29,1.18,1.28,48638
IFSA,20151005,0.52,0.53,0.52,0.53,6100
IIAAV,20151005,8.88,9.05,8.88,9.05,100
IMCOMPANY,20151005,5.25,5.30,5.25,5.30,636
IMMOBILE,20151005,2.40,2.40,2.32,2.40,4552
IMPEL,20151005,27.99,27.99,27.67,27.67,462
IMPERA,20151005,1.52,1.52,1.52,1.52,42
IMPEXMET,20151005,2.60,2.63,2.58,2.60,45184
INC,20151005,2.15,2.15,2.15,2.15,37
INDATA,20151005,0.71,0.79,0.71,0.79,138879
INDYGO,20151005,0.91,1.08,0.91,1.07,3759231
INDYKPOL,20151005,92.00,95.00,92.00,95.00,871
INGBSK,20151005,120.15,120.50,117.10,120.05,12822
INPRO,20151005,3.52,3.52,3.51,3.51,816
INSTALKRK,20151005,10.70,10.98,10.60,10.88,2117
INTEGERPL,20151005,123.80,123.80,122.80,123.80,2797
INTERAOLT,20151005,18.30,18.38,18.00,18.00,1572
INTERBUD,20151005,2.16,2.33,2.15,2.33,9423
INTERCARS,20151005,228.15,231.00,228.15,230.90,210
INTERSPPL,20151005,1.81,1.84,1.76,1.83,13336
INTROL,20151005,9.90,9.90,9.80,9.80,145
INVFIZ,20151005,885.01,885.01,885.01,885.01,5
INVGLDFIZ,20151005,1381.06,1381.06,1381.06,1381.06,1
INVISTA,20151005,2.12,2.13,2.10,2.13,16800
INVPEFIZ,20151005,825.00,899.00,825.00,898.70,158
IPERMFIZ,20151005,60.00,60.00,60.00,60.00,150
IPOPEMA,20151005,3.00,3.00,2.92,2.92,2900
IQP,20151005,0.84,0.85,0.76,0.77,54995
IVMX,20151005,5.95,5.96,5.94,5.94,3990
IZOBLOK,20151005,104.00,108.90,104.00,108.90,51
IZOLACJA,20151005,1.07,1.07,1.07,1.07,995
IZOSTAL,20151005,4.33,4.33,4.31,4.31,510
JHMDEV,20151005,1.55,1.55,1.51,1.52,2687
JSW,20151005,11.52,12.65,11.52,12.39,370802
JWCONSTR,20151005,4.45,4.64,4.45,4.59,29165
K2INTERNT,20151005,11.50,11.89,11.50,11.81,9270
KANIA,20151005,2.98,3.02,2.90,2.94,77766
KBDOM,20151005,2.89,2.89,2.89,2.89,301
KERDOS,20151005,0.55,0.58,0.54,0.56,3197094
KERNEL,20151005,45.00,45.10,43.60,44.11,511181
KETY,20151005,281.20,295.00,281.20,294.95,2477
KGHM,20151005,80.51,84.20,80.25,83.78,1144997
KINOPOL,20151005,13.84,13.84,13.84,13.84,17
KOFOLA,20151005,56.40,56.40,56.40,56.40,1
KOGENERA,20151005,71.70,71.70,69.54,71.40,759
KOMPUTRON,20151005,8.20,8.25,8.11,8.20,17076
KONSSTALI,20151005,34.49,34.49,33.12,34.00,222
KOPEX,20151005,5.60,5.70,5.60,5.70,10605
KRAKCHEM,20151005,4.28,4.28,3.99,4.28,21657
KREC,20151005,7.15,7.15,7.15,7.15,530
KREDYTIN,20151005,26.00,26.99,26.00,26.99,3296
KREZUS,20151005,4.17,4.21,4.07,4.12,15591
KRUK,20151005,171.75,173.95,171.35,173.95,3856
KRUSZWICA,20151005,53.50,53.50,52.80,52.80,221
KSGAGRO,20151005,0.95,0.99,0.95,0.98,11930
LCCORP,20151005,1.86,1.86,1.85,1.85,12821
LENA,20151005,4.37,4.42,4.34,4.40,2651
LENTEX,20151005,8.85,8.92,8.81,8.82,13942
LIVECHAT,20151005,31.79,34.19,31.79,34.19,195264
LOTOS,20151005,28.81,29.78,28.70,29.30,156786
LPP,20151005,7089.00,7300.00,7015.00,7300.00,2549
LSISOFT,20151005,4.59,4.59,4.34,4.59,2921
LUBAWA,20151005,1.05,1.09,1.03,1.08,266801
MABION,20151005,47.70,48.79,47.15,48.34,2491
MAGELLAN,20151005,54.00,54.40,54.00,54.40,3571
MAKARONPL,20151005,5.80,5.99,5.68,5.80,10262
MARVIPOL,20151005,6.94,7.01,6.94,7.01,3254
MBANK,20151005,358.85,367.85,353.00,367.85,17305
MCI,20151005,11.58,11.58,11.40,11.58,22447
MEDIATEL,20151005,1.02,1.02,1.02,1.02,5
MEDICALG,20151005,202.00,203.00,199.50,199.50,1449
MENNICA,20151005,13.20,13.20,13.20,13.20,10
MERCATOR,20151005,17.65,18.00,17.63,18.00,1665
MERCOR,20151005,9.90,10.00,9.90,10.00,859
MEXPOLSKA,20151005,4.35,4.36,4.30,4.36,19130
MFO,20151005,12.10,12.10,12.10,12.10,1
MIDAS,20151005,0.60,0.60,0.58,0.60,351471
MILKILAND,20151005,1.00,1.08,1.00,1.02,43023
MILLENNIUM,20151005,5.80,5.97,5.80,5.97,1443889
MIRACULUM,20151005,2.89,2.94,2.62,2.62,9387
MIRBUD,20151005,1.18,1.18,1.12,1.13,143728
MLPGROUP,20151005,35.00,35.49,35.00,35.49,115
MNI,20151005,0.91,0.92,0.91,0.92,5667
MOBRUK,20151005,9.00,9.00,9.00,9.00,300
MOL,20151005,172.60,172.75,171.90,172.75,2106
MONNARI,20151005,16.99,16.99,16.80,16.90,54221
MOSTALPLC,20151005,15.28,15.28,15.28,15.28,1
MOSTALWAR,20151005,12.05,13.23,12.05,13.18,18706
MOSTALZAB,20151005,1.84,1.87,1.82,1.84,138016
MUZA,20151005,2.97,3.16,2.97,3.14,493
MWTRADE,20151005,15.98,15.98,15.98,15.98,1
NETIA,20151005,5.45,5.58,5.45,5.45,61263
NETMEDIA,20151005,5.46,5.90,5.46,5.83,5935
NEUCA,20151005,341.05,348.80,340.00,348.40,760
NEWAG,20151005,15.61,15.80,15.61,15.71,5278
NFIEMF,20151005,3.06,3.06,2.96,2.96,46
NORTCOAST,20151005,5.79,5.79,5.79,5.79,2
NOWAGALA,20151005,1.30,1.30,1.30,1.30,1640
NTTSYSTEM,20151005,2.22,2.32,2.21,2.31,10673
ODLEWNIE,20151005,2.31,2.31,2.31,2.31,400
OPENFIN,20151005,4.20,4.30,4.20,4.27,1290
OPONEO.PL,20151005,19.01,19.43,19.01,19.43,1128
ORANGEPL,20151005,7.10,7.24,7.05,7.13,1324019
ORBIS,20151005,56.90,58.00,56.90,57.70,1924
ORCOGROUP,20151005,0.95,0.99,0.95,0.99,2442
ORZBIALY,20151005,7.18,7.18,6.85,7.18,2001
OTLOG,20151005,230.00,230.00,230.00,230.00,1
OTMUCHOW,20151005,6.34,6.35,6.25,6.35,475
OVOSTAR,20151005,87.99,87.99,85.22,87.00,63
PAGED,20151005,54.20,55.00,54.20,55.00,637
PAMAPOL,20151005,1.21,1.26,1.21,1.26,9197
PATENTUS,20151005,0.70,0.71,0.70,0.71,850
PBG,20151005,2.56,2.59,2.50,2.52,29607
PCCEXOL,20151005,3.19,3.19,3.18,3.18,250
PCCINTER,20151005,2.10,2.14,2.10,2.14,5075
PCCROKITA,20151005,38.60,38.60,37.70,38.20,1509
PCM,20151005,40.31,40.90,40.31,40.50,6953
PEKABEX,20151005,10.50,10.59,10.46,10.50,3125
PEKAES,20151005,12.32,12.49,12.32,12.49,1000
PEKAO,20151005,152.20,154.20,151.40,153.95,660125
PELION,20151005,64.50,65.00,64.50,64.50,80
PEMANAGER,20151005,125.00,127.20,125.00,125.00,62
PEP,20151005,24.31,25.00,24.20,25.00,3136
PEPEES,20151005,0.52,0.54,0.52,0.54,4310
PGE,20151005,13.33,13.50,13.21,13.38,2197568
PGNIG,20151005,6.70,6.97,6.69,6.90,5747508
PGODLEW,20151005,4.95,4.95,4.95,4.95,1
PHN,20151005,18.47,19.00,18.40,18.96,2932
PKNORLEN,20151005,67.60,68.04,66.77,68.00,1984827
PKOBP,20151005,29.15,30.28,29.14,29.90,3102212
PKOGS,20151005,100.30,101.00,100.22,100.22,3840
PKOSO,20151005,98.30,99.00,98.30,99.00,1600
PKPCARGO,20151005,64.55,66.19,64.32,64.80,45478
PLATYNINW,20151005,3.03,3.14,3.03,3.14,201
PMPG,20151005,1.46,1.49,1.46,1.49,15576
POLICE,20151005,23.98,24.50,23.97,24.50,8197
POLMED,20151005,3.06,3.07,3.06,3.07,2408
POLNA,20151005,23.20,23.20,23.20,23.20,273
POLNORD,20151005,11.22,12.13,11.22,12.10,279090
POLWAX,20151005,15.69,15.69,15.64,15.64,1320
POZBUD,20151005,5.35,5.40,5.35,5.40,428
PRAGMAFA,20151005,12.71,12.71,12.71,12.71,112
PRAGMAINK,20151005,12.16,12.23,12.11,12.14,3567
PRAIRIE,20151005,2.81,2.81,2.28,2.28,35684
PRESCO,20151005,5.29,5.29,5.10,5.29,33411
PROCAD,20151005,1.58,1.69,1.58,1.58,4432
PROCHEM,20151005,16.48,16.68,16.45,16.68,10458
PROCHNIK,20151005,1.13,1.22,1.12,1.19,369872
PROJPRZEM,20151005,7.41,7.41,7.00,7.29,4037
PROTEKTOR,20151005,3.11,3.14,3.11,3.14,4353
PROVIDENT,20151005,24.00,24.00,24.00,24.00,10
PTI,20151005,0.47,0.48,0.35,0.35,438344
PULAWY,20151005,170.00,171.95,169.10,169.10,82
PWRMEDIA,20151005,1.26,1.26,1.26,1.26,1558
PZU,20151005,385.00,392.95,381.00,386.75,211518
PZUAKORD,20151005,97.00,97.00,97.00,97.00,6
QUANTUM,20151005,6.29,6.91,6.29,6.91,2587
QUERCUS,20151005,5.99,6.02,5.90,6.00,48857
QUMAK,20151005,10.42,10.44,10.20,10.30,62407
RADPOL,20151005,6.29,6.29,6.29,6.29,1
RAFAKO,20151005,6.69,6.75,6.57,6.60,6812
RAINBOW,20151005,23.33,23.77,23.00,23.50,2246
RANKPROGR,20151005,1.73,1.73,1.63,1.70,35319
RAWLPLUG,20151005,8.42,8.42,8.01,8.39,11690
RCCOFAOPEN,20151005,2.85,2.85,2.85,2.85,1500
RCCRUAOPEN,20151005,9.33,9.48,9.29,9.48,4800
RCGBSH21116,20151005,945.15,945.15,945.15,945.15,15
RCGLDAOPEN,20151005,429.99,429.99,429.99,429.99,10
RCLNAGOPEN,20151005,6.75,6.75,6.70,6.70,5417
RCSDGP0720,20151005,985.63,985.63,985.63,985.63,4
RCSFW2OPEN,20151005,108.36,108.36,108.36,108.36,10
RCSILAOPEN,20151005,57.86,59.16,57.75,59.16,268
RCSUGAOPEN,20151005,3.45,3.45,3.42,3.42,1600
RCW20AOPEN,20151005,20.93,20.93,20.93,20.93,1
REDAN,20151005,2.49,2.49,2.44,2.44,4543
REDWOOD,20151005,5.94,5.94,5.94,5.94,11
REINHOLD,20151005,0.58,0.62,0.55,0.56,22974
RELPOL,20151005,6.77,6.78,6.65,6.74,2719
REMAK,20151005,17.00,17.40,17.00,17.40,285
RESBUD,20151005,1.31,1.35,1.31,1.35,4061
ROBYG,20151005,2.35,2.43,2.35,2.37,133552
RONSON,20151005,1.25,1.27,1.25,1.27,4874
ROPCZYCE,20151005,21.20,21.20,21.20,21.20,1
RUBICON,20151005,1.22,1.24,1.19,1.24,4096
SANOK,20151005,52.50,52.99,52.00,52.80,6187
SCOPAK,20151005,3.90,3.90,3.90,3.90,2000
SECOGROUP,20151005,20.16,20.99,20.16,20.99,110
SELENAFM,20151005,17.70,18.58,17.70,18.58,305
SELVITA,20151005,21.00,21.39,20.69,20.90,1456
SERINUS,20151005,2.01,2.05,1.99,2.04,34766
SFINKS,20151005,3.58,3.59,3.54,3.57,21065
SILVANO,20151005,5.28,5.30,5.20,5.30,228691
SIMPLE,20151005,8.57,8.59,8.57,8.59,1250
SKARBIEC,20151005,33.45,34.00,33.06,33.27,1695
SKOK,20151005,1.59,1.59,1.59,1.59,22
SKOTAN,20151005,0.50,0.50,0.48,0.48,209506
SMT,20151005,17.79,17.79,17.52,17.70,666
SNIEZKA,20151005,53.00,53.39,51.65,53.30,10695
SOBIESKI,20151005,79.50,79.50,79.49,79.49,22
SOHODEV,20151005,1.23,1.23,1.18,1.20,2008
SOLAR,20151005,1.40,1.48,1.40,1.45,229362
SONEL,20151005,11.77,11.99,11.58,11.99,1943
STALEXP,20151005,3.24,3.28,3.23,3.27,50152
STALPROD,20151005,285.00,290.00,285.00,285.00,319
STALPROFI,20151005,12.44,12.44,11.71,12.00,735
STAPORKOW,20151005,4.43,4.67,4.43,4.67,1091
STARHEDGE,20151005,0.60,0.61,0.59,0.59,17661
SUNEX,20151005,0.16,0.17,0.15,0.17,453016
SWISSMED,20151005,1.93,1.94,1.93,1.93,1220
SYGNITY,20151005,8.82,8.82,8.80,8.80,3540
SYNEKTIK,20151005,16.40,16.40,16.00,16.30,421
SYNTHOS,20151005,3.79,3.89,3.78,3.88,880410
TALEX,20151005,18.15,18.15,17.50,18.14,405
TARCZYNSKI,20151005,13.57,13.57,13.09,13.49,169
TAURONPE,20151005,3.23,3.28,3.20,3.21,2215302
TELL,20151005,11.84,11.84,11.63,11.64,1313
TERESA,20151005,15.29,15.43,15.29,15.36,3001
TERMOREX,20151005,2.60,2.60,2.60,2.60,10
TESGAS,20151005,3.25,3.39,3.15,3.39,17633
TFONE,20151005,2.92,2.93,2.85,2.93,5321
TIM,20151005,8.75,8.80,8.55,8.80,682
TORPOL,20151005,10.95,10.95,10.68,10.95,3990
TRAKCJA,20151005,8.76,9.09,8.64,8.87,125262
TRANSPOL,20151005,3.20,3.20,2.99,3.05,7300
TRIGONPP,20151005,113.85,114.00,112.66,112.70,1681
ULMA,20151005,78.50,78.50,78.50,78.50,1
UNIBEP,20151005,10.92,10.92,10.30,10.79,3159
UNICREDIT,20151005,22.22,24.60,22.22,24.55,587
UNIMA,20151005,1.70,1.71,1.64,1.65,4949
UNIWHEELS,20151005,116.50,118.90,116.00,117.10,1436
URSUS,20151005,2.99,3.05,2.92,2.95,233669
VANTAGE,20151005,2.61,2.61,2.39,2.47,57392
VARIANT,20151005,1.69,1.69,1.69,1.69,12
VIGOSYS,20151005,245.00,245.00,244.00,245.00,176
VINDEXUS,20151005,5.43,5.72,5.42,5.70,71026
VISTAL,20151005,11.03,11.03,11.03,11.03,200
VISTULA,20151005,2.80,2.87,2.80,2.86,202012
VOTUM,20151005,17.16,17.16,17.00,17.09,147
VOXEL,20151005,17.15,17.15,16.43,16.50,4330
WADEX,20151005,4.75,4.75,4.46,4.46,5942
WARIMPEX,20151005,2.83,2.83,2.79,2.79,5037
WASKO,20151005,1.80,1.83,1.77,1.83,10526
WAWEL,20151005,1275.00,1275.00,1260.00,1260.00,306
WDX,20151005,5.54,5.55,5.38,5.38,1297
WIELTON,20151005,7.32,7.43,7.31,7.40,16781
WIKANA,20151005,0.94,1.00,0.94,1.00,185513
WILBO,20151005,1.11,1.11,1.05,1.06,8436
WINDMOBIL,20151005,8.00,8.00,7.97,7.97,1704
WINVEST,20151005,3.98,3.98,3.90,3.90,4
WIRTUALNA,20151005,39.50,39.50,39.02,39.50,11965
WOJAS,20151005,6.55,6.75,6.53,6.53,612
WORKSERV,20151005,15.85,16.30,15.85,16.20,28329
YAWAL,20151005,6.20,6.38,6.20,6.38,541
ZAMET,20151005,1.67,1.68,1.63,1.68,9488
ZASTAL,20151005,0.59,0.60,0.57,0.60,46623
ZEPAK,20151005,14.20,14.20,13.89,13.89,14046
ZETKAMA,20151005,87.99,89.99,86.50,88.88,803
ZPUE,20151005,350.00,350.00,350.00,350.00,6
ZUE,20151005,7.21,7.50,7.21,7.50,1012
ZYWIEC,20151005,390.00,395.00,390.00,394.50,69
INVESTORMS,20151005,3657.37,3677.56,3657.37,3677.56,143262.157
MWIG40,20151005,3569.13,3608.63,3563.97,3608.63,95505.299
NCINDEX30,20151005,975.79,998.58,973.00,993.83,2477.747
RESPECT,20151005,2524.37,2573.79,2519.41,2563.46,461941.270
SWIG80,20151005,13113.42,13236.25,13093.41,13236.25,24857.118
WIG,20151005,49568.13,50407.36,49516.62,50312.86,859650.920
WIG-BANKI,20151005,6640.94,6668.46,6640.94,6668.46,254446.260
WIG-BUDOW,20151005,2989.95,3024.87,2989.95,3024.87,4570.917
WIG-CEE,20151005,715.99,722.63,715.99,722.63,24440.531
WIG-CHEMIA,20151005,15089.81,15172.07,15089.81,15172.07,6673.173
WIG-DEWEL,20151005,1396.36,1397.94,1396.36,1397.51,4988.310
WIG-ENERG,20151005,3282.46,3293.63,3255.57,3255.57,67036.524
WIG-INFO,20151005,1653.47,1670.29,1653.47,1667.27,20149.562
WIG-MEDIA,20151005,4394.22,4414.05,4394.22,4414.05,11593.886
WIG-PALIWA,20151005,4839.77,4884.68,4839.77,4884.68,179142.458
WIG-POLAND,20151005,51275.37,51510.46,51275.37,51510.46,834172.481
WIG-SPOZYW,20151005,3377.94,3377.94,3372.39,3375.98,23933.026
WIG-SUROWC,20151005,2629.35,2675.31,2629.35,2675.31,100117.618
WIG-TELKOM,20151005,873.41,874.19,865.80,865.80,10732.909
WIG-UKRAIN,20151005,336.65,337.69,336.65,337.60,22784.380
WIG20,20151005,2046.23,2095.95,2046.23,2088.27,726520.708
WIG20LEV,20151005,615.88,645.67,615.88,641.07,726520.708
WIG20SHORT,20151005,3845.88,3845.88,3751.54,3766.12,726520.708
WIG20TR,20151005,3417.87,3436.36,3417.87,3430.69,726520.708
WIG30,20151005,2273.05,2315.92,2269.37,2308.90,779511.715
WIG30TR,20151005,3736.17,3753.92,3736.17,3749.85,779511.715
WIGDIV,20151005,1052.06,1075.89,1048.92,1070.01,458589.948
06MAGNA,20151005,1.85,1.95,1.85,1.95,2518
08OCTAVA,20151005,1.35,1.35,1.33,1.33,2080
AMPLI,20151005,0.22,0.22,0.22,0.22,240
B3SYSTEM,20151005,0.70,0.70,0.70,0.70,1000
BEDZIN,20151005,14.85,14.85,14.85,14.85,6537
BERLING,20151005,4.35,4.35,4.35,4.35,200
CASHFLOW,20151005,0.13,0.13,0.13,0.13,9712
CCENERGY,20151005,0.06,0.06,0.06,0.06,400
COALENERG,20151005,0.68,0.69,0.68,0.69,2600
DREWEX,20151005,1.00,1.00,1.00,1.00,3033
EFH,20151005,0.05,0.05,0.05,0.05,3000
EKANCELAR,20151005,0.03,0.04,0.03,0.04,1046125
FAM,20151005,1.40,1.45,1.40,1.45,44005
HUTMEN,20151005,5.04,5.04,5.00,5.00,30779
IDEON,20151005,0.01,0.01,0.01,0.01,12650
INTERFERI,20151005,4.50,4.59,4.50,4.59,2718
KCI,20151005,0.02,0.03,0.02,0.03,194554
KOMPAP,20151005,8.25,8.25,8.25,8.25,574
MIT,20151005,0.15,0.15,0.15,0.15,13000
MSXRESOUR,20151005,0.37,0.37,0.37,0.37,78902
NEWWORLDR,20151005,0.03,0.03,0.03,0.03,3000
PEIXIN,20151005,5.56,5.56,5.56,5.56,900
PETROLINV,20151005,0.18,0.18,0.18,0.18,1020452
PLAZACNTR,20151005,0.13,0.13,0.12,0.12,23157
POLCOLORIT,20151005,1.02,1.19,1.02,1.19,1691
REGNON,20151005,0.85,0.90,0.85,0.90,776
ROVESE,20151005,1.39,1.39,1.37,1.37,8515
SANWIL,20151005,0.80,0.84,0.80,0.84,2850
SKYLINE,20151005,0.47,0.47,0.47,0.47,8
SKYSTONE,20151005,3.35,3.35,3.35,3.35,109
ZREMB,20151005,1.25,1.25,1.25,1.25,70320
01CYBATON,20151005,2.70,2.80,2.63,2.75,13091
11BIT,20151005,65.39,66.39,64.10,66.00,2553
2CPARTNER,20151005,0.62,0.62,0.57,0.62,47
2INTELLECT,20151005,0.41,0.41,0.41,0.41,930
5THAVENUE,20151005,1.31,1.31,1.31,1.31,17
ABPOL,20151005,0.23,0.27,0.22,0.25,244980
ABSINVEST,20151005,1.75,1.77,1.70,1.74,7960
ACARTUS,20151005,0.26,0.26,0.26,0.26,1350
ACREBIT,20151005,2.09,2.09,2.09,2.09,25
ADFORM,20151005,8.50,8.50,8.50,8.50,5
ADIUVO,20151005,24.30,24.30,24.30,24.30,211
ADMASSIVE,20151005,0.36,0.36,0.36,0.36,100
ADMIRAL,20151005,0.24,0.25,0.24,0.25,48718
ADVOCULAR,20151005,2.46,2.46,2.46,2.46,25
AEDES,20151005,1.05,1.08,0.84,1.08,7250
AERFINANC,20151005,0.44,0.44,0.44,0.44,50
AGROLIGA,20151005,11.40,13.11,11.40,13.11,1509
AGROTOUR,20151005,0.39,0.40,0.39,0.40,4020
AIRWAY,20151005,1.48,1.48,1.44,1.44,12250
ALDA,20151005,1.54,1.54,1.54,1.54,1
ALFASTAR,20151005,0.12,0.14,0.12,0.14,61
ALUMAST,20151005,0.99,0.99,0.99,0.99,1011
APANET,20151005,4.99,4.99,4.98,4.99,510
APS,20151005,2.95,2.95,2.95,2.95,1
APSENERGY,20151005,4.65,4.65,4.65,4.65,2
AQUABB,20151005,12.51,12.51,12.51,12.51,5
ARI,20151005,0.35,0.35,0.35,0.35,100
ARRINERA,20151005,8.90,9.00,8.90,9.00,924
ARTNEWMED,20151005,0.03,0.03,0.03,0.03,500
ARTNEWS,20151005,1.75,1.79,1.75,1.79,2620
ARTP,20151005,0.10,0.10,0.10,0.10,378
ASMGROUP,20151005,2.10,2.10,2.10,2.10,470
ASSETUS,20151005,0.88,0.88,0.88,0.88,1000
ATCCARGO,20151005,2.43,2.60,2.40,2.52,632
ATONHT,20151005,0.17,0.17,0.17,0.17,26684
AUTOSPA,20151005,2.90,2.90,2.70,2.70,804
AZTEC,20151005,2.75,2.75,2.73,2.73,310
B2BPARTNER,20151005,0.16,0.16,0.16,0.16,625
BALTICINV,20151005,0.91,1.00,0.88,0.98,325942
BALTICON,20151005,16.40,16.40,14.20,15.20,26
BBCONSULT,20151005,3.72,3.72,3.50,3.60,2099
BGE,20151005,0.24,0.26,0.24,0.26,2000
BINARY,20151005,0.18,0.18,0.18,0.18,10
BIOERG,20151005,0.24,0.24,0.24,0.24,100
BIOGENED,20151005,11.90,11.90,11.90,11.90,1
BIOMASS,20151005,1.77,1.78,1.65,1.72,28131
BIOMAX,20151005,0.16,0.16,0.15,0.16,60800
BIOMAXIMA,20151005,3.87,4.17,3.75,3.76,6916
BLACKPOIN,20151005,0.52,0.52,0.45,0.47,3431
BLIRT,20151005,1.86,1.86,1.86,1.86,1
BLOOBER,20151005,38.00,39.60,36.12,39.31,18561
BLUMERANG,20151005,0.99,0.99,0.99,0.99,90
BOOMERANG,20151005,0.30,0.30,0.22,0.22,247676
BORUTA,20151005,0.25,0.25,0.23,0.24,458837
BPC,20151005,0.41,0.41,0.41,0.41,50
BPX,20151005,2.24,2.24,2.24,2.24,10
BROADGATE,20151005,0.82,0.82,0.82,0.82,9
BVT,20151005,1.33,1.64,1.33,1.62,27950
CALESCO,20151005,1.55,1.55,1.30,1.30,1110
CCTOOLS,20151005,0.28,0.28,0.28,0.28,4
CDE,20151005,0.12,0.12,0.10,0.12,43175
CENTURION,20151005,0.22,0.25,0.22,0.25,7100
CEREALPLT,20151005,12.00,12.00,12.00,12.00,11
CFBPS,20151005,6.29,6.29,6.29,6.29,1
COLUMBUS,20151005,0.26,0.26,0.22,0.24,161790
COMECO,20151005,0.37,0.37,0.37,0.37,50
COPERNIC,20151005,13.00,13.76,12.80,13.76,234
CORELENS,20151005,0.72,0.72,0.72,0.72,20
CSY,20151005,3.70,3.70,3.70,3.70,50
CWPE,20151005,0.15,0.15,0.14,0.15,5100
DANKS,20151005,0.88,0.94,0.84,0.92,8792
DASE,20151005,0.44,0.44,0.44,0.44,50
DEKTRA,20151005,9.35,9.35,9.35,9.35,5
DENTAMDC,20151005,0.01,0.01,0.01,0.01,300
DEVORAN,20151005,0.27,0.27,0.27,0.27,100
DIGITAL,20151005,0.20,0.20,0.20,0.20,10000
DOMLEK,20151005,17.80,17.80,17.80,17.80,1
EASTSIDE,20151005,1.61,1.61,1.55,1.55,3232
EBC,20151005,0.96,0.97,0.90,0.90,7600
EC2,20151005,1.46,1.49,1.17,1.18,27621
ECERAMICS,20151005,0.01,0.01,0.01,0.01,7281394
ECOTECH,20151005,1.15,1.15,1.15,1.15,20
EDISON,20151005,1.70,1.70,1.70,1.70,276
EFENERGII,20151005,1.22,1.35,1.22,1.32,1800
EFICOM,20151005,0.69,0.72,0.69,0.72,3600
EFIXDM,20151005,14.04,14.04,14.04,14.04,1
EKIOSK,20151005,0.78,0.79,0.78,0.79,1050
EKOKOGEN,20151005,1.02,1.02,1.02,1.02,326
EMMERSON,20151005,0.05,0.05,0.05,0.05,1000
EMONT,20151005,1.09,1.09,1.09,1.09,10
EONET,20151005,5.43,5.43,5.43,5.43,1
EQUITIER,20151005,1.60,1.60,1.56,1.56,30
ERNE,20151005,4.39,4.39,4.09,4.22,102664
ERS,20151005,0.30,0.30,0.30,0.30,40
ESKIMOS,20151005,0.30,0.30,0.30,0.30,100
EUROCENT,20151005,9.75,9.99,9.75,9.99,115
EUROTAX,20151005,2.70,2.70,2.70,2.70,1
EXAMOBILE,20151005,2.40,2.40,2.40,2.40,5
EZO,20151005,5.06,5.37,5.05,5.37,2720
FACHOWCY,20151005,0.19,0.19,0.19,0.19,100
FARM51,20151005,11.34,11.34,10.80,11.20,4609
FLUID,20151005,0.91,0.94,0.91,0.92,18607
FLYPL,20151005,0.10,0.13,0.10,0.10,16334649
FOREVEREN,20151005,0.56,0.59,0.53,0.59,33130
FUTURIS,20151005,0.94,0.94,0.94,0.94,20
GEKOPLAST,20151005,9.00,9.00,8.80,8.80,5438
GENOMED,20151005,16.80,17.00,16.50,17.00,677
GENRG,20151005,0.08,0.10,0.08,0.10,255326
GEOTRANS,20151005,9.00,9.58,8.80,8.80,2507
GOLAB,20151005,0.35,0.35,0.35,0.35,50
GONTYNIEC,20151005,1.47,1.50,1.33,1.33,694
GOTFI,20151005,8.20,8.20,7.09,8.20,559
GPPI,20151005,0.18,0.18,0.18,0.18,1
GRAPHIC,20151005,0.21,0.21,0.21,0.21,100
GREMPCO,20151005,0.15,0.15,0.15,0.15,150
GRJAGUAR,20151005,0.84,0.99,0.80,0.99,12267
GRODNO,20151005,5.40,5.40,5.15,5.15,1000
GRUPAEMM,20151005,0.21,0.21,0.21,0.21,1
GRUPAHRC,20151005,2.86,2.86,2.86,2.86,10
GRUPAREC,20151005,10.77,12.36,10.77,12.36,206
HAMBURGER,20151005,1.18,1.18,1.18,1.18,15
HETAN,20151005,0.78,0.78,0.78,0.78,2500
HOLLYWOOD,20151005,5.00,5.00,5.00,5.00,100
HYDROPHI,20151005,0.18,0.18,0.18,0.18,3100
I3D,20151005,0.72,0.73,0.72,0.73,90
IAI,20151005,5.49,5.49,5.49,5.49,10
IFM,20151005,0.53,0.53,0.53,0.53,80
IMAGIS,20151005,0.34,0.34,0.30,0.34,4102
INCANA,20151005,0.67,0.67,0.67,0.67,20
INDEXMEDI,20151005,2.45,2.45,2.45,2.45,10
INFOSCAN,20151005,4.80,4.80,4.50,4.50,430
INFOSYS,20151005,0.89,0.89,0.89,0.89,130
INFRA,20151005,0.73,0.73,0.61,0.69,7852
INNOGENE,20151005,9.60,9.60,9.30,9.30,85
INVENTI,20151005,2.10,2.10,2.04,2.04,210
INVESTEKO,20151005,1.80,1.80,1.80,1.80,20
INWESTPL,20151005,0.33,0.33,0.33,0.33,8365
IPODS,20151005,0.22,0.22,0.20,0.20,29661
IPOSA,20151005,0.06,0.06,0.06,0.06,250
JANTAR,20151005,0.73,0.73,0.73,0.73,40
JRHOLDING,20151005,0.46,0.50,0.46,0.50,9383
JUJUBEE-PDA,20151005,3.44,3.82,3.44,3.67,45978
KBJ,20151005,5.49,5.49,5.49,5.49,205
KKHERBAL,20151005,0.22,0.22,0.22,0.22,5273
KLASZTORNE,20151005,0.07,0.08,0.07,0.08,22554
KLEBAINV,20151005,4.08,4.08,4.08,4.08,2
KLON,20151005,1.55,1.60,1.55,1.60,30
KME,20151005,3.19,3.23,3.19,3.23,16
KORBANK,20151005,1.69,1.69,1.69,1.69,50
KUPIEC,20151005,2.80,2.80,2.24,2.80,5711
LABOPRINT,20151005,15.60,15.60,15.60,15.60,1
LAURENPES,20151005,0.04,0.04,0.04,0.04,30000
LEASINGEX,20151005,0.70,0.70,0.70,0.70,100
LEONIDAS,20151005,0.23,0.23,0.23,0.23,406
LETUS,20151005,0.11,0.12,0.11,0.12,32593
LOYD,20151005,0.34,0.34,0.34,0.34,1000
LSTECHHOM,20151005,1.17,1.17,1.10,1.15,21610
LUXIMA,20151005,0.04,0.04,0.04,0.04,300
LZMO,20151005,1.40,1.49,1.40,1.49,63960
MADKOM,20151005,1.78,1.78,1.78,1.78,40
MAKORA,20151005,1.54,1.54,1.45,1.54,99
MARKA,20151005,2.00,2.00,2.00,2.00,50
MARSOFT,20151005,0.13,0.13,0.13,0.13,1000
MAXIPIZZA,20151005,0.69,0.69,0.69,0.69,1450
MBFGROUP,20151005,6.21,6.21,6.20,6.20,200
MED,20151005,5.20,5.20,5.02,5.05,788
MEDIACAP,20151005,2.41,2.42,2.41,2.42,6000
MEDIANPOL,20151005,0.36,0.36,0.36,0.36,50
MEGASONIC,20151005,6.69,6.69,5.64,6.55,2367
MERIT,20151005,0.23,0.23,0.23,0.23,50
MIDVEN,20151005,107.50,107.50,107.50,107.50,2
MILESTONE,20151005,6.60,6.80,5.78,6.80,1255
MILKPOL,20151005,0.23,0.24,0.23,0.24,12200
MINERAL,20151005,0.57,0.60,0.50,0.52,12388
MINOX,20151005,0.08,0.08,0.08,0.08,300
MODE,20151005,0.55,0.55,0.55,0.55,1
MODECOM,20151005,11.80,11.80,10.99,11.00,185
MOLMEDICA,20151005,0.02,0.02,0.02,0.02,1692210
MOMO,20151005,2.53,2.74,2.53,2.74,12785
MORIZON,20151005,1.46,1.46,1.46,1.46,1
MOTORICUS,20151005,0.40,0.48,0.40,0.48,18000
NANOTEL,20151005,2.97,2.97,2.61,2.82,475
NAVIMORIN,20151005,4.18,4.18,4.18,4.18,5
NETWISE,20151005,3.50,3.50,3.50,3.50,5
NFPL,20151005,0.19,0.22,0.19,0.22,44252
NOVATIS,20151005,0.33,0.36,0.33,0.36,14024
NOVAVIS,20151005,1.16,1.20,1.05,1.20,50613
NOVINA,20151005,0.60,0.62,0.56,0.57,49143
NWAI,20151005,2.05,2.05,2.00,2.00,1189
OPENNET,20151005,2.01,2.01,1.79,1.90,4514
OPTIZENLB,20151005,0.29,0.29,0.29,0.29,100
ORGANIC,20151005,4.35,4.45,4.25,4.45,1052
ORIONINV,20151005,97.38,97.38,83.31,86.12,23
ORZLOPONY,20151005,0.54,0.64,0.54,0.64,6127
PARTNER,20151005,0.06,0.06,0.06,0.06,5000
PFMEDICAL,20151005,38.00,38.00,37.94,37.94,2
PGSSOFT,20151005,6.06,6.48,6.06,6.40,5131
PHARMENA,20151005,19.49,19.49,19.30,19.49,518
PHOTON,20151005,0.65,0.70,0.65,0.69,43629
PIK,20151005,0.26,0.26,0.26,0.26,3224
PILAB,20151005,49.97,49.97,44.50,47.29,44
PLANETSOF,20151005,0.15,0.15,0.15,0.15,8000
PLASMA,20151005,13.60,13.61,13.60,13.60,9600
PLATIGE,20151005,13.20,13.70,13.04,13.05,810
POLFA,20151005,0.34,0.34,0.34,0.34,1430
POLMAN,20151005,0.22,0.22,0.22,0.22,50
PPRICE,20151005,0.03,0.03,0.03,0.03,30000
PREFABET,20151005,10.32,10.32,10.00,10.00,355
PRESENT24,20151005,2.30,2.30,2.30,2.30,81
PRESTO,20151005,0.75,0.77,0.75,0.76,21982
PRIME,20151005,32.90,33.50,32.00,33.16,627
PROLOG,20151005,8.55,8.60,8.55,8.60,320
PRYMUS,20151005,5.10,5.10,5.10,5.10,5
RAJDY4X4,20151005,0.04,0.05,0.04,0.05,173118
ROBINSON,20151005,11.20,11.66,10.64,10.64,319
ROCCA,20151005,0.40,0.40,0.40,0.40,50
RSY,20151005,6.93,6.93,6.93,6.93,5
RUNICOM,20151005,0.54,0.54,0.54,0.54,20
SAKANA,20151005,0.28,0.28,0.28,0.28,6786
SAPLING,20151005,0.28,0.28,0.23,0.28,10503
SARE,20151005,23.85,24.60,23.85,24.60,47
SESCOM,20151005,19.81,19.81,19.81,19.81,1
SEVENET,20151005,2.70,2.70,2.70,2.70,1
SFKPOLKAP,20151005,4.58,4.63,4.50,4.62,5388
SILVACG,20151005,0.01,0.01,0.01,0.01,205
SMOKESHOP,20151005,0.27,0.27,0.24,0.24,5000
SPC,20151005,0.05,0.05,0.05,0.05,1000
STANUSCH,20151005,8.33,8.33,8.33,8.33,5
STOPKLA,20151005,9.87,11.14,9.87,11.14,171
SUMMALING,20151005,6.40,6.40,6.40,6.40,2
SUNTECH,20151005,0.29,0.34,0.29,0.34,201
SURFLAND,20151005,0.77,0.96,0.77,0.95,25502
SWISSPSM,20151005,0.26,0.26,0.26,0.26,50
SYMBIO,20151005,3.00,3.00,3.00,3.00,10
SZAR,20151005,0.07,0.07,0.07,0.07,200
T2INVEST,20151005,1.75,1.75,1.75,1.75,30
TABLEO,20151005,1.09,1.30,0.91,1.20,17389
TAMEX,20151005,0.42,0.42,0.42,0.42,2
TAXNET,20151005,0.43,0.43,0.43,0.43,50
TAXUSFUND,20151005,0.06,0.06,0.06,0.06,12
TECHMADEX,20151005,23.07,23.07,23.07,23.07,1
TELEMEDPL,20151005,0.96,0.96,0.96,0.96,50
TELGAM,20151005,0.25,0.25,0.24,0.24,8326
TILIA,20151005,0.64,0.69,0.64,0.69,855
TROPHYRES,20151005,3.11,3.11,3.11,3.11,2
UNIMOT,20151005,13.70,13.70,13.60,13.60,130
UNITED,20151005,0.48,0.48,0.45,0.47,8296
VAKOMTEK,20151005,1.19,1.19,1.19,1.19,1
VCP,20151005,0.28,0.28,0.28,0.28,50
VELTO,20151005,0.31,0.31,0.31,0.31,50
VENITI,20151005,0.80,0.80,0.68,0.70,2850
VENTUREIN,20151005,2.35,2.35,2.35,2.35,20
VISION,20151005,0.01,0.01,0.01,0.01,33364
VIVID,20151005,5.70,5.96,5.64,5.87,28803
WBAY,20151005,3.52,3.52,3.33,3.52,298
WDBBU,20151005,3.00,3.00,3.00,3.00,1
WEEDO,20151005,3.82,3.82,3.82,3.82,1807
WESTREAL,20151005,1.44,1.55,1.40,1.47,3620
WIERZYCL,20151005,0.50,0.55,0.50,0.55,500
XPLUS,20151005,0.12,0.12,0.12,0.12,200
XSYSTEM,20151005,0.73,0.87,0.73,0.87,4730
YELLOWHAT,20151005,0.35,0.36,0.32,0.34,30519
YOURIMAGE,20151005,0.27,0.28,0.26,0.28,21840
NCINDEX,20151005,281.07,284.57,281.04,283.94,4878.739
2CP0316,20151005,93.50,93.50,93.50,93.50,14
2CP0416,20151005,89.00,89.20,89.00,89.20,85
ALR0321,20151005,104.30,104.30,104.00,104.00,1006
AUT0217,20151005,101.00,101.00,101.00,101.00,10
BPS0718,20151005,96.50,96.50,96.50,96.50,10
BSC0927,20151005,85.00,86.00,85.00,86.00,13
BST0319,20151005,99.01,99.01,99.01,99.01,8
BST0516,20151005,100.32,101.00,100.32,101.00,1400
CPS0721,20151005,101.10,101.10,101.00,101.00,4496
CTG0417,20151005,95.70,95.70,95.70,95.70,15
CZT0416,20151005,67.32,67.32,67.32,67.32,134
DS0725,20151005,105.60,105.60,105.58,105.58,95
DS0726,20151005,97.19,98.30,97.19,98.30,3464
DS1023,20151005,110.00,110.00,110.00,110.00,2
ECH0616,20151005,100.75,100.75,100.72,100.72,2797
EVC0418,20151005,101.00,101.00,101.00,101.00,8
FKD0516,20151005,94.99,94.99,94.99,94.99,25
GHE0619,20151005,96.50,96.50,96.50,96.50,30
GHI0619,20151005,99.31,100.50,99.30,99.30,4985
GNB0218,20151005,97.44,97.50,97.44,97.50,2
GNB0318,20151005,96.60,96.60,96.50,96.50,74
GNB0321,20151005,91.00,91.00,91.00,91.00,1
GNB0418,20151005,96.70,96.70,96.70,96.70,3
GNB0421,20151005,90.90,90.90,90.50,90.90,44
GNB0518,20151005,94.99,94.99,94.99,94.99,1
GNB0819,20151005,95.20,95.40,95.20,95.40,20
GNB1219,20151005,93.00,93.44,93.00,93.44,11
GPW0117,20151005,101.50,101.50,101.10,101.10,203
GRA0816,20151005,100.00,100.00,100.00,100.00,1
GTB0617,20151005,94.75,94.75,92.00,92.00,17
GTC0319,20151005,100.50,101.00,100.50,101.00,17
IVO0616,20151005,92.45,92.47,92.45,92.47,6
KOS1117,20151005,99.90,99.90,99.90,99.90,1
KRS0416,20151005,74.00,74.00,74.00,74.00,120
KRU1217,20151005,103.00,103.00,103.00,103.00,5
LKD1017,20151005,99.95,99.95,99.95,99.95,5
MPL0316,20151005,82.00,82.00,82.00,82.00,1
MRB0717,20151005,90.90,90.90,90.90,90.90,20
MUR0418,20151005,100.00,100.00,100.00,100.00,20
MWT0216,20151005,99.60,99.60,99.60,99.60,300
MWT0316,20151005,99.72,99.72,99.72,99.72,20
OK0116,20151005,99.52,99.70,99.52,99.70,54
OK0716,20151005,98.70,98.70,98.70,98.70,1
OK0717,20151005,97.40,97.40,97.40,97.40,50
PBD0116,20151005,96.50,97.00,96.50,97.00,70
PBD0616,20151005,97.40,97.40,97.40,97.40,17
PBD1017,20151005,97.82,97.82,97.82,97.82,1
PCR0416,20151005,101.47,101.47,101.00,101.00,43
PCR0419,20151005,100.60,100.70,100.60,100.70,247
PCR0620,20151005,99.64,100.28,99.64,100.28,549
PCR1019,20151005,100.80,100.80,100.80,100.80,1
PK11117,20151005,101.04,101.04,100.80,100.80,4382
PKN0418,20151005,101.07,101.60,100.80,100.80,39430
PKN0517,20151005,101.20,101.20,101.00,101.00,6321
PKN0617,20151005,101.15,101.15,101.00,101.00,2972
PKN1117,20151005,101.02,101.02,101.02,101.02,119
PND0618,20151005,99.10,99.10,99.00,99.00,18
PRE1117,20151005,99.85,100.00,99.85,100.00,30
PRF1216,20151005,100.00,100.00,100.00,100.00,1
PRI1117,20151005,99.89,99.89,99.89,99.89,5
PS0420,20151005,97.37,97.37,97.37,97.37,1975
PS1016,20151005,103.17,103.17,103.17,103.17,37
RNK0616,20151005,81.00,81.00,81.00,81.00,1
ROG0218,20151005,101.35,101.35,101.35,101.35,15
SFK1215,20151005,99.40,99.50,99.40,99.50,5
SMS0418,20151005,100.50,100.50,100.50,100.50,5
VOX0716,20151005,99.70,99.70,99.70,99.70,5
VTG0617,20151005,99.50,99.50,99.50,99.50,2
WSE1016,20151005,102.75,102.75,102.75,102.75,2
WXB0316,20151005,97.98,97.98,97.98,97.98,10
WZ0117,20151005,99.85,99.85,99.85,99.85,60
WZ0119,20151005,99.00,99.00,99.00,99.00,30
WZ0121,20151005,99.00,99.00,97.90,99.00,90
