FACPZ15,20151020,55.36,55.36,55.36,55.36,3,20
FCDRZ15,20151020,26.69,26.77,26.12,26.69,39,342
FCHF,20151020,393.29,394.60,393.29,394.34,280,2591
FCHFM16,20151020,398.80,398.80,398.80,398.80,1,267
FCHFWS,20151020,393.29,394.60,393.29,394.34,279,1631
FCHFZ15,20151020,393.29,394.60,393.29,394.34,279,1631
FEUR,20151020,425.60,426.59,425.25,426.50,271,22335
FEURH16,20151020,427.97,428.18,427.97,428.18,6,10307
FEURU16,20151020,430.86,431.67,430.86,431.67,8,110
FEURWS,20151020,426.00,426.00,426.00,426.00,1,1
FEURX15,20151020,426.00,426.00,426.00,426.00,1,1
FEURZ15,20151020,425.60,426.59,425.25,426.50,256,11539
FGPWZ15,20151020,39.07,39.85,39.07,39.85,14,14
FJSWH16,20151020,12.76,12.76,12.55,12.55,2,98
FJSWZ15,20151020,12.50,12.68,12.50,12.67,256,1997
FKGHH16,20151020,91.00,91.00,90.65,90.65,2,50
FKGHZ15,20151020,90.10,92.80,88.90,92.30,1955,1812
FLTSZ15,20151020,29.72,29.72,29.53,29.60,20,145
FOPLZ15,20151020,7.40,7.41,7.20,7.20,50,297
FPEOZ15,20151020,154.50,156.20,154.30,156.15,67,239
FPGEZ15,20151020,14.28,14.28,13.75,14.25,396,2453
FPGNM16,20151020,6.81,6.81,6.81,6.81,1,20
FPGNZ15,20151020,6.80,6.87,6.80,6.83,49,387
FPKNZ15,20151020,64.62,65.87,64.62,64.90,499,1663
FPKOZ15,20151020,29.80,30.25,29.75,30.20,379,2064
FPZUZ15,20151020,383.00,383.80,379.25,381.40,249,1087
FTPEH16,20151020,3.27,3.27,3.23,3.23,4,52
FTPEZ15,20151020,3.23,3.25,3.20,3.20,116,1164
FUSD,20151020,375.72,375.97,373.50,375.74,4473,21967
FUSDH16,20151020,376.08,376.50,375.98,376.50,4,2382
FUSDM16,20151020,377.39,377.39,377.39,377.39,2,85
FUSDWS,20151020,374.56,375.40,374.56,375.40,4,9
FUSDX15,20151020,374.56,375.40,374.56,375.40,4,9
FUSDZ15,20151020,375.72,375.97,373.50,375.74,4463,19448
FW20,20151020,2112,2120,2106,2116,10988,54608
FW20H1620,20151020,2119,2128,2117,2127,31,324
FW20M1620,20151020,2113,2113,2108,2113,5,123
FW20U1620,20151020,2091,2100,2084,2093,102,112
FW20WS,20151020,2112,2120,2106,2116,10200,54049
FW20Z1520,20151020,2112,2120,2106,2116,10200,54049
FW40Z15,20151020,3693,3737,3693,3737,326,2477
OW20A162250,20151020,25.74,26.05,25.74,25.74,15,20
OW20A162300,20151020,15.80,15.80,15.80,15.80,5,5
OW20C162400,20151020,19.37,19.37,19.37,19.37,2,86
OW20C162600,20151020,2.88,2.88,2.88,2.88,1,205
OW20I161700,20151020,424.45,424.45,424.45,424.45,5,7
OW20I161800,20151020,341.15,344.45,341.15,344.45,15,16
OW20I161900,20151020,264.85,267.80,264.85,267.80,15,15
OW20I162000,20151020,197.65,200.25,197.65,200.25,15,15
OW20I162100,20151020,140.90,143.05,140.90,143.05,10,11
OW20I162200,20151020,95.80,97.50,95.80,97.50,10,25
OW20I162300,20151020,61.60,62.90,61.60,62.90,15,15
OW20I162400,20151020,37.91,38.79,37.91,38.79,15,19
OW20I162500,20151020,22.30,22.88,20.09,20.09,16,19
OW20I162600,20151020,12.46,13.00,12.26,12.26,16,104
OW20K152000,20151020,121.10,121.10,121.10,121.10,1,1
OW20K152075,20151020,67.55,68.00,65.30,66.45,17,67
OW20K152100,20151020,54.75,54.75,53.00,54.30,7,16
OW20K152125,20151020,36.03,41.80,36.03,41.80,10,11
OW20K152150,20151020,30.00,30.00,26.64,27.44,16,46
OW20K152175,20151020,18.63,20.12,18.50,18.50,3,6
OW20K152200,20151020,13.75,14.55,12.51,13.90,20,101
OW20K152225,20151020,7.75,9.05,7.50,9.05,7,20
OW20K152250,20151020,4.80,5.90,4.50,5.90,50,62
OW20K152275,20151020,2.82,3.64,2.80,3.64,30,32
OW20K152300,20151020,2.00,2.01,2.00,2.01,115,179
OW20L152050,20151020,105.70,106.45,105.70,106.45,3,54
OW20L152100,20151020,77.35,77.35,76.00,76.65,19,227
OW20L152150,20151020,50.80,51.00,50.80,51.00,20,154
OW20L152200,20151020,32.40,32.60,28.88,32.55,18,1240
OW20L152250,20151020,18.10,19.57,18.10,19.47,20,102
OW20L152300,20151020,10.06,10.27,10.06,10.18,15,478
OW20L152350,20151020,5.38,5.38,4.55,4.94,55,96
OW20L152400,20151020,2.59,2.72,2.29,2.29,45,334
OW20M162050,20151020,54.00,54.00,54.00,54.00,3,3
OW20O161700,20151020,8.15,8.20,8.15,8.20,2,119
OW20O161900,20151020,29.87,29.87,29.87,29.87,1,146
OW20U161700,20151020,25.31,25.31,24.86,24.86,15,12
OW20U161800,20151020,41.61,41.61,40.66,40.66,16,21
OW20U161900,20151020,65.30,65.30,63.50,63.50,11,11
OW20U162000,20151020,98.05,98.05,96.65,96.65,10,10
OW20U162100,20151020,141.15,141.15,139.30,139.30,15,17
OW20U162200,20151020,195.75,195.75,193.45,193.45,15,15
OW20U162300,20151020,261.15,261.15,258.45,258.45,10,10
OW20U162400,20151020,336.90,336.90,333.80,333.80,15,15
OW20U162500,20151020,420.50,420.50,417.10,417.10,10,10
OW20U162600,20151020,509.65,509.65,506.05,506.05,15,15
OW20W151800,20151020,1.30,1.30,1.30,1.30,5,97
OW20W151825,20151020,2.00,2.00,1.99,2.00,36,36
OW20W151850,20151020,2.09,2.46,2.09,2.46,30,167
OW20W151875,20151020,3.11,3.22,3.11,3.22,10,5
OW20W151900,20151020,4.16,4.16,4.16,4.16,5,31
OW20W151950,20151020,7.60,8.23,7.60,8.23,2,57
OW20W151975,20151020,9.65,9.65,9.50,9.50,2,10
OW20W152000,20151020,12.26,13.49,12.26,12.30,39,63
OW20W152050,20151020,25.63,25.63,21.04,21.04,9,87
OW20W152075,20151020,29.19,29.56,29.19,29.56,3,8
OW20W152100,20151020,43.77,44.53,40.44,41.62,5,72
OW20W152125,20151020,55.00,55.00,55.00,55.00,1,4
OW20W152150,20151020,64.70,64.70,64.05,64.65,16,90
OW20X151700,20151020,2.27,2.65,2.27,2.28,48,524
OW20X151750,20151020,3.86,4.07,3.85,4.01,34,237
OW20X151800,20151020,5.92,6.05,5.92,6.05,20,367
OW20X151900,20151020,13.00,13.59,13.00,13.59,3,3631
OW20X151950,20151020,19.45,19.45,18.00,18.00,25,77
OW20X152000,20151020,29.00,32.43,28.83,30.49,36,583
OW20X152050,20151020,42.97,44.58,41.47,44.58,38,95
OW20X152100,20151020,64.00,64.00,61.35,61.35,28,1152
OW20X152200,20151020,111.00,114.80,111.00,114.80,2,1225
OW20X152300,20151020,195.00,195.00,195.00,195.00,3,2589
06MAGNA,20151020,1.85,1.92,1.85,1.92,49
4FUNMEDIA,20151020,5.15,5.15,5.00,5.00,15936
AATHOLD,20151020,22.40,22.40,22.32,22.32,413
ABCDATA,20151020,3.15,3.17,3.15,3.15,4766
ABMSOLID,20151020,0.56,0.58,0.55,0.58,443
ABPL,20151020,37.00,37.00,36.50,36.50,260
ACAUTOGAZ,20151020,30.70,31.00,30.70,30.70,2051
ACE,20151020,11.80,11.99,11.60,11.60,18523
ACTION,20151020,23.05,25.00,23.05,24.99,66192
ADIUVO,20151020,26.00,26.00,25.80,25.80,185
ADIUVO-PDA,20151020,26.00,26.00,26.00,26.00,2
AGORA,20151020,11.02,11.28,11.02,11.28,1759
AGROTON,20151020,1.34,1.36,1.29,1.30,62710
AGROWILL,20151020,0.97,0.97,0.97,0.97,500
ALCHEMIA,20151020,4.93,4.93,4.82,4.83,32907
ALIOR,20151020,82.10,82.85,81.30,82.25,95753
ALMA,20151020,9.00,9.00,8.98,8.98,801
ALTA,20151020,2.06,2.19,2.06,2.19,15267
ALTUSTFI,20151020,10.70,10.70,10.55,10.56,4175
ALUMETAL,20151020,47.42,49.30,47.42,49.00,11303
AMBRA,20151020,8.14,8.29,8.03,8.18,11466
AMICA,20151020,162.75,163.95,161.35,163.50,2016
AMREST,20151020,176.80,178.00,176.55,178.00,3326
APATOR,20151020,32.52,33.00,32.30,32.30,1666
APLISENS,20151020,12.75,12.75,12.75,12.75,1
APSENERGY,20151020,5.28,5.28,5.15,5.25,116
ARCTIC,20151020,3.17,3.20,3.16,3.18,21892
ARTERIA,20151020,14.95,15.11,14.70,14.90,634
ASBIS,20151020,1.08,1.10,1.06,1.08,108522
ASSECOBS,20151020,15.90,15.90,15.00,15.15,14611
ASSECOPOL,20151020,55.35,55.80,54.80,55.01,227697
ASSECOSEE,20151020,9.96,9.96,9.96,9.96,355
ASTARTA,20151020,30.50,31.00,30.30,30.30,3931
ATAL,20151020,21.76,21.76,21.76,21.76,82
ATENDE,20151020,2.80,2.80,2.75,2.78,6690
ATLANTAPL,20151020,8.69,9.45,8.60,9.36,3950
ATLANTIS,20151020,0.70,0.84,0.70,0.79,676322
ATM,20151020,9.33,9.39,9.33,9.36,295
ATMGRUPA,20151020,3.49,3.49,3.38,3.40,11631
ATREM,20151020,4.84,4.84,4.78,4.78,200
AVIAAML,20151020,5.20,5.20,5.20,5.20,1
AVIASG,20151020,20.75,20.75,20.75,20.75,1
AWBUD,20151020,3.14,3.15,3.01,3.15,5252
BALTONA,20151020,7.60,7.60,7.60,7.60,1
BANKBPH,20151020,36.50,36.98,36.41,36.98,145
BBIDEV,20151020,0.98,0.99,0.97,0.97,25761
BENEFIT,20151020,425.00,443.00,419.00,440.00,1140
BEST,20151020,17.91,17.91,17.91,17.91,1
BETACOM,20151020,10.50,10.50,9.60,10.10,6516
BGZBNPP,20151020,49.90,51.29,49.90,51.00,2935
BIOMEDLUB,20151020,2.90,2.97,2.90,2.97,2344
BIOTON,20151020,10.62,11.05,10.54,11.05,185764
BMPAG,20151020,2.73,2.73,2.61,2.61,500
BOGDANKA,20151020,58.00,59.40,57.47,58.00,24559
BORYSZEW,20151020,5.09,5.13,5.09,5.13,136385
BOS,20151020,23.08,23.50,23.08,23.49,1182
BOWIM,20151020,2.20,2.20,2.20,2.20,2000
BPHFIZSN2,20151020,94.85,94.90,94.85,94.90,34
BRASTER,20151020,14.06,14.80,14.06,14.37,23937
BRIJU,20151020,13.45,13.80,13.01,13.77,580
BSCDRUK,20151020,34.75,34.75,33.54,34.70,226
BUDIMEX,20151020,209.85,214.80,208.05,214.00,9320
BUMECH,20151020,0.78,0.80,0.77,0.80,15901
BYTOM,20151020,3.09,3.12,3.06,3.06,88506
BZWBK,20151020,313.00,318.00,313.00,316.50,43547
CALATRAVA,20151020,0.64,0.73,0.64,0.71,394651
CAMMEDIA,20151020,6.05,6.05,6.05,6.05,50
CAPITAL,20151020,2.18,2.26,2.18,2.26,7608
CCC,20151020,174.00,174.00,172.65,173.70,21802
CDPROJEKT,20151020,26.60,26.80,26.11,26.69,145602
CDRL,20151020,18.70,18.70,18.69,18.69,80
CEZ,20151020,75.50,76.09,74.70,75.00,1549
CHEMOS,20151020,1.59,1.61,1.55,1.58,50349
CIECH,20151020,72.86,73.24,72.10,73.00,20347
CIGAMES,20151020,24.84,24.97,23.60,24.10,111631
CNT,20151020,8.16,8.42,8.10,8.42,5832
COGNOR,20151020,1.20,1.23,1.17,1.17,57618
COLIAN,20151020,4.44,4.46,4.40,4.41,16398
COMARCH,20151020,123.45,123.45,121.15,121.15,72
COMP,20151020,56.49,56.49,54.22,56.40,21619
CORMAY,20151020,1.69,1.79,1.68,1.77,204082
CPGROUP,20151020,5.75,6.00,5.75,6.00,143321
CUBEITG,20151020,4.80,5.11,4.80,5.11,616
CYFRPLSAT,20151020,24.23,25.30,24.05,25.20,1428826
CZTOREBKA,20151020,1.18,1.18,1.13,1.15,53295
DBDAIM1218,20151020,104.60,104.60,104.60,104.60,500
DBW20S0817,20151020,97.41,97.41,97.41,97.41,400
DEBICA,20151020,85.50,86.90,85.50,86.90,1687
DECORA,20151020,7.35,7.88,7.35,7.48,17405
DELKO,20151020,8.53,8.82,8.46,8.65,1811
DGA,20151020,5.70,5.70,5.48,5.70,127
DMWDM,20151020,0.35,0.35,0.32,0.34,15355
DOMDEV,20151020,51.00,51.50,49.16,49.16,1070
DROZAPOL,20151020,2.06,2.26,2.06,2.25,3923
DTP,20151020,4.56,4.56,4.31,4.56,1040
DUDA,20151020,6.00,6.03,6.00,6.00,9254
DUON,20151020,3.45,3.45,3.38,3.39,48893
ECHO,20151020,6.93,7.00,6.93,7.00,7032
EDINVEST,20151020,2.25,2.30,2.25,2.30,2690
EFEKT,20151020,15.73,15.73,14.90,15.29,1851
EKOEXPORT,20151020,15.09,15.29,15.06,15.06,17818
ELBUDOWA,20151020,155.80,155.80,154.65,154.65,193
ELEKTROTI,20151020,18.99,19.00,18.10,18.45,15583
ELEMENTAL,20151020,4.30,4.33,4.28,4.30,99790
ELKOP,20151020,1.34,1.42,1.34,1.41,15150
ELZAB,20151020,14.75,14.75,14.75,14.75,30
EMCINSMED,20151020,14.99,14.99,14.99,14.99,1
EMPERIA,20151020,65.02,66.30,65.02,66.30,1515
ENAP,20151020,0.88,0.88,0.88,0.88,5
ENEA,20151020,13.73,13.73,13.51,13.56,403691
ENELMED,20151020,10.90,11.40,10.90,10.90,410
ENERGA,20151020,17.11,17.36,16.80,16.89,975274
ENERGOINS,20151020,10.99,11.29,10.80,11.26,8076
ERBUD,20151020,32.79,32.79,32.00,32.00,501
ERG,20151020,21.95,21.95,21.00,21.00,181
ERGIS,20151020,5.00,5.13,5.00,5.08,62585
ESOTIQ,20151020,31.34,34.20,31.34,32.00,53
ESSYSTEM,20151020,2.89,2.90,2.89,2.90,2400
ETFDAX,20151020,416.00,416.00,414.38,415.60,9
ETFSP500,20151020,77.90,77.90,77.00,77.02,148
ETFW20L,20151020,242.62,244.28,242.62,244.28,11
EUCO,20151020,52.50,52.50,51.43,51.95,573
EUROCASH,20151020,48.82,49.25,48.40,49.00,695009
EUROHOLD,20151020,3.33,3.33,3.33,3.33,1
EUROTEL,20151020,17.00,17.38,16.92,17.38,1174
EVEREST,20151020,1.48,1.60,1.48,1.49,2624
FAMUR,20151020,1.90,1.93,1.86,1.87,16581
FARMACOL,20151020,62.45,63.20,61.46,62.20,37143
FASING,20151020,17.15,17.65,17.15,17.60,1598
FASTFIN,20151020,0.67,0.67,0.63,0.63,1600
FEERUM,20151020,21.97,21.97,21.04,21.04,28
FERRO,20151020,11.35,11.35,11.10,11.10,1132
FERRUM,20151020,4.85,4.85,4.70,4.70,2461
FON,20151020,0.65,0.75,0.65,0.72,544074
FORTE,20151020,52.60,53.46,52.50,52.50,107726
FORTUNA,20151020,11.23,11.23,11.23,11.23,91
FOTA,20151020,0.68,0.71,0.66,0.68,112642
GETIN,20151020,1.66,1.66,1.62,1.66,187851
GETINOBLE,20151020,0.95,0.97,0.95,0.95,5673111
GINOROSSI,20151020,2.53,2.54,2.50,2.54,9376
GLCOSMED,20151020,4.42,4.42,4.30,4.42,939
GORENJE,20151020,21.50,21.50,21.50,21.50,1
GPW,20151020,38.57,40.50,38.52,40.05,30209
GRAAL,20151020,31.47,32.37,31.47,32.00,1318
GRAJEWO,20151020,26.95,26.95,26.00,26.50,12345
GREMMEDIA,20151020,1.85,1.95,1.79,1.95,8507
GROCLIN,20151020,14.40,14.50,14.25,14.36,13332
GRODNO,20151020,5.50,5.69,5.50,5.69,2500
GRUPAAZOTY,20151020,93.13,95.88,92.21,95.88,48059
GTC,20151020,7.00,7.06,6.80,6.97,98302
GTC-PDA,20151020,6.91,6.91,6.82,6.82,2100
HANDLOWY,20151020,87.00,87.94,86.50,86.89,68063
HARPER,20151020,1.94,1.94,1.92,1.92,3801
HAWE,20151020,1.06,1.06,1.01,1.05,1376241
HELIO,20151020,4.19,4.46,4.19,4.46,5475
HERKULES,20151020,4.10,4.10,4.04,4.10,17483
HUBSTYLE,20151020,1.07,1.09,1.04,1.04,4004
HYDROTOR,20151020,37.50,37.50,37.50,37.50,67
HYPERION,20151020,3.44,3.44,3.44,3.44,20
IDEABANK,20151020,25.55,25.65,25.55,25.65,227
IDMSA,20151020,1.55,1.55,1.47,1.54,2568
IFCAPITAL,20151020,3.75,4.10,3.75,4.08,57072
IFSA,20151020,0.73,0.88,0.73,0.88,208243
IMCOMPANY,20151020,6.50,6.59,6.40,6.50,643
IMMOBILE,20151020,2.39,2.39,2.28,2.28,40890
IMPEL,20151020,27.89,27.89,27.60,27.87,41
IMPERA,20151020,1.55,1.60,1.55,1.55,510
IMPEXMET,20151020,2.68,2.69,2.67,2.68,50808
IMS,20151020,2.06,2.08,2.05,2.08,7120
INC,20151020,2.24,2.24,2.24,2.24,32
INDATA,20151020,0.88,0.91,0.88,0.90,21573
INDYGO,20151020,1.00,1.03,0.99,1.01,541935
INDYKPOL,20151020,95.45,95.45,93.00,94.00,844
INGBSK,20151020,128.50,130.55,127.50,130.55,3209
INPOST,20151020,24.00,24.04,22.24,23.00,27759
INPRO,20151020,3.93,3.93,3.93,3.93,1
INSTALKRK,20151020,12.49,13.25,12.45,13.00,19629
INTEGERPL,20151020,119.75,121.90,119.75,120.00,21583
INTERAOLT,20151020,17.25,18.00,17.25,18.00,330
INTERBUD,20151020,2.74,2.80,2.51,2.67,59339
INTERCARS,20151020,240.00,241.00,238.90,240.00,1653
INTERSPPL,20151020,2.75,2.93,2.75,2.91,29141
INTROL,20151020,9.89,9.89,9.89,9.89,20
INVISTA,20151020,2.24,2.27,2.19,2.19,7745
INVPEFIZ,20151020,917.99,918.00,906.20,918.00,39
IPOPEMA,20151020,2.99,2.99,2.81,2.94,6392
IQP,20151020,0.82,0.82,0.82,0.82,3876
IVMX,20151020,5.95,5.95,5.94,5.94,5682
IZOBLOK,20151020,115.00,117.00,115.00,117.00,165
IZOLACJA,20151020,1.25,1.25,1.25,1.25,1
IZOSTAL,20151020,4.42,4.42,4.42,4.42,78
JHMDEV,20151020,1.41,1.49,1.41,1.49,5577
JSW,20151020,12.50,12.69,12.50,12.68,101782
JWCONSTR,20151020,5.09,5.09,4.98,5.01,27890
K2INTERNT,20151020,14.00,14.40,14.00,14.39,3970
KANIA,20151020,2.91,2.91,2.87,2.87,2172
KBDOM,20151020,3.00,3.00,3.00,3.00,1
KERDOS,20151020,0.60,0.61,0.59,0.60,632973
KERNEL,20151020,54.80,54.80,54.03,54.69,92149
KETY,20151020,276.55,279.30,274.00,274.95,10004
KGHM,20151020,90.52,92.85,88.63,92.20,703643
KINOPOL,20151020,14.75,14.75,14.09,14.30,1307
KOFOLA,20151020,56.40,56.40,56.40,56.40,30
KOGENERA,20151020,71.90,72.45,71.90,72.45,136
KOMPUTRON,20151020,8.90,9.40,8.90,9.00,36990
KONSSTALI,20151020,34.40,36.58,33.00,35.99,1973
KOPEX,20151020,6.05,6.05,5.96,6.00,2877
KRAKCHEM,20151020,4.14,4.20,4.09,4.19,1007
KREC,20151020,7.71,7.72,7.60,7.72,1010
KREDYTIN,20151020,26.65,27.00,26.53,26.99,389
KREZUS,20151020,4.68,4.68,4.51,4.51,18831
KRKA,20151020,268.05,269.00,253.00,258.00,1222
KRUK,20151020,181.05,185.00,181.05,185.00,4372
KRUSZWICA,20151020,48.00,49.50,48.00,49.50,423
KSGAGRO,20151020,1.18,1.25,1.15,1.23,17163
LCCORP,20151020,1.99,2.00,1.97,2.00,61623
LENA,20151020,4.46,4.46,4.40,4.40,1547
LENTEX,20151020,8.89,8.89,8.84,8.88,1062
LIBET,20151020,2.40,2.51,2.40,2.43,17338
LIVECHAT,20151020,35.80,35.85,35.50,35.80,529
LOTOS,20151020,29.85,29.91,29.45,29.60,163653
LPP,20151020,7599.95,7695.95,7515.00,7645.40,1307
LSISOFT,20151020,4.40,4.45,4.25,4.37,2858
LUBAWA,20151020,1.10,1.11,1.08,1.10,81987
MABION,20151020,48.25,48.80,48.20,48.76,1014
MAGELLAN,20151020,60.66,60.66,59.50,59.50,831
MARVIPOL,20151020,6.50,6.80,6.50,6.71,9431
MBANK,20151020,387.00,390.05,382.70,386.00,20207
MCI,20151020,11.98,12.15,11.98,12.14,17287
MCLOGIC,20151020,40.90,40.90,39.69,39.69,672
MEDIATEL,20151020,1.08,1.08,1.08,1.08,1770
MEDICALG,20151020,221.00,226.90,221.00,226.00,15710
MENNICA,20151020,13.69,13.69,13.60,13.60,610
MERCATOR,20151020,18.16,18.39,18.05,18.15,2647
MERCOR,20151020,9.60,9.64,9.51,9.59,1571
MEXPOLSKA,20151020,4.10,4.19,4.04,4.19,1168
MFO,20151020,12.00,12.00,12.00,12.00,1
MIDAS,20151020,0.61,0.64,0.61,0.63,1489062
MILKILAND,20151020,1.83,2.07,1.83,2.05,348403
MILLENNIUM,20151020,6.57,6.72,6.56,6.71,1519240
MIRACULUM,20151020,2.62,2.73,2.58,2.66,3763
MIRBUD,20151020,1.10,1.10,1.08,1.09,21803
MLPGROUP,20151020,35.48,35.48,35.48,35.48,10
MNI,20151020,0.85,0.88,0.85,0.86,259568
MOBRUK,20151020,8.15,8.20,8.15,8.20,390
MOJ,20151020,1.14,1.21,1.14,1.21,2755
MOL,20151020,182.00,182.00,179.75,180.00,88
MONNARI,20151020,16.81,16.90,16.81,16.90,44534
MOSTALPLC,20151020,15.90,15.90,15.90,15.90,1
MOSTALWAR,20151020,14.48,14.48,14.01,14.20,9939
MOSTALZAB,20151020,1.83,1.83,1.80,1.81,18397
MUZA,20151020,3.18,3.18,3.18,3.18,5
MWTRADE,20151020,16.00,16.05,16.00,16.05,86
NETIA,20151020,5.48,5.48,5.40,5.43,206306
NETMEDIA,20151020,5.50,5.50,5.07,5.29,3137
NEUCA,20151020,341.00,342.00,337.00,337.85,295
NEWAG,20151020,16.58,16.58,16.10,16.20,8602
NFIEMF,20151020,3.10,3.12,3.10,3.12,150
NORTCOAST,20151020,5.70,5.70,5.70,5.70,45
NOVITA,20151020,51.55,51.95,51.00,51.93,150
NOWAGALA,20151020,1.33,1.40,1.32,1.40,40864
NTTSYSTEM,20151020,2.42,2.42,2.42,2.42,11
ODLEWNIE,20151020,2.36,2.36,2.33,2.35,8690
OPENFIN,20151020,4.00,4.10,3.91,3.91,14429
OPONEO.PL,20151020,23.48,23.48,21.64,21.91,22026
OPTEAM,20151020,9.80,10.05,9.80,9.81,999
ORANGEPL,20151020,7.38,7.45,7.16,7.19,2762221
ORBIS,20151020,58.80,59.41,58.00,58.00,1636
ORCOGROUP,20151020,1.08,1.09,1.02,1.08,8510
ORZBIALY,20151020,7.15,7.18,7.15,7.18,20
OTMUCHOW,20151020,6.45,6.45,6.30,6.30,565
OVOSTAR,20151020,89.00,89.00,88.88,88.88,43
PAGED,20151020,53.25,53.25,52.00,52.39,548
PAMAPOL,20151020,1.48,1.50,1.48,1.50,5501
PANOVA,20151020,18.81,18.91,18.75,18.75,1415
PBG,20151020,2.36,2.47,2.30,2.44,70320
PCCEXOL,20151020,3.12,3.12,3.12,3.12,35
PCCINTER,20151020,2.25,2.25,2.25,2.25,40
PCCROKITA,20151020,39.61,40.12,39.61,40.00,1160
PCM,20151020,43.30,43.50,43.15,43.20,1492
PEKABEX,20151020,11.90,11.90,11.45,11.45,8404
PEKAES,20151020,12.61,12.76,12.52,12.73,40706
PEKAO,20151020,154.00,156.45,153.85,156.10,340142
PELION,20151020,64.56,65.80,62.61,62.74,11715
PEP,20151020,25.55,26.00,25.50,25.70,6092
PEPEES,20151020,0.53,0.53,0.52,0.52,6378
PGE,20151020,14.27,14.33,14.12,14.23,2407685
PGNIG,20151020,6.76,6.88,6.76,6.85,3385511
PGODLEW,20151020,4.88,5.23,4.88,5.23,11279
PHN,20151020,19.19,19.85,19.13,19.77,10063
PKNORLEN,20151020,64.92,65.75,64.62,64.80,1170356
PKOBP,20151020,29.68,30.29,29.68,30.15,3613412
PKOGS,20151020,101.26,101.37,101.26,101.37,1901
PKPCARGO,20151020,65.90,67.24,65.03,66.50,14452
PLATYNINW,20151020,3.28,3.60,3.18,3.24,19039
POLICE,20151020,24.61,24.97,24.60,24.97,289
POLMED,20151020,3.22,3.27,3.15,3.27,2610
POLNA,20151020,25.00,25.30,25.00,25.01,1102
POLNORD,20151020,12.85,13.25,12.72,13.21,149708
POLWAX,20151020,15.89,15.99,15.85,15.98,4510
POZBUD,20151020,6.09,6.13,6.03,6.13,8120
PRAGMAFA,20151020,12.89,12.89,12.89,12.89,168
PRAGMAINK,20151020,12.15,12.15,11.86,11.86,1213
PRAIRIE,20151020,0.95,1.02,0.92,1.00,153199
PRESCO,20151020,5.09,5.14,5.05,5.14,1695
PRIMAMODA,20151020,1.46,1.56,1.44,1.56,2592
PROCAD,20151020,1.69,1.69,1.64,1.68,8504
PROCHEM,20151020,16.40,16.87,16.10,16.87,2687
PROCHNIK,20151020,1.20,1.20,1.18,1.18,81271
PROJPRZEM,20151020,7.15,7.15,7.02,7.02,46
PROTEKTOR,20151020,3.09,3.09,3.05,3.05,2698
PROVIDENT,20151020,24.00,24.00,23.90,23.90,27
PSG,20151020,0.69,0.69,0.67,0.69,35
PTI,20151020,0.50,0.54,0.49,0.51,1251235
PULAWY,20151020,174.80,174.80,171.00,173.95,498
PZU,20151020,382.95,384.80,379.25,382.45,195624
QUERCUS,20151020,6.24,6.30,6.19,6.30,1333
QUMAK,20151020,10.14,10.16,9.70,10.15,74805
RADPOL,20151020,6.70,6.70,6.70,6.70,2
RAFAKO,20151020,6.65,6.72,6.63,6.65,17845
RAINBOW,20151020,25.50,25.50,25.50,25.50,854
RANKPROGR,20151020,1.58,1.59,1.58,1.59,7000
RAWLPLUG,20151020,9.00,9.25,8.80,8.93,11823
RCCOFAOPEN,20151020,2.82,2.82,2.82,2.82,265
RCCRUAOPEN,20151020,9.23,9.23,9.09,9.14,11959
RCGBSH10916,20151020,930.75,930.75,930.75,930.75,50
RCGBSH11116,20151020,1059.09,1059.51,1059.09,1059.51,159
RCGLDAOPEN,20151020,438.83,441.17,438.42,441.17,10
RCIDXB11018,20151020,995.40,995.40,995.40,995.40,10
RCLNAGOPEN,20151020,6.70,6.70,6.70,6.70,2300
RCSFW2OPEN,20151020,106.90,106.90,106.90,106.90,30
RCSILAOPEN,20151020,59.26,59.26,59.20,59.25,75
REDAN,20151020,2.31,2.42,2.31,2.39,13166
REDWOOD,20151020,5.85,6.03,5.85,6.03,11
REINHOLD,20151020,0.50,0.54,0.50,0.54,8900
RELPOL,20151020,6.18,6.46,6.18,6.46,7278
REMAK,20151020,21.50,22.40,21.31,22.40,1144
RESBUD,20151020,1.50,1.90,1.50,1.90,151051
ROBYG,20151020,2.47,2.55,2.47,2.53,618454
RONSON,20151020,1.33,1.40,1.33,1.40,23675
ROPCZYCE,20151020,22.00,22.00,21.53,21.60,650
RUBICON,20151020,1.31,1.33,1.31,1.31,2483
SANOK,20151020,58.00,58.00,57.98,58.00,2178
SANTANDER,20151020,22.98,22.98,22.98,22.98,1
SCOPAK,20151020,3.13,3.13,3.10,3.10,264
SECOGROUP,20151020,20.49,20.49,20.49,20.49,131
SEKO,20151020,5.74,5.74,5.50,5.50,104
SELENAFM,20151020,18.06,18.50,18.06,18.50,400
SELVITA,20151020,21.00,22.30,20.95,22.20,12253
SERINUS,20151020,2.10,2.10,2.05,2.06,15205
SFINKS,20151020,3.75,3.75,3.51,3.65,37606
SILVANO,20151020,5.60,5.60,5.35,5.38,3225
SIMPLE,20151020,9.27,9.35,9.27,9.35,1537
SKARBIEC,20151020,32.22,33.50,32.22,33.50,916
SKOK,20151020,1.58,1.60,1.58,1.60,3877
SKOTAN,20151020,0.57,0.62,0.57,0.60,471845
SMT,20151020,16.99,17.00,16.80,17.00,5753
SNIEZKA,20151020,55.00,55.00,53.16,53.16,11
SOBIESKI,20151020,78.72,78.72,75.00,75.00,7
SOHODEV,20151020,1.20,1.21,1.13,1.21,9256
SOLAR,20151020,1.43,1.43,1.42,1.43,9396
SONEL,20151020,12.65,12.65,12.65,12.65,10
STALEXP,20151020,3.14,3.17,3.11,3.13,43452
STALPROD,20151020,318.00,326.90,313.00,323.00,1882
STALPROFI,20151020,11.75,11.75,11.75,11.75,37
STAPORKOW,20151020,5.18,5.42,5.16,5.20,10293
STARHEDGE,20151020,0.77,0.77,0.72,0.72,2176
SUNEX,20151020,0.23,0.24,0.22,0.23,1808818
SUWARY,20151020,10.70,10.70,10.70,10.70,2
SWISSMED,20151020,1.87,1.87,1.86,1.86,3852
SYGNITY,20151020,9.01,9.12,9.01,9.12,4515
SYNEKTIK,20151020,16.05,16.05,15.90,15.99,527
SYNTHOS,20151020,3.81,3.83,3.78,3.78,958196
TARCZYNSKI,20151020,13.50,13.50,13.31,13.31,120
TATRY,20151020,100.00,100.00,100.00,100.00,40
TAURONPE,20151020,3.21,3.23,3.17,3.17,2327932
TELL,20151020,11.80,11.80,11.80,11.80,258
TERESA,20151020,15.27,15.29,15.27,15.27,1010
TERMOREX,20151020,2.80,2.90,2.79,2.84,930
TESGAS,20151020,3.69,3.81,3.65,3.65,16373
TFONE,20151020,2.84,2.96,2.83,2.91,93369
TIM,20151020,8.50,9.48,8.50,9.29,15957
TORPOL,20151020,11.80,12.00,11.80,11.87,16932
TOYA,20151020,5.72,5.72,5.23,5.33,23374
TRAKCJA,20151020,9.77,10.00,9.77,10.00,30888
TRANSPOL,20151020,4.61,4.61,4.61,4.61,200
TRITON,20151020,2.07,2.07,2.07,2.07,56
ULMA,20151020,78.40,78.40,78.40,78.40,1
UNIBEP,20151020,11.00,11.49,10.85,10.98,3389
UNICREDIT,20151020,25.00,25.40,25.00,25.40,852
UNIMA,20151020,2.22,2.30,2.22,2.30,1982
UNISYS1AB,20151020,948.00,948.00,948.00,948.00,2
UNIWHEELS,20151020,113.50,114.10,113.50,114.10,3931
URSUS,20151020,2.86,2.90,2.84,2.87,65990
VANTAGE,20151020,2.53,2.60,2.53,2.60,1912
VARIANT,20151020,1.81,1.83,1.81,1.83,1050
VIGOSYS,20151020,256.10,270.00,256.10,266.00,114
VINDEXUS,20151020,5.55,6.05,5.54,6.04,79076
VISTAL,20151020,11.20,11.54,11.16,11.54,2275
VISTULA,20151020,2.85,2.89,2.78,2.83,151001
VOTUM,20151020,16.67,17.00,16.01,17.00,5317
VOXEL,20151020,17.02,17.02,16.49,16.99,1371
WADEX,20151020,4.30,4.77,4.30,4.52,2790
WARIMPEX,20151020,3.30,3.30,3.12,3.30,622
WASKO,20151020,1.90,1.90,1.87,1.88,6915
WAWEL,20151020,1270.00,1270.00,1260.00,1260.00,450
WDX,20151020,5.25,5.25,5.12,5.25,447
WIELTON,20151020,7.40,7.40,7.25,7.30,16696
WIKANA,20151020,1.60,1.70,1.60,1.70,1582
WILBO,20151020,1.28,1.29,1.25,1.29,25444
WINDMOBIL,20151020,7.90,7.90,7.85,7.85,598
WINDMOBIL-PDA,20151020,7.80,7.80,7.80,7.80,45
WINVEST,20151020,4.10,4.10,3.85,4.00,318
WIRTUALNA,20151020,39.65,39.70,39.42,39.65,1608
WOJAS,20151020,7.03,7.25,7.00,7.21,10487
WORKSERV,20151020,15.46,15.90,15.46,15.90,219
YAWAL,20151020,4.76,4.76,4.31,4.70,5339
ZAMET,20151020,1.93,1.93,1.93,1.93,600
ZASTAL,20151020,0.67,0.71,0.67,0.70,79059
ZEPAK,20151020,13.05,13.34,13.05,13.10,15619
ZETKAMA,20151020,90.49,90.49,89.10,89.22,93
ZPUE,20151020,346.35,346.35,332.35,332.35,23
ZUE,20151020,8.20,8.20,8.15,8.15,539
ZYWIEC,20151020,402.50,405.00,402.50,405.00,47
INVESTORMS,20151020,3757.71,3765.34,3757.71,3765.34,102359.484
MWIG40,20151020,3768.09,3792.10,3765.45,3792.10,76084.069
NCINDEX30,20151020,1032.07,1044.83,1029.47,1038.37,4175.382
RESPECT,20151020,2622.62,2637.16,2621.12,2634.29,362840.294
SWIG80,20151020,13461.89,13487.60,13440.98,13466.62,21932.752
WIG,20151020,51193.74,51465.12,51169.05,51442.51,723145.010
WIG-BANKI,20151020,6840.86,6881.82,6838.05,6881.82,213018.120
WIG-BUDOW,20151020,3104.94,3123.73,3104.94,3123.73,4091.213
WIG-CEE,20151020,754.40,754.40,747.35,747.35,6450.832
WIG-CHEMIA,20151020,15294.56,15439.10,15294.56,15439.10,9835.161
WIG-DEWEL,20151020,1488.87,1492.07,1488.87,1492.07,5747.935
WIG-ENERG,20151020,3379.50,3379.50,3359.99,3360.97,64192.202
WIG-INFO,20151020,1664.24,1664.24,1656.90,1657.79,25211.740
WIG-MEDIA,20151020,4427.71,4540.19,4427.71,4540.19,35942.072
WIG-PALIWA,20151020,4757.12,4762.78,4746.36,4746.36,104462.459
WIG-POLAND,20151020,52413.52,52586.81,52413.52,52586.81,715820.941
WIG-SPOZYW,20151020,3747.08,3747.08,3738.33,3738.33,6951.461
WIG-SUROWC,20151020,2858.65,2885.62,2858.65,2885.62,66897.250
WIG-TELKOM,20151020,889.42,889.42,872.62,872.62,23789.648
WIG-UKRAIN,20151020,394.95,394.95,391.43,391.43,5958.919
WIG20,20151020,2108.15,2119.62,2103.26,2116.81,609907.366
WIG20LEV,20151020,652.67,659.78,649.64,658.04,609907.366
WIG20SHORT,20151020,3733.93,3742.57,3713.67,3718.63,609907.366
WIG20TR,20151020,3468.20,3477.58,3466.45,3477.58,609907.366
WIG30,20151020,2347.95,2362.58,2344.88,2360.60,638056.826
WIG30TR,20151020,3821.75,3833.81,3820.84,3833.81,638056.826
WIGDIV,20151020,1091.15,1096.99,1089.95,1093.51,383142.640
08OCTAVA,20151020,1.24,1.24,1.24,1.24,1458
AMPLI,20151020,0.22,0.22,0.22,0.22,150
ARCUS,20151020,0.97,0.97,0.97,0.97,415
B3SYSTEM,20151020,0.68,0.68,0.68,0.68,70
BEDZIN,20151020,15.50,15.58,15.50,15.58,6164
BERLING,20151020,4.35,4.35,4.00,4.00,231
CASHFLOW,20151020,0.17,0.18,0.17,0.18,166
CCENERGY,20151020,0.07,0.07,0.07,0.07,1001
CFI,20151020,9.99,9.99,9.91,9.91,63
COALENERG,20151020,0.69,0.69,0.69,0.69,1420
COMPERIA,20151020,18.40,18.40,18.40,18.40,3000
DREWEX,20151020,1.11,1.11,1.11,1.11,400
EFH,20151020,0.06,0.06,0.06,0.06,82917
EKANCELAR,20151020,0.04,0.04,0.03,0.03,633418
HUTMEN,20151020,4.97,4.97,4.97,4.97,8514
IDEON,20151020,0.02,0.02,0.01,0.01,7500
KCI,20151020,0.03,0.03,0.03,0.03,60580
KDMSHIPNG,20151020,3.96,4.34,3.96,4.34,714
MEGARON,20151020,14.41,14.41,14.41,14.41,6
MIT,20151020,0.15,0.15,0.15,0.15,53195
MSXRESOUR,20151020,0.48,0.48,0.48,0.48,11936
NEWWORLDR,20151020,0.03,0.04,0.03,0.04,72000
PBOANIOLA,20151020,0.15,0.15,0.15,0.15,550
PBSFINANSE,20151020,3.50,3.50,3.45,3.45,860
PEIXIN,20151020,5.29,5.29,5.29,5.29,1
PETROLINV,20151020,0.15,0.16,0.15,0.16,224707
PLAZACNTR,20151020,0.14,0.14,0.14,0.14,744
POLIMEXMS,20151020,5.78,5.78,5.61,5.61,136512
REGNON,20151020,1.22,1.36,1.22,1.36,3897
ROVESE,20151020,1.39,1.39,1.39,1.39,5622
SANWIL,20151020,0.83,0.83,0.83,0.83,5000
SKYLINE,20151020,0.54,0.54,0.54,0.54,6
SKYSTONE,20151020,3.50,3.50,3.50,3.50,1287
WISTIL,20151020,37.00,37.00,37.00,37.00,129
ZREMB,20151020,1.14,1.14,1.14,1.14,5944
01CYBATON,20151020,3.28,3.38,3.20,3.27,67599
11BIT,20151020,69.60,69.80,68.50,69.80,3147
2CPARTNER,20151020,0.62,0.62,0.62,0.62,12
2INTELLECT,20151020,0.43,0.43,0.43,0.43,30
ABPOL,20151020,0.22,0.24,0.22,0.22,124697
ABSINVEST,20151020,1.81,1.86,1.80,1.83,35719
ACARTUS,20151020,0.28,0.28,0.28,0.28,9820
ACREBIT,20151020,1.98,2.06,1.98,2.06,490
ADFORM,20151020,8.48,8.48,8.00,8.00,182
ADMASSIVE,20151020,0.37,0.37,0.37,0.37,50
ADMIRAL,20151020,0.37,0.37,0.34,0.34,285683
ADVOCULAR,20151020,2.45,2.94,2.45,2.60,4040
AEDES,20151020,0.73,0.80,0.66,0.80,9554
AERFINANC,20151020,0.33,0.33,0.27,0.32,14496
AGROLIGA,20151020,15.74,15.74,15.74,15.74,1
AGROTOUR,20151020,0.47,0.47,0.47,0.47,20
AIRWAY,20151020,1.47,1.47,1.47,1.47,1678
AITON,20151020,1.10,1.20,1.10,1.20,315
AKCEPTFIN,20151020,0.46,0.48,0.46,0.48,4447
ALDA,20151020,1.40,1.40,1.35,1.35,223
ALEJA,20151020,0.25,0.26,0.23,0.26,19640
APANET,20151020,5.12,5.39,4.78,5.03,691
ARI,20151020,0.48,0.53,0.39,0.47,53854
ARRINERA,20151020,9.53,10.15,9.53,10.15,877
ARTBIZNES,20151020,0.35,0.35,0.35,0.35,30
ARTNEWMED,20151020,0.04,0.04,0.04,0.04,300
ARTNEWS,20151020,1.60,1.70,1.58,1.58,1202
ARTP,20151020,0.10,0.10,0.10,0.10,100
ASTORIA,20151020,3.75,3.75,3.75,3.75,13
ASTRO,20151020,2.25,2.25,2.25,2.25,223
ATCCARGO,20151020,2.88,2.88,2.88,2.88,3
ATONHT,20151020,0.18,0.18,0.18,0.18,300
AUTOSPA,20151020,4.38,4.40,4.38,4.40,1135
AZTEC,20151020,2.85,2.90,2.85,2.90,70
B2BPARTNER,20151020,0.15,0.17,0.15,0.17,15550
BALTICINV,20151020,0.89,0.90,0.86,0.90,51522
BBCONSULT,20151020,3.80,3.80,3.80,3.80,10
BDF,20151020,21.30,22.35,21.30,22.35,48
BGE,20151020,0.28,0.28,0.28,0.28,250
BGSENERGY,20151020,0.93,0.93,0.93,0.93,15000
BINARY,20151020,0.23,0.23,0.19,0.20,5558
BIOERG,20151020,0.23,0.23,0.22,0.22,1600
BIOGENED,20151020,12.30,12.30,12.30,12.30,1
BIOMASS,20151020,1.61,1.62,1.57,1.58,8761
BIOMAX,20151020,0.21,0.21,0.19,0.21,50165
BIOMAXIMA,20151020,4.10,4.10,4.10,4.10,5
BLACKPOIN,20151020,0.40,0.42,0.36,0.42,8002
BLIRT,20151020,1.79,1.79,1.79,1.79,22
BLOOBER,20151020,36.85,36.90,35.00,35.90,1379
BLUMERANG,20151020,1.07,1.07,1.07,1.07,10
BOA,20151020,0.33,0.33,0.33,0.33,100
BOMEDIA,20151020,1.00,1.00,1.00,1.00,1996
BOOMERANG,20151020,0.40,0.40,0.40,0.40,1250
BORUTA,20151020,0.25,0.27,0.23,0.24,4243909
BPC,20151020,0.51,0.51,0.51,0.51,20
BROADGATE,20151020,0.78,0.78,0.78,0.78,28
BVT,20151020,1.79,1.79,1.65,1.73,55330
CALESCO,20151020,1.32,1.32,1.32,1.32,10
CCS,20151020,1.09,1.09,1.09,1.09,300
CCTOOLS,20151020,0.26,0.26,0.26,0.26,59
CDE,20151020,0.14,0.16,0.14,0.16,10500
CENTURION,20151020,0.30,0.30,0.30,0.30,100
CEREALPLT,20151020,12.00,12.00,12.00,12.00,3
CFBPS,20151020,6.29,6.29,6.29,6.29,1
CLOUD,20151020,95.60,95.60,95.60,95.60,1
COLUMBUS,20151020,0.32,0.35,0.31,0.33,296812
COMECO,20151020,0.36,0.36,0.36,0.36,40
COPERNIC,20151020,12.56,13.50,11.74,12.68,175
CSY,20151020,3.64,3.64,3.64,3.64,7
CTE,20151020,5.35,5.35,5.35,5.35,1
CWPE,20151020,0.13,0.15,0.13,0.15,19590
DANKS,20151020,0.82,0.88,0.81,0.88,26500
DASE,20151020,0.44,0.44,0.44,0.44,30
DEKTRA,20151020,9.26,9.60,9.26,9.60,270
DENTAMDC,20151020,0.01,0.01,0.01,0.01,300
DEVORAN,20151020,0.45,0.52,0.45,0.52,2300
DIGITAL,20151020,0.21,0.24,0.21,0.24,66107
DOMLEK,20151020,17.70,17.70,17.70,17.70,1
DORADCY24,20151020,0.01,0.01,0.01,0.01,9400
EASTSIDE,20151020,1.64,1.64,1.57,1.64,1026
EC2,20151020,0.98,1.15,0.90,1.11,38563
ECA,20151020,1.46,1.46,1.46,1.46,10
ECERAMICS,20151020,0.01,0.01,0.01,0.01,81
ECOTECH,20151020,1.15,1.15,1.15,1.15,10
EFICOM,20151020,0.53,0.53,0.53,0.53,50
EFIXDM,20151020,13.40,13.40,13.40,13.40,1
EKIOSK,20151020,0.65,0.70,0.65,0.70,1515
EMMERSON,20151020,0.04,0.05,0.04,0.05,10913
EMONT,20151020,1.05,1.05,1.05,1.05,15
EONET,20151020,6.40,6.46,6.20,6.46,1756
EPIGON,20151020,0.17,0.17,0.17,0.17,5000
EQUITIER,20151020,1.93,1.93,1.82,1.82,294
ERNE,20151020,4.75,4.85,4.70,4.80,34881
ERS,20151020,0.28,0.28,0.28,0.28,50
ESKIMOS,20151020,0.32,0.32,0.32,0.32,100
EUROCENT,20151020,10.42,10.43,10.41,10.43,92
EUROTAX,20151020,2.60,2.60,2.60,2.60,1
EXAMOBILE,20151020,2.90,2.90,2.90,2.90,142
EXCELLENC,20151020,1.64,1.64,1.64,1.64,490
EZO,20151020,5.24,5.32,5.18,5.18,2387
FABRYKAKD,20151020,1.20,1.20,1.15,1.15,395
FACHOWCY,20151020,0.18,0.19,0.18,0.19,900
FARM51,20151020,13.01,13.39,12.90,13.33,31356
FHDOM,20151020,2.29,2.29,2.29,2.29,400
FLUID,20151020,0.89,0.91,0.87,0.91,26216
FLYPL,20151020,0.35,0.41,0.34,0.36,13697480
FOREVEREN,20151020,0.48,0.49,0.46,0.49,198625
FUTURIS,20151020,0.93,0.93,0.93,0.93,20
GALVO,20151020,1.65,1.65,1.65,1.65,20
GCINVEST,20151020,0.52,0.57,0.52,0.57,1800
GENRG,20151020,0.13,0.14,0.13,0.13,40394
GEOTRANS,20151020,6.46,6.46,6.40,6.40,307
GLGPHARMA,20151020,0.08,0.08,0.08,0.08,50000
GOLAB,20151020,0.35,0.35,0.35,0.35,11228
GONTYNIEC,20151020,1.35,1.35,1.35,1.35,330
GOTFI,20151020,9.10,9.55,9.10,9.55,145
GRAPHIC,20151020,0.59,0.59,0.49,0.55,4363
GREMPCO,20151020,0.13,0.14,0.12,0.14,8916
GRJAGUAR,20151020,0.88,0.88,0.88,0.88,200
GRUPAEMM,20151020,0.15,0.15,0.15,0.15,15
GRUPAHRC,20151020,2.86,2.86,2.86,2.86,10
GRUPAREC,20151020,13.19,13.19,13.19,13.19,2
GWARANT,20151020,3.22,3.22,3.22,3.22,500
HAMBURGER,20151020,1.23,1.23,1.23,1.23,10
HEFAL,20151020,0.25,0.25,0.25,0.25,100
HETAN,20151020,0.76,0.76,0.70,0.70,120
HOLLYWOOD,20151020,5.00,5.00,5.00,5.00,80
HURTIMEX,20151020,0.24,0.24,0.24,0.24,3500
HYDROPHI,20151020,0.19,0.19,0.19,0.19,8265
I3D,20151020,0.72,0.72,0.67,0.68,26694
IAI,20151020,5.49,5.49,5.30,5.30,25
IMAGIS,20151020,0.31,0.37,0.27,0.37,4606
INBOOK,20151020,0.43,0.43,0.36,0.43,1420
INCANA,20151020,0.66,0.66,0.66,0.66,50
INDEXMEDI,20151020,2.45,2.45,2.45,2.45,10
INFOSCAN,20151020,4.25,4.35,4.25,4.35,320
INFOSYS,20151020,0.93,0.95,0.93,0.95,2510
INFRA,20151020,0.88,0.90,0.85,0.85,17405
INNOGENE,20151020,8.12,8.15,7.80,7.88,5004
INTELIWIS,20151020,1.88,1.88,1.71,1.71,659
INVENTI,20151020,1.52,1.60,1.51,1.60,1700
IPODS,20151020,0.28,0.28,0.28,0.28,3380
IPOSA,20151020,0.06,0.06,0.06,0.06,150
ISIAG,20151020,1.60,1.60,1.60,1.60,1
IU,20151020,2.70,2.70,2.70,2.70,11
JANTAR,20151020,0.49,0.49,0.49,0.49,108
JRHOLDING,20151020,0.51,0.51,0.50,0.50,5000
JUJUBEE,20151020,6.57,7.43,6.55,7.20,6122
KANCELWEC,20151020,0.45,0.45,0.38,0.43,4705
KKHERBAL,20151020,0.34,0.34,0.34,0.34,40
KLASZTORNE,20151020,0.11,0.11,0.10,0.11,86572
KLEBAINV,20151020,3.90,3.90,3.90,3.90,8
KLON,20151020,1.60,1.75,1.60,1.75,1684
KME,20151020,3.33,3.36,3.13,3.36,442
KOMPLEKS,20151020,0.92,0.92,0.92,0.92,1
KORBANK,20151020,1.69,1.69,1.69,1.69,50
KUPIEC,20151020,2.75,2.75,2.35,2.55,1025
LABOPRINT,20151020,15.60,15.60,15.60,15.60,30
LAURENPES,20151020,0.03,0.03,0.03,0.03,400
LEASINGEX,20151020,0.39,0.43,0.35,0.35,3752
LEONIDAS,20151020,0.34,0.34,0.34,0.34,138
LETUS,20151020,0.15,0.15,0.13,0.13,104986
LGTRADE,20151020,0.54,0.54,0.54,0.54,500
LOYD,20151020,0.39,0.39,0.34,0.39,220
LSTECHHOM,20151020,1.07,1.09,1.01,1.09,33420
LUG,20151020,3.46,3.47,3.35,3.36,2675
LUXIMA,20151020,0.04,0.04,0.04,0.04,300
LZMO,20151020,1.45,1.45,1.45,1.45,1800
MADKOM,20151020,1.86,1.86,1.86,1.86,50
MAGNIFICO,20151020,0.15,0.15,0.15,0.15,5
MAKORA,20151020,1.13,1.14,1.13,1.14,1500
MARKA,20151020,2.35,2.35,2.35,2.35,10
MARSOFT,20151020,0.13,0.13,0.13,0.13,200
MBFGROUP,20151020,6.34,7.03,6.34,7.03,4914
MBPARTNER,20151020,0.03,0.03,0.03,0.03,303
MED,20151020,5.05,5.10,5.05,5.10,3070
MEDIACAP,20151020,2.35,2.57,2.35,2.55,36931
MEDIANPOL,20151020,0.44,0.44,0.44,0.44,30
MEGASONIC,20151020,6.28,6.28,6.28,6.28,200
MERA,20151020,1.59,1.72,1.59,1.72,4112
MERIT,20151020,0.28,0.28,0.28,0.28,50
MILESTONE,20151020,7.30,7.56,7.30,7.56,105
MILKPOL,20151020,0.23,0.23,0.23,0.23,1
MINERAL,20151020,0.52,0.52,0.52,0.52,1111
MINOX,20151020,0.07,0.08,0.07,0.08,639918
MODE,20151020,0.57,0.57,0.57,0.57,25
MOLMEDICA,20151020,0.02,0.02,0.02,0.02,280000
MORIZON,20151020,1.46,1.46,1.46,1.46,5001
MOTORICUS,20151020,0.51,0.60,0.51,0.60,5269
NANOTEL,20151020,2.85,2.85,2.85,2.85,1
NEPTIS,20151020,29.95,30.00,29.94,30.00,560
NETWISE,20151020,4.15,4.15,4.15,4.15,5
NFPL,20151020,0.18,0.18,0.18,0.18,500
NOVATIS,20151020,0.40,0.48,0.36,0.48,54317
NOVAVIS,20151020,1.20,1.22,1.10,1.17,45936
NOVINA,20151020,0.56,0.57,0.54,0.54,26031
NWAI,20151020,2.30,2.76,2.14,2.76,4622
ONICO,20151020,38.85,38.86,38.85,38.86,3885
OPENNET,20151020,1.76,1.82,1.76,1.82,300
ORGANIC,20151020,4.49,4.49,4.49,4.49,10
ORIONINV,20151020,98.93,98.93,98.93,98.93,1
PARTNER,20151020,0.07,0.07,0.07,0.07,100
PATFUND,20151020,0.34,0.38,0.34,0.38,2240
PCHVENTURE,20151020,0.37,0.38,0.34,0.34,1850
PFMEDICAL,20151020,37.79,37.79,30.89,33.98,474
PGPPOLONI,20151020,1.60,1.80,1.36,1.79,22860
PGSSOFT,20151020,7.85,7.95,7.80,7.95,5222
PHARMENA,20151020,19.60,19.60,19.60,19.60,1
PHOTON,20151020,0.72,0.78,0.71,0.75,63378
PIK,20151020,0.34,0.39,0.28,0.28,720
PILAB,20151020,40.20,41.92,39.00,40.99,1269
PLATIGE,20151020,12.89,12.89,12.89,12.89,1
POLFA,20151020,0.32,0.32,0.32,0.32,150
PPRICE,20151020,0.04,0.04,0.04,0.04,32225
PRESTO,20151020,0.70,0.70,0.70,0.70,11032
PRIME,20151020,30.10,32.10,30.00,30.00,12712
PROLOG,20151020,8.52,8.52,8.52,8.52,250
PROMISE,20151020,3.43,3.43,3.43,3.43,9999
PRYMUS,20151020,5.07,5.07,5.07,5.07,5
PYLON,20151020,0.20,0.20,0.20,0.20,2
RAJDY4X4,20151020,0.06,0.06,0.06,0.06,95746
ROBINSON,20151020,11.80,11.80,11.00,11.80,126
ROCCA,20151020,0.40,0.40,0.40,0.40,20
ROVITA,20151020,0.24,0.24,0.24,0.24,100
RSY,20151020,6.92,6.92,6.00,6.92,47
RUCHCHORZ,20151020,0.24,0.24,0.24,0.24,230
RUNICOM,20151020,0.56,0.56,0.56,0.56,30
SAPLING,20151020,0.28,0.28,0.28,0.28,1901
SFD,20151020,0.44,0.44,0.44,0.44,3170
SFERANET,20151020,0.72,0.72,0.72,0.72,420
SFKPOLKAP,20151020,6.49,6.50,6.30,6.50,1422
SILVACG,20151020,0.01,0.01,0.01,0.01,205
SMOKESHOP,20151020,0.33,0.33,0.33,0.33,80
SPC,20151020,0.05,0.05,0.05,0.05,250
STANUSCH,20151020,8.50,8.50,8.49,8.50,95
STEMCELLS,20151020,1.19,1.19,1.19,1.19,10
SUMMALING,20151020,5.50,5.50,5.50,5.50,5
SURFLAND,20151020,0.78,0.78,0.75,0.75,700
SWISSPSM,20151020,0.30,0.30,0.30,0.30,100
SZAR,20151020,0.07,0.07,0.07,0.07,200
T2INVEST,20151020,1.75,1.75,1.75,1.75,10
TABLEO,20151020,0.57,0.73,0.49,0.67,28584
TAMEX,20151020,0.53,0.55,0.53,0.55,8490
TAXNET,20151020,0.55,0.55,0.45,0.49,13381
TAXUSFUND,20151020,0.06,0.06,0.06,0.06,22
TECHMADEX,20151020,20.00,20.16,19.88,20.16,85
TELGAM,20151020,0.23,0.24,0.23,0.24,3000
TERMOEXP,20151020,1.80,1.80,1.70,1.70,29
TILIA,20151020,1.32,1.40,1.21,1.40,1590
TRICEPS,20151020,0.51,0.55,0.41,0.46,19196
TROPHYRES,20151020,3.16,3.16,3.16,3.16,5
UNIMOT,20151020,13.30,13.30,13.30,13.30,5
UNITED,20151020,0.60,0.60,0.56,0.60,5624
VAKOMTEK,20151020,1.19,1.19,1.19,1.19,13
VCP,20151020,0.29,0.29,0.29,0.29,50
VELTO,20151020,0.30,0.30,0.28,0.30,7250
VENTUREIN,20151020,2.20,2.20,2.12,2.12,60
VERBICOM,20151020,2.44,2.44,2.44,2.44,400
VIATRON,20151020,5.91,5.91,5.91,5.91,80
VISION,20151020,0.01,0.01,0.01,0.01,30000
VIVID,20151020,6.89,7.29,6.83,7.15,156638
WBAY,20151020,4.25,4.25,4.25,4.25,10
WDBBU,20151020,2.96,2.96,2.96,2.96,5
WESTREAL,20151020,1.60,1.60,1.60,1.60,625
WIERZYCL,20151020,0.46,0.46,0.46,0.46,30
XPLUS,20151020,0.12,0.12,0.12,0.12,100
XSYSTEM,20151020,0.86,0.94,0.77,0.89,8170
YELLOWHAT,20151020,0.33,0.33,0.28,0.31,12935
YOURIMAGE,20151020,0.38,0.44,0.36,0.44,91452
NCINDEX,20151020,288.29,289.72,287.28,288.95,9973.562
2CP0416,20151020,87.50,89.90,87.50,89.90,134
2CP0517,20151020,85.00,85.00,84.99,85.00,55
ALR0321,20151020,104.00,104.00,104.00,104.00,10
ALR0421,20151020,103.00,103.07,103.00,103.07,8
BS20118,20151020,100.00,100.00,100.00,100.00,49
BST0319,20151020,99.50,99.50,99.50,99.50,10
CAP0318,20151020,98.50,98.50,98.50,98.50,48
CAP0618,20151020,100.00,100.00,100.00,100.00,8
CPS0721,20151020,101.40,101.40,101.40,101.40,79
CRS0416,20151020,99.00,99.00,99.00,99.00,10
CSV0217,20151020,98.40,98.40,98.40,98.40,1
DS0726,20151020,97.80,97.80,97.18,97.18,24
DS1017,20151020,106.94,106.94,106.94,106.94,4219
DS1019,20151020,113.15,113.15,113.15,113.15,4348
DS1021,20151020,118.35,118.35,118.35,118.35,3412
ECH0318,20151020,101.71,101.71,101.71,101.71,85
ECH0616,20151020,100.85,100.85,100.85,100.85,4
EGB1217,20151020,102.40,102.40,102.40,102.40,10
ERC0617,20151020,100.83,100.84,100.83,100.84,100
ERC0916,20151020,100.90,100.90,100.90,100.90,50
FFI0116,20151020,93.40,93.40,93.30,93.30,243
GHC0619,20151020,100.68,100.68,100.68,100.68,7
GHE0619,20151020,97.00,97.00,97.00,97.00,9
GHI0619,20151020,100.29,100.29,100.29,100.29,445
GNB0218,20151020,97.40,98.00,97.01,98.00,113
GNB0320,20151020,93.44,93.49,93.44,93.49,12
GNB0418,20151020,96.71,97.50,95.00,97.50,33
GNB0420,20151020,92.94,93.50,92.94,93.50,12
GNB0421,20151020,91.84,91.84,91.84,91.84,30
GNB0518,20151020,97.36,97.36,97.36,97.36,1
GNB0720,20151020,91.90,91.90,91.90,91.90,25
GNB0817,20151020,97.80,97.80,97.80,97.80,1
GNB0819,20151020,95.75,95.76,95.73,95.76,63
GNB1017,20151020,99.50,99.50,99.50,99.50,3
GNB1019,20151020,97.20,97.50,97.20,97.50,102
GNB1119,20151020,94.90,94.90,94.90,94.90,4
GTC0319,20151020,100.31,100.31,100.31,100.31,1
KLN0217,20151020,101.00,101.00,101.00,101.00,200
KME0916,20151020,100.30,100.30,100.30,100.30,1
KOS1117,20151020,99.87,99.87,99.87,99.87,1
KRS0316,20151020,70.00,70.00,70.00,70.00,70
KRU0317,20151020,103.80,103.80,103.80,103.80,3000
KRU0620,20151020,100.50,100.50,100.50,100.50,1
KRU1216,20151020,103.30,103.30,103.30,103.30,2500
LEX0616,20151020,26.00,26.00,26.00,26.00,2
MKR1116,20151020,97.90,97.90,97.90,97.90,1
MUL1116,20151020,100.00,100.00,100.00,100.00,140
MUR0418,20151020,99.70,99.70,99.70,99.70,190
MWT0216,20151020,99.60,99.60,99.60,99.60,141
OK0716,20151020,98.90,98.90,98.80,98.80,26
PBD0616,20151020,96.85,96.85,96.85,96.85,1
PBS0720,20151020,99.80,99.80,99.80,99.80,11
PBS1021,20151020,96.90,96.90,96.90,96.90,2
PCR0416,20151020,101.00,101.09,101.00,101.09,312
PCR0419,20151020,100.79,100.79,100.79,100.79,1
PCR0517,20151020,103.00,103.00,103.00,103.00,1
PCR0620,20151020,100.12,100.19,100.12,100.19,22
PCR1019,20151020,100.79,100.79,100.79,100.79,1
PKN0418,20151020,101.25,101.30,101.25,101.30,19000
PKN0517,20151020,100.60,100.60,100.60,100.60,528
PKN0617,20151020,100.68,100.68,100.68,100.68,5
PRF0218,20151020,100.35,100.35,100.35,100.35,1
PS0416,20151020,101.75,101.75,101.75,101.75,2
PS1016,20151020,103.05,103.05,103.05,103.05,2967
PTI1115,20151020,9.54,9.54,9.54,9.54,3
RBS1017,20151020,94.01,94.01,94.01,94.01,1
SFK1215,20151020,99.65,99.65,99.65,99.65,5
SMT0917,20151020,100.90,101.00,100.90,101.00,3
VTG0618,20151020,101.40,101.40,101.40,101.40,3
WLO0516,20151020,44.99,45.00,44.99,45.00,29
WMO0317,20151020,102.00,102.00,102.00,102.00,70
WS0922,20151020,120.07,120.07,120.07,120.07,14
WSE0717,20151020,104.99,105.00,104.99,105.00,6
WZ0117,20151020,99.97,99.97,99.97,99.97,39
WZ0119,20151020,99.10,99.10,99.10,99.10,25
WZ0126,20151020,96.50,96.50,96.50,96.50,2
