FACPM16,20151014,53.15,53.15,53.15,53.15,2,20
FACPZ15,20151014,55.62,55.66,55.62,55.65,6,19
FALRZ15,20151014,83.86,83.91,83.86,83.91,2,3
FCDRZ15,20151014,26.74,26.81,26.70,26.81,12,352
FCHF,20151014,389.40,389.90,389.29,389.80,36,2067
FCHFWS,20151014,389.40,389.90,389.29,389.80,36,882
FCHFZ15,20151014,389.40,389.90,389.29,389.80,36,882
FEUR,20151014,424.50,424.80,424.00,424.30,628,22702
FEURWS,20151014,424.50,424.80,424.00,424.30,628,11453
FEURZ15,20151014,424.50,424.80,424.00,424.30,628,11453
FJSWH16,20151014,12.75,12.75,12.75,12.75,1,103
FJSWM16,20151014,12.87,12.87,12.87,12.87,1,14
FJSWZ15,20151014,12.30,12.56,12.15,12.27,260,1978
FKGHM16,20151014,92.14,92.14,92.14,92.14,1,84
FKGHZ15,20151014,93.12,94.41,91.63,93.62,1447,1773
FLTSZ15,20151014,29.38,30.29,29.38,30.11,70,143
FLWBZ15,20151014,53.90,55.00,53.90,54.00,13,146
FOPLZ15,20151014,7.59,7.60,7.59,7.60,2,240
FPEOZ15,20151014,153.45,154.60,152.60,153.40,46,247
FPGEH16,20151014,14.65,14.65,14.65,14.65,1,73
FPGEZ15,20151014,14.52,14.64,14.26,14.40,759,2232
FPGNZ15,20151014,6.57,6.84,6.57,6.78,173,436
FPKNZ15,20151014,61.60,63.68,60.75,63.30,1015,2268
FPKOH16,20151014,31.20,31.20,31.20,31.20,1,63
FPKOM16,20151014,31.30,31.30,31.30,31.30,1,3
FPKOZ15,20151014,30.63,31.43,30.50,31.11,601,1948
FPZUH16,20151014,382.00,382.00,382.00,382.00,1,2
FPZUZ15,20151014,385.20,387.25,378.20,384.35,338,893
FTPEH16,20151014,3.23,3.27,3.18,3.18,14,33
FTPEZ15,20151014,3.27,3.29,3.19,3.21,214,904
FUSD,20151014,372.12,372.20,370.37,370.59,3669,22369
FUSDH16,20151014,372.06,372.84,371.14,371.60,106,2375
FUSDM16,20151014,373.62,373.62,373.62,373.62,1,78
FUSDV15,20151014,371.26,371.26,369.81,369.81,3,500
FUSDWS,20151014,371.26,371.26,369.81,369.81,3,500
FUSDZ15,20151014,372.12,372.20,370.37,370.59,3559,19372
FW20,20151014,2125,2144,2108,2125,16547,52442
FW20H1620,20151014,2125,2150,2119,2135,63,301
FW20M1620,20151014,2136,2136,2122,2122,3,121
FW20U1620,20151014,2105,2110,2098,2098,14,71
FW20WS,20151014,2125,2144,2108,2125,16467,51949
FW20Z1520,20151014,2125,2144,2108,2125,16467,51949
FW40Z15,20151014,3676,3690,3653,3657,372,2385
OW20C162400,20151014,20.14,20.14,20.14,20.14,1,78
OW20C162500,20151014,8.98,8.98,8.98,8.98,1,64
OW20C162600,20151014,3.46,3.46,3.46,3.46,1,195
OW20F162000,20151014,189.90,189.90,189.90,189.90,1,27
OW20F162500,20151014,16.60,16.60,16.60,16.60,2,36
OW20F162600,20151014,8.32,8.32,8.25,8.25,2,76
OW20I162000,20151014,182.35,193.65,182.35,193.65,3,6
OW20I162400,20151014,38.52,38.52,38.52,38.52,2,7
OW20I162500,20151014,22.71,22.71,22.71,22.71,2,10
OW20I162600,20151014,15.00,15.00,11.08,12.94,4,84
OW20J152075,20151014,43.20,55.85,42.76,55.00,13,75
OW20J152100,20151014,23.00,40.00,18.29,32.56,47,152
OW20J152125,20151014,10.00,20.67,6.00,11.60,133,179
OW20J152150,20151014,2.50,7.30,2.00,3.56,204,315
OW20J152175,20151014,2.00,2.00,1.00,1.00,49,126
OW20J152200,20151014,1.50,1.50,1.50,1.50,2,194
OW20J152300,20151014,0.20,0.20,0.20,0.20,1,195
OW20J152350,20151014,0.12,0.12,0.12,0.12,1,156
OW20K152150,20151014,29.39,29.39,29.39,29.39,5,38
OW20K152200,20151014,13.81,20.77,13.81,19.29,23,45
OW20K152250,20151014,5.40,7.69,5.40,7.69,10,48
OW20K152300,20151014,2.01,2.37,2.01,2.37,22,40
OW20L152050,20151014,112.00,112.00,112.00,112.00,1,49
OW20L152200,20151014,33.00,39.00,33.00,39.00,5,1253
OW20L152250,20151014,17.48,20.66,17.48,20.09,21,83
OW20L152300,20151014,9.85,13.58,8.08,13.58,39,445
OW20L152350,20151014,6.33,6.33,6.33,6.33,10,105
OW20L152400,20151014,2.46,3.33,2.46,3.33,10,328
OW20L152600,20151014,0.70,1.00,0.70,1.00,20,357
OW20O161700,20151014,6.51,7.20,6.51,7.20,2,68
OW20O161800,20151014,14.04,14.04,14.04,14.04,1,107
OW20O161900,20151014,29.39,29.39,26.96,26.96,2,138
OW20O162000,20151014,55.25,55.25,55.25,55.25,1,95
OW20O162200,20151014,126.50,126.50,126.50,126.50,1,79
OW20R161700,20151014,14.83,16.44,14.83,16.44,2,45
OW20R161800,20151014,26.30,26.30,26.30,26.30,1,68
OW20R161900,20151014,44.31,44.31,44.31,44.31,1,49
OW20U161700,20151014,24.54,24.54,24.54,24.54,1,23
OW20V151900,20151014,0.12,0.12,0.12,0.12,1,324
OW20V152000,20151014,0.66,0.66,0.30,0.30,5,204
OW20V152050,20151014,2.01,2.01,0.50,0.50,67,147
OW20V152075,20151014,4.35,4.35,1.00,2.01,233,145
OW20V152100,20151014,6.75,11.23,3.00,5.20,245,258
OW20V152125,20151014,24.44,24.50,8.77,14.26,125,131
OW20V152150,20151014,39.50,39.50,19.21,27.61,35,101
OW20V152175,20151014,55.95,55.95,55.95,55.95,3,53
OW20W151800,20151014,2.00,2.00,2.00,2.00,30,97
OW20W151850,20151014,2.94,2.94,2.31,2.31,25,24
OW20W151900,20151014,4.52,4.58,4.08,4.10,14,23
OW20W152000,20151014,11.47,11.47,11.47,11.47,10,23
OW20W152050,20151014,25.30,25.30,19.66,19.66,8,37
OW20W152100,20151014,33.74,33.74,32.79,32.79,9,29
OW20W152150,20151014,63.50,63.50,62.35,62.35,2,15
OW20X151700,20151014,1.80,1.80,1.76,1.76,30,476
OW20X151750,20151014,2.60,3.10,2.60,2.81,25,115
OW20X151800,20151014,6.99,6.99,5.88,5.88,9,320
OW20X151900,20151014,13.75,14.40,12.50,12.79,37,3621
OW20X151950,20151014,20.11,20.11,20.11,20.11,1,57
OW20X152000,20151014,32.29,33.00,27.50,27.90,60,576
OW20X152100,20151014,58.70,58.70,58.70,58.70,2,1142
OW20X152150,20151014,81.75,81.75,81.75,81.75,1,31
OW20X152200,20151014,101.30,102.55,101.30,102.55,2,1230
06MAGNA,20151014,1.85,1.93,1.85,1.93,157
4FUNMEDIA,20151014,5.49,5.49,5.00,5.11,9786
AATHOLD,20151014,23.50,23.50,23.50,23.50,176
ABCDATA,20151014,3.18,3.18,3.10,3.15,22490
ABMSOLID,20151014,0.57,0.57,0.57,0.57,13850
ABPL,20151014,37.00,37.34,36.70,37.34,201
ACAUTOGAZ,20151014,29.47,30.89,29.47,30.89,30
ACE,20151014,11.04,11.49,11.02,11.37,20499
ACTION,20151014,24.90,25.10,24.39,24.39,12607
ADIUVO,20151014,24.43,24.43,24.00,24.38,1791
ADIUVO-PDA,20151014,24.24,24.24,23.49,24.24,851
AGORA,20151014,10.79,11.09,10.79,10.85,85153
AGROTON,20151014,1.16,1.23,1.16,1.22,24274
ALCHEMIA,20151014,4.92,4.92,4.90,4.92,33900
ALIOR,20151014,83.62,84.30,83.21,83.70,161629
ALMA,20151014,9.98,9.98,9.12,9.50,3680
ALTA,20151014,1.97,1.97,1.95,1.95,301
ALTUSTFI,20151014,10.80,10.87,10.64,10.69,22197
ALUMETAL,20151014,46.85,47.20,45.91,46.65,2563
AMBRA,20151014,8.70,8.70,8.65,8.65,13451
AMICA,20151014,164.50,164.50,162.00,163.00,754
AMREST,20151014,176.85,176.85,170.00,173.50,14418
APATOR,20151014,34.05,34.98,34.04,34.79,4445
APLISENS,20151014,12.75,12.75,12.75,12.75,1
APSENERGY,20151014,5.50,5.50,5.15,5.45,12334
ARCTIC,20151014,3.25,3.26,3.18,3.21,42854
ARK2FRN15,20151014,69.90,69.90,66.61,69.90,66
ARKASWE17,20151014,74.45,74.50,74.45,74.50,223
ARTERIA,20151014,15.00,15.00,15.00,15.00,1
ASBIS,20151014,1.11,1.11,1.04,1.06,406769
ASSECOBS,20151014,14.01,14.50,14.01,14.50,489
ASSECOPOL,20151014,54.97,56.38,54.62,54.94,153977
ASSECOSEE,20151014,9.89,9.89,9.89,9.89,5
ASTARTA,20151014,30.31,31.12,30.00,30.15,1727
ATAL,20151014,21.01,21.60,21.01,21.60,340
ATENDE,20151014,2.62,2.62,2.53,2.54,6962
ATLANTAPL,20151014,8.20,8.40,8.20,8.40,4220
ATLANTIS,20151014,0.66,0.72,0.64,0.71,343022
ATM,20151014,9.22,9.34,9.22,9.27,125
ATMGRUPA,20151014,3.30,3.44,3.30,3.44,13063
ATREM,20151014,4.81,4.90,4.77,4.90,943
AVIAAML,20151014,5.04,5.50,5.04,5.24,275
AVIASG,20151014,20.80,20.80,20.80,20.80,1
AWBUD,20151014,2.94,3.09,2.94,3.02,2114
BANKBPH,20151014,36.35,36.70,36.35,36.70,1273
BBIDEV,20151014,0.88,0.97,0.88,0.95,203073
BENEFIT,20151014,428.95,428.95,410.10,419.70,482
BETACOM,20151014,10.45,10.55,10.45,10.47,377
BGZBNPP,20151014,49.90,51.00,49.90,51.00,201
BIOMEDLUB,20151014,2.85,2.85,2.85,2.85,70
BIOTON,20151014,10.60,10.60,10.25,10.42,126968
BMPAG,20151014,2.70,2.70,2.64,2.64,1201
BOGDANKA,20151014,60.70,60.70,59.21,59.68,17898
BORYSZEW,20151014,5.14,5.14,5.08,5.10,65281
BOS,20151014,23.55,23.60,22.76,22.76,8403
BOWIM,20151014,2.22,2.22,2.22,2.22,3865
BPHFIZSN,20151014,44.90,45.00,44.90,45.00,382
BRASTER,20151014,13.10,13.43,13.00,13.28,5577
BRIJU,20151014,13.87,13.87,13.10,13.58,500
BSCDRUK,20151014,34.50,34.75,34.30,34.75,1019
BUDIMEX,20151014,207.60,210.85,205.65,209.00,2436
BUMECH,20151014,0.80,0.82,0.79,0.81,57036
BYTOM,20151014,3.15,3.15,3.05,3.15,139680
BZWBK,20151014,311.45,316.10,310.90,314.20,24470
CALATRAVA,20151014,0.61,0.62,0.60,0.62,54663
CAMMEDIA,20151014,6.32,6.32,6.05,6.05,4158
CAPITAL,20151014,2.20,2.25,2.20,2.20,3420
CCC,20151014,170.80,170.80,167.10,167.20,26179
CDPROJEKT,20151014,26.92,26.94,26.63,26.74,59220
CDRL,20151014,18.80,18.80,18.40,18.80,891
CELTIC,20151014,4.72,4.74,4.72,4.74,640
CEZ,20151014,77.55,78.13,76.76,76.76,1697
CHEMOS,20151014,2.00,2.17,1.94,1.99,331782
CIECH,20151014,71.70,71.85,67.17,69.30,174211
CIGAMES,20151014,21.40,23.39,21.20,23.35,147615
CNT,20151014,8.44,8.44,8.35,8.44,2039
COGNOR,20151014,1.22,1.23,1.19,1.22,20370
COLIAN,20151014,4.40,4.41,4.33,4.40,4175
COMARCH,20151014,119.00,120.95,119.00,120.50,21027
COMP,20151014,57.50,58.50,56.50,56.50,2308
CORMAY,20151014,1.73,1.73,1.68,1.73,113800
CORMAY-PDA,20151014,1.71,1.73,1.69,1.70,14450
CPGROUP,20151014,5.78,5.99,5.78,5.99,36681
CUBEITG,20151014,4.90,5.36,4.90,5.36,3
CYFRPLSAT,20151014,24.70,25.18,24.70,25.00,358610
CZTOREBKA,20151014,1.26,1.29,1.22,1.27,51681
DBW20S0317,20151014,96.08,96.08,96.08,96.08,300
DEBICA,20151014,80.17,80.17,80.00,80.00,677
DECORA,20151014,6.90,6.90,6.84,6.90,1149
DELKO,20151014,8.18,8.20,8.15,8.20,4046
DGA,20151014,5.80,5.80,5.80,5.80,1
DMWDM,20151014,0.35,0.37,0.35,0.36,59773
DOMDEV,20151014,50.12,50.12,49.12,49.12,658
DROZAPOL,20151014,2.08,2.25,2.08,2.25,309
DTP,20151014,4.66,4.66,4.40,4.56,1607
DUDA,20151014,5.90,5.90,5.80,5.80,492
DUON,20151014,3.32,3.39,3.32,3.38,180605
ECARD,20151014,3.95,3.96,3.80,3.94,577
ECHO,20151014,6.74,6.84,6.70,6.80,51441
EDINVEST,20151014,2.39,2.39,2.22,2.22,240
EFEKT,20151014,15.21,15.50,14.90,15.38,1006
EKOEXPORT,20151014,14.90,14.99,14.50,14.99,8425
ELBUDOWA,20151014,154.25,156.00,154.00,155.10,576
ELEKTROTI,20151014,17.80,17.80,17.35,17.50,5095
ELEMENTAL,20151014,4.29,4.29,4.21,4.21,60678
ELKOP,20151014,1.37,1.43,1.37,1.41,8846
EMCINSMED,20151014,14.99,14.99,14.99,14.99,1
EMPERIA,20151014,65.49,65.97,63.01,63.79,27094
ENAP,20151014,0.88,0.88,0.88,0.88,705
ENEA,20151014,13.70,13.75,13.50,13.50,285097
ENERGA,20151014,17.69,17.77,17.33,17.63,791553
ENERGOINS,20151014,10.51,10.51,10.23,10.48,2065
ERBUD,20151014,32.70,32.70,32.70,32.70,38
ERG,20151014,21.60,21.60,20.20,20.50,733
ERGIS,20151014,6.10,6.10,6.00,6.03,30519
ESOTIQ,20151014,33.20,33.20,33.20,33.20,50
ESSYSTEM,20151014,2.93,2.93,2.93,2.93,173
ETFDAX,20151014,406.00,407.00,403.28,406.92,383
ETFSP500,20151014,76.13,76.20,75.70,75.70,88
ETFW20L,20151014,244.02,247.12,243.45,245.06,154
EUCO,20151014,46.91,48.65,46.91,47.50,38
EUROCASH,20151014,45.55,47.67,45.13,47.00,478621
EUROHOLD,20151014,2.42,2.65,2.42,2.65,2
EUROTEL,20151014,17.25,17.33,17.13,17.33,468
EVEREST,20151014,1.80,1.80,1.62,1.62,493
FAMUR,20151014,1.91,1.91,1.88,1.89,13146
FARMACOL,20151014,62.50,63.12,62.22,62.22,10251
FASING,20151014,17.49,17.50,17.15,17.50,305
FASTFIN,20151014,0.62,0.70,0.61,0.70,109432
FEERUM,20151014,22.18,22.18,22.14,22.14,11
FERRO,20151014,11.34,11.35,10.86,11.35,10
FERRUM,20151014,4.86,4.86,4.76,4.76,311
FON,20151014,0.63,0.67,0.62,0.65,297016
FORTE,20151014,52.78,52.78,52.10,52.20,302
FORTUNA,20151014,11.52,12.00,11.50,12.00,488
FOTA,20151014,0.60,0.65,0.56,0.62,60563
GETIN,20151014,1.65,1.66,1.58,1.58,340461
GETINOBLE,20151014,0.94,0.95,0.92,0.93,3081117
GINOROSSI,20151014,2.45,2.46,2.41,2.45,272531
GLCOSMED,20151014,4.46,4.46,4.27,4.44,178
GORENJE,20151014,21.50,21.50,21.50,21.50,1
GPW,20151014,38.00,38.00,37.00,37.75,194639
GRAAL,20151014,32.45,32.54,31.60,31.86,4608
GRAJEWO,20151014,25.99,25.99,24.51,24.97,1125
GREMMEDIA,20151014,1.80,1.91,1.80,1.90,4821
GROCLIN,20151014,13.45,13.50,13.23,13.31,12531
GRODNO,20151014,5.70,5.70,5.63,5.64,1641
GRUPAAZOTY,20151014,91.45,91.45,89.90,91.00,22314
GTC,20151014,7.15,7.20,7.14,7.16,19709
GTC-PDA,20151014,7.13,7.16,7.02,7.09,2006
HANDLOWY,20151014,88.40,88.40,87.00,87.00,25329
HARPER,20151014,1.85,1.85,1.85,1.85,1
HAWE,20151014,1.03,1.04,1.02,1.02,389530
HELIO,20151014,4.19,4.19,4.19,4.19,5
HERKULES,20151014,4.26,4.26,4.26,4.26,18348
HUBSTYLE,20151014,0.96,1.10,0.96,1.04,34251
HYDROTOR,20151014,37.80,38.50,37.80,37.98,1155
HYPERION,20151014,3.53,3.54,3.53,3.53,28
IDEABANK,20151014,25.26,25.50,25.26,25.50,555
IDMSA,20151014,1.58,1.58,1.46,1.56,323
IFCAPITAL,20151014,1.80,2.17,1.80,2.17,344219
IFSA,20151014,0.63,0.79,0.59,0.79,448492
IIAAV,20151014,9.34,9.57,9.34,9.57,234
IMMOBILE,20151014,2.40,2.40,2.31,2.39,2749
IMPEL,20151014,27.99,27.99,27.93,27.93,8
IMPERA,20151014,1.52,1.52,1.52,1.52,10
IMPEXMET,20151014,2.72,2.73,2.69,2.73,16258
IMS,20151014,2.09,2.09,1.99,2.02,14580
INC,20151014,2.20,2.32,2.19,2.32,2201
INDATA,20151014,0.88,0.88,0.84,0.86,34905
INDYGO,20151014,1.03,1.06,0.98,1.00,758065
INDYKPOL,20151014,97.50,97.50,95.00,95.00,204
INGBSK,20151014,125.60,127.50,125.00,125.90,1242
INPOST,20151014,24.58,24.69,24.10,24.50,11280
INPRO,20151014,3.68,3.76,3.62,3.76,2073
INSTALKRK,20151014,11.11,11.52,11.00,11.52,1302
INTEGERPL,20151014,118.10,119.00,118.10,118.90,1769
INTERAOLT,20151014,18.00,18.01,17.99,18.01,950
INTERBUD,20151014,2.10,2.14,2.08,2.08,4967
INTERCARS,20151014,243.00,244.40,238.10,238.10,826
INTERSPPL,20151014,2.46,2.49,2.42,2.49,3436
INTROL,20151014,9.70,9.70,9.70,9.70,50
INVISTA,20151014,2.24,2.30,2.24,2.30,28887
INVPEFIZ,20151014,912.10,912.10,912.00,912.00,4
IPERMFIZ,20151014,60.99,60.99,60.99,60.99,48
IPOPEMA,20151014,2.90,2.97,2.90,2.97,1034
IQP,20151014,0.84,0.84,0.79,0.79,7451
IVMX,20151014,5.94,5.96,5.93,5.96,22351
IZOBLOK,20151014,107.50,112.00,105.50,111.80,10958
IZOLACJA,20151014,1.29,1.29,1.25,1.25,4380
IZOSTAL,20151014,4.50,4.50,4.45,4.45,225
JHMDEV,20151014,1.44,1.44,1.36,1.41,22586
JSW,20151014,12.36,12.55,12.13,12.25,235969
JWCONSTR,20151014,4.82,4.85,4.73,4.76,28334
K2INTERNT,20151014,13.30,13.30,13.00,13.15,2924
KANIA,20151014,2.90,2.90,2.85,2.89,4100
KBCASFIZ,20151014,96.00,96.00,96.00,96.00,20
KBDOM,20151014,2.85,2.85,2.82,2.85,528
KERDOS,20151014,0.62,0.63,0.59,0.60,2399812
KERNEL,20151014,53.39,53.67,52.31,52.66,147654
KETY,20151014,284.95,284.95,276.05,277.00,5414
KGHM,20151014,94.00,94.45,91.80,93.65,786668
KINOPOL,20151014,13.40,13.75,13.10,13.75,125
KOFOLA,20151014,56.00,56.00,56.00,56.00,1
KOGENERA,20151014,68.90,70.80,68.90,70.80,151
KOMPUTRON,20151014,8.91,8.91,8.63,8.66,5491
KONSSTALI,20151014,31.59,31.59,30.30,30.66,42321
KOPEX,20151014,6.11,6.13,5.90,5.94,57861
KRAKCHEM,20151014,4.24,4.24,4.00,4.01,118587
KREDYTIN,20151014,26.50,27.15,26.11,26.21,1261
KREZUS,20151014,4.61,4.65,4.50,4.59,11029
KRKA,20151014,270.00,270.00,270.00,270.00,10
KRUK,20151014,179.05,184.05,179.05,181.60,5699
KRUSZWICA,20151014,51.00,51.20,50.00,50.00,53
KSGAGRO,20151014,1.07,1.09,1.04,1.04,17556
LCCORP,20151014,1.98,1.99,1.97,1.97,43902
LENA,20151014,4.40,4.42,4.40,4.40,4530
LENTEX,20151014,8.90,9.03,8.82,9.03,1702
LIBET,20151014,2.44,2.49,2.43,2.49,3598
LIVECHAT,20151014,34.55,35.50,33.72,34.85,12488
LMDSFIZ,20151014,1139.90,1139.90,1139.90,1139.90,3
LOTOS,20151014,29.32,30.48,29.32,30.48,158469
LPP,20151014,7760.50,7820.00,7537.40,7600.00,720
LSISOFT,20151014,4.58,4.58,4.58,4.58,33
LUBAWA,20151014,1.12,1.13,1.09,1.11,355616
MABION,20151014,48.56,49.00,47.75,48.86,2825
MAGELLAN,20151014,57.20,58.35,57.20,57.71,5187
MAKARONPL,20151014,5.77,5.78,5.77,5.78,1325
MARVIPOL,20151014,6.82,6.86,6.82,6.86,860
MBANK,20151014,388.60,391.80,386.00,386.85,11202
MCI,20151014,12.09,12.15,12.05,12.14,10028
MCLOGIC,20151014,39.80,39.90,39.80,39.90,329
MEDIATEL,20151014,0.99,0.99,0.99,0.99,300
MEDICALG,20151014,205.40,208.20,203.05,207.00,2081
MENNICA,20151014,13.61,13.99,13.61,13.65,5022
MERCATOR,20151014,18.24,18.34,18.20,18.34,3897
MERCOR,20151014,9.65,9.86,9.50,9.75,894
MEXPOLSKA,20151014,4.35,4.35,4.05,4.20,8328
MFO,20151014,12.10,12.10,12.10,12.10,5
MIDAS,20151014,0.59,0.61,0.59,0.60,169412
MILKILAND,20151014,1.32,1.35,1.24,1.33,107313
MILLENNIUM,20151014,6.32,6.44,6.31,6.36,444851
MIRACULUM,20151014,2.72,2.76,2.65,2.70,6368
MIRBUD,20151014,1.10,1.10,1.09,1.09,81700
MLPGROUP,20151014,34.50,34.50,34.02,34.02,239
MNI,20151014,0.92,0.93,0.90,0.91,13343
MOBRUK,20151014,8.40,8.71,8.15,8.16,1356
MOL,20151014,178.15,180.65,178.15,180.00,240
MONNARI,20151014,17.00,17.08,16.64,16.90,21614
MOSTALPLC,20151014,15.00,15.00,15.00,15.00,183
MOSTALWAR,20151014,13.91,14.12,13.63,13.85,4343
MOSTALZAB,20151014,1.83,1.83,1.80,1.81,50928
MUZA,20151014,3.19,3.19,2.81,3.16,1089
MWTRADE,20151014,16.19,16.20,16.19,16.20,200
NETIA,20151014,5.44,5.50,5.44,5.50,27995
NETMEDIA,20151014,5.40,5.40,5.36,5.36,371
NEUCA,20151014,347.10,347.10,341.00,341.00,798
NEWAG,20151014,16.16,16.16,15.60,15.75,16449
NFIEMF,20151014,3.00,3.00,3.00,3.00,409
NORTCOAST,20151014,5.55,5.76,5.55,5.65,5217
NOVITA,20151014,51.45,51.49,50.20,51.49,151
NOWAGALA,20151014,1.31,1.31,1.31,1.31,50
NTTSYSTEM,20151014,2.40,2.40,2.18,2.40,11120
ODLEWNIE,20151014,2.41,2.41,2.41,2.41,70
OPENFIN,20151014,4.02,4.10,4.02,4.10,2032
OPONEO.PL,20151014,19.70,20.79,19.70,20.79,7766
OPTEAM,20151014,9.87,9.98,9.80,9.90,3410
ORANGEPL,20151014,7.61,7.61,7.53,7.55,1776120
ORBIS,20151014,55.92,55.92,55.20,55.30,1709
ORCOGROUP,20151014,1.13,1.13,1.13,1.13,200
ORZBIALY,20151014,6.95,6.98,6.95,6.98,33
OTMUCHOW,20151014,6.45,6.45,6.35,6.35,620
OVOSTAR,20151014,89.11,89.11,85.56,85.68,80
PAGED,20151014,52.80,52.80,52.49,52.50,44
PAMAPOL,20151014,1.57,1.58,1.55,1.55,22490
PANOVA,20151014,18.80,19.55,18.78,18.94,2094
PATENTUS,20151014,0.72,0.79,0.72,0.79,10817
PBG,20151014,2.07,2.14,2.05,2.10,85399
PCCEXOL,20151014,3.19,3.19,3.18,3.18,105
PCCINTER,20151014,2.20,2.20,2.20,2.20,1084
PCCROKITA,20151014,39.60,40.00,39.60,39.62,628
PCM,20151014,42.89,43.20,41.00,42.81,20154
PEGAS,20151014,119.00,119.00,119.00,119.00,10
PEKAES,20151014,12.15,12.75,12.15,12.46,525
PEKAO,20151014,152.85,154.80,152.30,153.00,254364
PELION,20151014,65.54,65.54,63.33,63.60,258
PEMANAGER,20151014,125.10,128.00,125.10,128.00,26
PEP,20151014,25.57,26.12,25.50,25.50,5837
PEPEES,20151014,0.53,0.53,0.51,0.51,190
PGE,20151014,14.59,14.66,14.26,14.30,3580661
PGNIG,20151014,6.60,6.84,6.58,6.75,2914080
PGODLEW,20151014,4.95,5.14,4.95,5.10,642
PHN,20151014,18.58,18.59,18.42,18.42,1066
PKNORLEN,20151014,61.80,63.63,61.80,63.00,1374698
PKOBP,20151014,30.67,31.43,30.44,31.05,2313540
PKOGS,20151014,100.70,101.27,100.70,101.23,2554
PKOSO,20151014,99.40,99.40,99.40,99.40,834
PKPCARGO,20151014,65.22,66.00,64.65,64.80,8069
PLASTBOX,20151014,2.23,2.25,2.22,2.25,1417
PLATYNINW,20151014,2.95,3.15,2.95,3.00,1266
PMPG,20151014,1.44,1.44,1.44,1.44,13
POLICE,20151014,25.40,25.40,25.00,25.00,2617
POLMED,20151014,3.28,3.28,3.27,3.27,2752
POLNA,20151014,24.89,24.89,23.87,23.87,3
POLNORD,20151014,12.88,12.88,12.55,12.55,66372
POLWAX,20151014,15.99,15.99,15.89,15.89,5297
POZBUD,20151014,5.90,5.97,5.85,5.97,9272
PRAGMAFA,20151014,12.80,12.80,12.80,12.80,5
PRAGMAINK,20151014,12.30,12.30,11.95,12.15,818
PRAIRIE,20151014,1.22,1.34,1.16,1.21,372877
PRESCO,20151014,5.20,5.20,4.90,5.13,3013
PRIMAMODA,20151014,1.42,1.42,1.42,1.42,1110
PROCAD,20151014,1.71,1.71,1.60,1.66,11503
PROCHEM,20151014,16.89,16.89,16.24,16.31,2106
PROCHNIK,20151014,1.13,1.22,1.12,1.16,197023
PROJPRZEM,20151014,7.44,7.44,6.87,7.31,11719
PROTEKTOR,20151014,3.07,3.12,3.06,3.12,1782
PSG,20151014,0.82,0.82,0.82,0.82,48
PTI,20151014,0.70,0.74,0.57,0.57,893264
PULAWY,20151014,165.95,167.55,165.95,167.55,698
PZU,20151014,382.30,387.90,378.15,384.00,254441
QUANTUM,20151014,6.40,6.40,5.95,5.95,1661
QUERCUS,20151014,6.12,6.20,6.11,6.16,3977
QUMAK,20151014,10.36,10.62,10.36,10.54,14612
RADPOL,20151014,6.69,6.69,6.65,6.67,1001
RAFAKO,20151014,6.65,6.65,6.60,6.63,7185
RAFAMET,20151014,14.69,14.69,14.69,14.69,15
RAINBOW,20151014,24.79,26.65,24.79,26.00,33929
RANKPROGR,20151014,1.62,1.62,1.55,1.57,8855
RAWLPLUG,20151014,9.17,9.17,9.14,9.15,308
RCCOFAOPEN,20151014,3.03,3.05,3.03,3.04,1328
RCCORAOPEN,20151014,11.11,11.15,11.11,11.15,120
RCCRUAOPEN,20151014,9.28,9.29,9.20,9.21,21609
RCGBSH10520,20151014,940.02,940.02,940.02,940.02,15
RCGBSH11116,20151014,1046.97,1046.97,1046.97,1046.97,18
RCGLDAOPEN,20151014,436.03,436.17,433.39,433.39,39
RCGSDG10319,20151014,1023.45,1023.45,1023.45,1023.45,2
RCGSDG10419,20151014,1019.53,1019.53,1019.53,1019.53,2
RCLLCOOPEN,20151014,15.78,15.78,15.78,15.78,1000
RCSDGP0717,20151014,1077.77,1077.77,1077.37,1077.37,35
RCSDGP0720,20151014,992.41,992.41,992.41,992.41,3
RCSILAOPEN,20151014,59.50,59.57,58.84,59.57,210
RCWHTAOPEN,20151014,8.40,8.40,8.40,8.40,70
REDAN,20151014,2.40,2.40,2.27,2.37,21452
REDWOOD,20151014,5.55,6.00,5.55,6.00,1635
REINHOLD,20151014,0.53,0.53,0.49,0.52,20055
RELPOL,20151014,6.25,6.35,6.25,6.35,2533
REMAK,20151014,19.30,19.80,19.10,19.80,2535
RESBUD,20151014,1.30,1.57,1.26,1.57,84366
ROBYG,20151014,2.49,2.49,2.42,2.49,31651
RONSON,20151014,1.44,1.44,1.37,1.37,2900
ROPCZYCE,20151014,20.50,20.50,20.40,20.40,39
RUBICON,20151014,1.17,1.28,1.17,1.28,3223
SANOK,20151014,57.50,57.50,57.15,57.15,919
SANTANDER,20151014,22.80,22.80,22.80,22.80,1
SCOPAK,20151014,3.84,3.84,2.81,3.03,27568
SELENAFM,20151014,19.15,19.15,17.70,18.72,746
SELVITA,20151014,21.50,21.50,20.90,21.50,2283
SERINUS,20151014,2.01,2.05,2.00,2.03,52256
SFINKS,20151014,3.56,3.56,3.35,3.50,29979
SILVANO,20151014,5.24,5.24,5.24,5.24,69499
SIMPLE,20151014,9.15,9.32,9.10,9.21,60607
SKARBIEC,20151014,31.13,31.13,29.61,30.22,2117
SKOK,20151014,1.59,1.59,1.59,1.59,371
SKOTAN,20151014,0.50,0.60,0.49,0.60,5878642
SMT,20151014,17.20,17.30,17.02,17.02,940
SNIEZKA,20151014,54.81,55.00,53.42,55.00,485
SOHODEV,20151014,1.18,1.22,1.18,1.22,277
SOLAR,20151014,1.39,1.51,1.35,1.40,90127
SONEL,20151014,12.40,12.40,12.39,12.39,504
STALEXP,20151014,3.15,3.20,3.10,3.14,949851
STALPROD,20151014,330.00,330.00,308.00,328.00,358
STALPROFI,20151014,11.41,11.85,11.41,11.85,791
STAPORKOW,20151014,5.12,5.27,5.05,5.20,2063
STARHEDGE,20151014,0.74,0.79,0.74,0.78,12916
SUNEX,20151014,0.32,0.33,0.25,0.25,19791402
SUWARY,20151014,11.89,11.89,10.83,10.83,102
SWISSMED,20151014,1.93,1.98,1.86,1.98,4334
SYGNITY,20151014,9.23,9.49,9.23,9.30,37928
SYNEKTIK,20151014,16.00,16.00,15.79,16.00,6661
SYNTHOS,20151014,3.87,3.88,3.82,3.82,319077
TALEX,20151014,18.14,18.14,17.90,17.90,73
TARCZYNSKI,20151014,13.30,13.35,13.30,13.30,199
TATRY,20151014,102.00,102.00,102.00,102.00,8
TAURONPE,20151014,3.27,3.29,3.17,3.17,6833485
TELL,20151014,11.99,12.00,11.99,12.00,228
TERMOREX,20151014,2.80,2.90,2.68,2.90,18385
TESGAS,20151014,3.45,3.45,3.34,3.34,337
TFONE,20151014,2.93,2.95,2.84,2.92,27473
TIM,20151014,8.60,8.70,8.13,8.50,3737
TORPOL,20151014,11.39,11.39,11.05,11.39,2954
TOYA,20151014,5.93,5.93,5.55,5.91,2120
TRAKCJA,20151014,9.69,9.80,9.68,9.73,86639
TRANSPOL,20151014,4.91,4.93,4.85,4.90,67059
TRITON,20151014,2.04,2.04,2.04,2.04,4400
ULMA,20151014,78.50,78.50,78.50,78.50,1
UNIBEP,20151014,11.59,11.59,11.30,11.30,2892
UNIMA,20151014,2.02,2.02,2.02,2.02,75
UNISYS1AB,20151014,942.00,942.00,942.00,942.00,10
UNIWHEELS,20151014,114.00,114.20,114.00,114.20,497
URSUS,20151014,2.78,2.84,2.77,2.81,89082
VANTAGE,20151014,2.43,2.51,2.43,2.51,2205
VARIANT,20151014,1.55,1.60,1.55,1.60,1424
VIGOSYS,20151014,260.00,260.00,255.00,260.00,58
VINDEXUS,20151014,5.79,5.79,5.60,5.70,5988
VISTAL,20151014,11.10,11.10,11.00,11.08,1961
VISTULA,20151014,3.00,3.00,2.96,2.97,43855
VOTUM,20151014,16.60,16.70,16.60,16.60,1140
VOXEL,20151014,16.57,16.57,16.47,16.50,445
WADEX,20151014,4.60,4.61,4.45,4.50,2010
WASKO,20151014,1.95,1.95,1.90,1.93,7675
WAWEL,20151014,1290.05,1317.85,1290.05,1306.15,11
WDX,20151014,4.92,5.27,4.80,5.20,11071
WIELTON,20151014,7.31,7.56,7.31,7.55,6281
WIKANA,20151014,1.66,1.71,1.65,1.71,22373
WILBO,20151014,1.21,1.27,1.17,1.27,100035
WINDMOBIL,20151014,7.80,8.00,7.80,8.00,26569
WINDMOBIL-PDA,20151014,7.80,7.80,7.74,7.74,97
WINVEST,20151014,3.70,4.00,3.70,4.00,8
WIRTUALNA,20151014,39.80,39.80,39.31,39.35,655
WOJAS,20151014,6.67,6.67,6.40,6.50,10326
WORKSERV,20151014,14.58,14.80,14.58,14.79,4350
YAWAL,20151014,5.04,5.20,5.03,5.19,5798
ZAMET,20151014,1.89,1.94,1.89,1.94,4062
ZASTAL,20151014,0.60,0.63,0.59,0.61,122139
ZEPAK,20151014,13.99,13.99,13.58,13.60,20450
ZETKAMA,20151014,88.89,88.89,87.50,88.00,273
ZPUE,20151014,355.00,357.15,336.85,336.85,199
ZUE,20151014,7.36,7.50,7.36,7.50,225
ZYWIEC,20151014,399.50,400.00,396.00,398.00,162
INVESTORMS,20151014,3734.96,3734.96,3729.06,3729.06,105538.244
MWIG40,20151014,3732.77,3734.06,3713.30,3713.30,68238.687
NCINDEX30,20151014,1040.86,1044.16,1030.39,1044.16,7184.704
RESPECT,20151014,2618.07,2640.38,2604.26,2625.53,409176.550
SWIG80,20151014,13372.30,13372.30,13288.26,13320.26,20338.750
WIG,20151014,51111.87,51488.55,50971.94,51174.59,676011.053
WIG-BANKI,20151014,6871.47,6914.83,6871.47,6876.40,145343.606
WIG-BUDOW,20151014,3060.25,3078.09,3060.25,3073.44,2267.158
WIG-CEE,20151014,755.40,755.77,752.57,752.57,8660.066
WIG-CHEMIA,20151014,15044.58,15044.58,14926.83,14926.83,15593.624
WIG-DEWEL,20151014,1467.44,1471.46,1467.44,1470.90,2205.233
WIG-ENERG,20151014,3408.86,3408.86,3391.16,3391.16,91881.984
WIG-INFO,20151014,1652.12,1652.12,1643.52,1643.52,18578.806
WIG-MEDIA,20151014,4471.19,4509.98,4471.19,4494.35,10046.692
WIG-PALIWA,20151014,4607.18,4658.15,4607.18,4658.15,111445.313
WIG-POLAND,20151014,52233.39,52486.01,52233.39,52329.00,666513.469
WIG-SPOZYW,20151014,3695.94,3704.58,3684.59,3684.59,8588.037
WIG-SUROWC,20151014,2901.29,2936.87,2901.29,2929.67,77243.874
WIG-TELKOM,20151014,904.43,905.50,904.43,904.64,14090.130
WIG-UKRAIN,20151014,380.40,384.98,379.54,379.54,8080.606
WIG20,20151014,2115.39,2136.06,2105.46,2118.97,565499.982
WIG20LEV,20151014,657.42,670.31,651.22,659.65,565499.982
WIG20SHORT,20151014,3719.78,3737.11,3683.71,3713.54,565499.982
WIG20TR,20151014,3470.97,3494.25,3470.97,3481.14,565499.982
WIG30,20151014,2349.86,2371.94,2342.33,2355.13,590766.690
WIG30TR,20151014,3815.18,3839.24,3815.18,3824.93,590766.690
WIGDIV,20151014,1093.19,1101.38,1087.46,1093.26,387202.247
08OCTAVA,20151014,1.25,1.25,1.25,1.25,413
ADVADIS,20151014,0.01,0.01,0.01,0.01,28000
AMPLI,20151014,0.20,0.21,0.20,0.21,13000
ARCUS,20151014,0.91,0.91,0.91,0.91,2700
AURUM,20151014,0.72,0.72,0.72,0.72,2000
B3SYSTEM,20151014,0.70,0.70,0.70,0.70,225
BEDZIN,20151014,14.89,14.89,14.89,14.89,5000
BERLING,20151014,4.35,4.35,4.35,4.35,5
CASHFLOW,20151014,0.16,0.16,0.16,0.16,7000
CFI,20151014,10.00,10.00,10.00,10.00,133
COALENERG,20151014,0.70,0.70,0.70,0.70,308
COMPERIA,20151014,18.41,18.99,18.41,18.99,154
DREWEX,20151014,1.10,1.20,1.10,1.20,5000
EFH,20151014,0.05,0.05,0.05,0.05,448
EKANCELAR,20151014,0.05,0.05,0.04,0.04,762096
FAM,20151014,1.50,1.50,1.50,1.50,2000
HUTMEN,20151014,4.97,5.05,4.97,5.05,24258
IBSM,20151014,0.66,0.68,0.66,0.68,1762
IDEON,20151014,0.02,0.02,0.02,0.02,25000
INTERFERI,20151014,4.50,4.50,4.50,4.50,587
KCI,20151014,0.03,0.03,0.03,0.03,496188
KDMSHIPNG,20151014,3.44,3.44,3.44,3.44,200
KOMPAP,20151014,8.49,8.49,8.49,8.49,50
MIT,20151014,0.15,0.16,0.15,0.16,113534
MSXRESOUR,20151014,0.57,0.57,0.55,0.55,31061
NEWWORLDR,20151014,0.03,0.03,0.03,0.03,2481954
PBOANIOLA,20151014,0.09,0.11,0.09,0.11,1122
PBSFINANSE,20151014,3.51,3.51,3.51,3.51,1099
PETROLINV,20151014,0.15,0.15,0.15,0.15,256959
PLAZACNTR,20151014,0.13,0.13,0.13,0.13,22500
POLCOLORIT,20151014,1.20,1.20,1.20,1.20,1366
POLIMEXMS,20151014,6.30,6.30,6.20,6.20,434082
REGNON,20151014,1.20,1.20,1.20,1.20,1743
ROVESE,20151014,1.40,1.40,1.40,1.40,140832
SANWIL,20151014,0.81,0.81,0.80,0.80,8842
SKYLINE,20151014,0.51,0.51,0.51,0.51,3924
SKYSTONE,20151014,3.30,3.30,3.30,3.30,4
WISTIL,20151014,37.00,37.00,37.00,37.00,1258
ZREMB,20151014,1.16,1.16,1.16,1.16,2481
01CYBATON,20151014,3.40,3.56,3.21,3.21,264433
11BIT,20151014,64.85,66.36,64.50,65.36,4817
2CPARTNER,20151014,0.62,0.62,0.62,0.62,13
2INTELLECT,20151014,0.43,0.43,0.43,0.43,30
ABPOL,20151014,0.27,0.30,0.25,0.26,334930
ABSINVEST,20151014,1.85,1.89,1.78,1.89,35444
ACARTUS,20151014,0.29,0.29,0.29,0.29,100
ADFORM,20151014,8.50,8.50,8.50,8.50,5
ADMASSIVE,20151014,0.31,0.31,0.31,0.31,5647
ADMIRAL,20151014,0.24,0.24,0.23,0.24,39842
ADVERTIGO,20151014,0.09,0.09,0.09,0.09,900
ADVOCULAR,20151014,2.46,2.46,2.22,2.46,1568
AEDES,20151014,0.77,0.77,0.77,0.77,100
AERFINANC,20151014,0.42,0.42,0.42,0.42,30
AGROLIGA,20151014,16.49,16.49,15.31,15.31,667
AGROMA,20151014,0.02,0.03,0.02,0.03,10362
AGROTOUR,20151014,0.46,0.46,0.45,0.46,13530
AIRWAY,20151014,1.40,1.54,1.40,1.50,77826
AITON,20151014,1.10,1.10,1.10,1.10,30
AKCEPTFIN,20151014,0.38,0.38,0.38,0.38,1
ALDA,20151014,1.20,1.44,1.20,1.44,83
ALEJA,20151014,0.23,0.25,0.22,0.23,23310
ALFASTAR,20151014,0.16,0.19,0.16,0.19,284
ALUMAST,20151014,0.91,0.96,0.91,0.96,610
APANET,20151014,4.80,4.80,4.61,4.61,1170
APIS,20151014,0.03,0.03,0.03,0.03,88
APS,20151014,3.15,3.15,3.15,3.15,1
AQUABB,20151014,13.70,13.70,13.33,13.33,25
ARI,20151014,0.50,0.54,0.47,0.54,13625
ARRINERA,20151014,8.85,9.30,8.85,9.30,1429
ARTBIZNES,20151014,0.35,0.35,0.35,0.35,50
ARTNEWS,20151014,1.61,1.65,1.61,1.65,591
ARTP,20151014,0.10,0.10,0.10,0.10,100
ASMGROUP,20151014,2.26,2.26,2.24,2.24,611
ASSETUS,20151014,1.12,1.12,1.12,1.12,22
ASTORIA,20151014,3.75,3.75,3.75,3.75,14
ATCCARGO,20151014,2.50,2.50,2.50,2.50,507
ATONHT,20151014,0.15,0.15,0.14,0.15,6600
AUTOSPA,20151014,3.29,3.29,3.29,3.29,5
AZTEC,20151014,2.82,2.89,2.82,2.89,150
B2BPARTNER,20151014,0.14,0.17,0.14,0.17,63443
BALTICINV,20151014,0.90,0.92,0.88,0.91,98704
BALTICON,20151014,14.50,14.50,14.50,14.50,48
BBCONSULT,20151014,3.84,3.84,3.84,3.84,20
BDF,20151014,16.00,17.14,16.00,17.14,103
BGE,20151014,0.25,0.25,0.24,0.24,2330
BINARY,20151014,0.24,0.24,0.22,0.22,35
BIOERG,20151014,0.23,0.23,0.23,0.23,200
BIOGENED,20151014,11.82,11.90,11.82,11.90,500
BIOMASS,20151014,1.73,1.73,1.62,1.67,8261
BIOMAX,20151014,0.20,0.20,0.18,0.18,232415
BIOMAXIMA,20151014,4.03,4.03,3.78,3.78,1065
BLACKPOIN,20151014,0.42,0.42,0.42,0.42,3306
BLIRT,20151014,1.81,1.81,1.81,1.81,6
BLOOBER,20151014,36.90,37.00,36.21,36.90,5936
BLUETAX,20151014,0.01,0.01,0.01,0.01,500
BLUMERANG,20151014,1.10,1.10,1.03,1.03,350
BOA,20151014,0.33,0.33,0.33,0.33,100
BOOMERANG,20151014,0.36,0.38,0.36,0.38,15800
BORUTA,20151014,0.36,0.39,0.31,0.31,5820299
BPC,20151014,0.48,0.48,0.48,0.48,30
BROADGATE,20151014,0.82,0.82,0.82,0.82,15
BVT,20151014,1.82,1.95,1.72,1.78,99788
CALESCO,20151014,1.32,1.32,1.32,1.32,14920
CCS,20151014,0.99,1.03,0.98,1.03,6432
CCTOOLS,20151014,0.27,0.27,0.26,0.27,16370
CDE,20151014,0.18,0.19,0.17,0.17,137694
CENTURION,20151014,0.31,0.31,0.31,0.31,150
CFBPS,20151014,6.29,6.29,6.29,6.29,1
CLOUD,20151014,94.00,94.00,94.00,94.00,8
COLUMBUS,20151014,0.31,0.32,0.29,0.29,238533
COMECO,20151014,0.37,0.37,0.37,0.37,50
COPERNIC,20151014,14.94,14.94,13.90,13.90,15
CORELENS,20151014,0.65,0.65,0.63,0.63,2200
CSY,20151014,3.64,3.64,3.64,3.64,12
CTE,20151014,5.15,5.15,5.10,5.15,1137
CWPE,20151014,0.16,0.19,0.16,0.18,9933
DANKS,20151014,0.83,0.87,0.83,0.87,12890
DASE,20151014,0.44,0.44,0.44,0.44,30
DEKTRA,20151014,9.59,9.59,9.59,9.59,42
DENTAMDC,20151014,0.01,0.01,0.01,0.01,300
DEVORAN,20151014,0.32,0.32,0.27,0.27,521
DOMENOMAN,20151014,0.54,0.54,0.49,0.49,19850
DOMLEK,20151014,17.70,17.70,17.70,17.70,1
DORADCY24,20151014,0.01,0.01,0.01,0.01,75001
DYWILAN,20151014,4.20,4.26,4.20,4.26,145
EASTSIDE,20151014,1.69,1.69,1.69,1.69,1101
EASYCALL,20151014,2.45,2.80,2.45,2.80,398
EBC,20151014,0.91,0.93,0.85,0.85,2600
EC2,20151014,1.18,1.31,1.10,1.14,61451
ECA,20151014,1.41,1.46,1.41,1.46,4100
ECERAMICS,20151014,0.01,0.01,0.01,0.01,1186448
ECOTECH,20151014,1.15,1.15,1.15,1.15,10
EDISON,20151014,1.34,1.34,1.34,1.34,75
EFENERGII,20151014,1.26,1.26,1.25,1.25,100
EFICOM,20151014,0.65,0.65,0.55,0.58,12900
EFIXDM,20151014,13.60,13.60,13.45,13.45,100
EGB,20151014,3.80,3.80,3.80,3.80,9
EKIOSK,20151014,0.72,0.72,0.58,0.71,8369
EMMERSON,20151014,0.05,0.05,0.05,0.05,87
EMONT,20151014,1.03,1.03,1.03,1.03,15
EONET,20151014,5.29,5.29,4.72,4.92,718
EPIGON,20151014,0.17,0.17,0.17,0.17,1000
ERNE,20151014,4.24,4.55,4.21,4.52,159613
ERS,20151014,0.28,0.28,0.28,0.28,50
ESKIMOS,20151014,0.30,0.30,0.30,0.30,100
EUROCENT,20151014,10.00,10.00,9.98,10.00,356
EUROSNACK,20151014,1.22,1.22,1.22,1.22,300
EUROTAX,20151014,2.65,2.65,2.63,2.63,7
EXAMOBILE,20151014,2.38,3.20,2.38,3.20,3830
EXCELLENC,20151014,1.64,1.64,1.64,1.64,10
EZO,20151014,5.06,5.30,5.03,5.30,1058
FABRYKAKD,20151014,1.36,1.55,1.30,1.30,2313
FACHOWCY,20151014,0.19,0.19,0.19,0.19,70
FARM51,20151014,13.00,14.00,12.77,14.00,44600
FLUID,20151014,0.91,0.92,0.90,0.91,93787
FLYPL,20151014,0.42,0.53,0.32,0.33,32577591
FOREVEREN,20151014,0.51,0.55,0.51,0.55,97655
FORPOSTA,20151014,1.01,1.01,1.01,1.01,2
FUTURIS,20151014,0.93,0.93,0.93,0.93,20
GALVO,20151014,1.51,1.51,1.51,1.51,100
GCINVEST,20151014,0.66,0.79,0.66,0.79,66000
GENOMED,20151014,16.50,16.50,16.50,16.50,30
GENRG,20151014,0.17,0.17,0.13,0.13,1044384
GEOTRANS,20151014,6.56,6.99,6.50,6.50,401
GOLAB,20151014,0.35,0.35,0.35,0.35,40
GONTYNIEC,20151014,1.35,1.35,1.35,1.35,20
GOTFI,20151014,8.85,8.85,8.85,8.85,60
GPPI,20151014,0.14,0.14,0.13,0.13,3930
GRAPHIC,20151014,0.30,0.32,0.30,0.31,30011
GREMPCO,20151014,0.13,0.13,0.13,0.13,750
GRJAGUAR,20151014,0.82,0.82,0.82,0.82,1057
GRUPAEMM,20151014,0.18,0.21,0.18,0.20,92622
GRUPAHRC,20151014,2.86,2.86,2.86,2.86,10
GRUPAREC,20151014,12.68,12.68,12.68,12.68,2
GWARANT,20151014,3.16,3.16,3.16,3.16,595
HAMBURGER,20151014,1.23,1.23,1.23,1.23,10
HEFAL,20151014,0.25,0.25,0.25,0.25,100
HETAN,20151014,0.78,0.78,0.68,0.68,1011
HOLLYWOOD,20151014,5.00,5.00,5.00,5.00,100
HOTBLOK,20151014,0.05,0.06,0.05,0.06,105200
HURTIMEX,20151014,0.22,0.22,0.22,0.22,3100
HYDRAPRES,20151014,0.38,0.38,0.38,0.38,2001
HYDROPHI,20151014,0.20,0.21,0.18,0.21,66749
I3D,20151014,0.68,0.68,0.68,0.68,20
IAI,20151014,5.49,5.49,5.49,5.49,5
IAP,20151014,0.53,0.53,0.53,0.53,500
ICPD,20151014,0.40,0.40,0.40,0.40,4000
IGORIA,20151014,1.03,1.15,0.95,1.12,12736
IMAGIS,20151014,0.24,0.24,0.24,0.24,285
INBOOK,20151014,0.44,0.44,0.38,0.44,4630
INCANA,20151014,0.67,0.67,0.67,0.67,20
INDEXMEDI,20151014,2.45,2.45,2.45,2.45,20
INFOSCAN,20151014,4.50,4.50,4.38,4.38,315
INFOSYS,20151014,0.88,0.88,0.81,0.81,3400
INFRA,20151014,0.85,0.97,0.80,0.90,93190
INNOGENE,20151014,8.00,8.00,7.91,8.00,1998
INTELIWIS,20151014,1.86,1.86,1.86,1.86,10
INVENTI,20151014,2.04,2.04,1.99,1.99,55
INVESTEKO,20151014,1.80,1.80,1.80,1.80,20
IPOSA,20151014,0.06,0.06,0.06,0.06,300
ISIAG,20151014,1.63,1.63,1.63,1.63,1
JANTAR,20151014,0.47,0.47,0.47,0.47,1608
JRHOLDING,20151014,0.52,0.52,0.50,0.50,35842
JUJUBEE-PDA,20151014,6.19,7.27,5.83,7.15,59423
KANCELWEC,20151014,0.47,0.47,0.40,0.47,623
KKHERBAL,20151014,0.34,0.34,0.34,0.34,40
KLASZTORNE,20151014,0.13,0.14,0.11,0.11,473769
KLEBAINV,20151014,4.00,4.00,4.00,4.00,6
KME,20151014,3.20,3.20,3.20,3.20,10
KORBANK,20151014,1.69,1.69,1.69,1.69,25
KUPIEC,20151014,2.79,2.79,2.24,2.68,3622
LABOPRINT,20151014,15.60,15.60,15.60,15.60,24
LAURENPES,20151014,0.03,0.03,0.03,0.03,16599
LEASINGEX,20151014,0.45,0.47,0.44,0.47,9267
LEONIDAS,20151014,0.29,0.34,0.29,0.34,529
LETUS,20151014,0.19,0.22,0.16,0.18,988484
LGTRADE,20151014,0.50,0.50,0.50,0.50,5000
LKDESIGN,20151014,6.40,6.40,6.40,6.40,15
LOYD,20151014,0.39,0.39,0.39,0.39,50
LSTECHHOM,20151014,1.00,1.00,0.90,0.99,10120
LUG,20151014,3.11,3.20,3.11,3.12,2543
LUXIMA,20151014,0.04,0.04,0.04,0.04,300
LZMO,20151014,1.51,1.54,1.51,1.54,5950
MAKOLAB,20151014,3.80,3.92,3.80,3.92,745
MAKORA,20151014,1.45,1.45,1.14,1.19,7300
MARKA,20151014,2.37,2.42,2.37,2.42,2726
MARSOFT,20151014,0.13,0.13,0.13,0.13,200
MAXIPIZZA,20151014,0.69,0.69,0.65,0.65,3000
MBFGROUP,20151014,6.31,6.31,6.31,6.31,10
MBPARTNER,20151014,0.03,0.03,0.03,0.03,10
MED,20151014,5.40,5.40,5.40,5.40,2
MEDIACAP,20151014,2.50,2.50,2.50,2.50,800
MEDIANPOL,20151014,0.44,0.44,0.44,0.44,30
MEGASONIC,20151014,6.30,6.30,6.30,6.30,1
MERA,20151014,1.59,1.59,1.59,1.59,10
MERIT,20151014,0.24,0.24,0.24,0.24,90
MILESTONE,20151014,8.30,8.30,8.00,8.00,638
MILKPOL,20151014,0.21,0.23,0.21,0.23,34280
MINERAL,20151014,0.49,0.49,0.48,0.48,4745
MINOX,20151014,0.08,0.09,0.07,0.08,4654236
MOBINI,20151014,0.66,0.66,0.66,0.66,200
MODE,20151014,0.53,0.53,0.53,0.53,15
MOLMEDICA,20151014,0.03,0.03,0.03,0.03,1496028
MOMO,20151014,2.75,2.75,2.75,2.75,156
MORIZON,20151014,1.46,1.46,1.46,1.46,1
MOTORICUS,20151014,0.41,0.42,0.34,0.41,18250
NANOTEL,20151014,2.82,2.82,2.82,2.82,1
NEPTIS,20151014,25.81,27.46,25.80,27.46,583
NETWISE,20151014,3.85,3.85,3.85,3.85,5
NFPL,20151014,0.16,0.16,0.15,0.16,18217
NOVATIS,20151014,0.36,0.37,0.36,0.37,350
NOVAVIS,20151014,1.07,1.26,1.07,1.20,69774
NOVINA,20151014,0.57,0.58,0.54,0.56,83574
NWAI,20151014,2.01,2.01,1.90,1.90,2340
OPENNET,20151014,1.83,1.85,1.79,1.85,1474
OPTIZENLB,20151014,0.29,0.29,0.29,0.29,35
ORGANIC,20151014,4.30,4.38,4.25,4.38,406
ORIONINV,20151014,99.48,99.48,80.76,99.00,112
PARTNER,20151014,0.07,0.07,0.07,0.07,100
PATFUND,20151014,0.31,0.37,0.30,0.32,22025
PCHVENTURE,20151014,0.26,0.29,0.25,0.29,7550
PFMEDICAL,20151014,37.50,37.50,35.20,35.20,17
PGPPOLONI,20151014,1.40,1.70,1.40,1.70,2605
PGSSOFT,20151014,8.09,8.09,7.55,7.71,5360
PHARMENA,20151014,20.60,20.68,20.05,20.68,180
PHOTON,20151014,0.75,0.81,0.75,0.81,21866
PIK,20151014,0.32,0.32,0.32,0.32,300
PILAB,20151014,42.60,43.99,42.00,43.99,95
PLASMA,20151014,13.00,13.00,13.00,13.00,7
PLATIGE,20151014,12.90,12.90,12.50,12.50,601
PPRICE,20151014,0.04,0.04,0.04,0.04,303826
PREMFOOD,20151014,0.60,0.72,0.60,0.72,9000
PRESTO,20151014,0.75,0.75,0.60,0.70,15936
PRIME,20151014,32.60,32.60,31.00,32.33,2539
PROLOG,20151014,8.90,8.90,8.90,8.90,90
PROMISE,20151014,3.40,3.40,3.40,3.40,2000
PRYMUS,20151014,5.10,5.10,5.10,5.10,5
PYLON,20151014,0.21,0.21,0.19,0.19,11001
RAJDY4X4,20151014,0.05,0.05,0.05,0.05,53094
READGENE,20151014,1.53,1.53,1.53,1.53,55
REVITUM,20151014,0.70,0.70,0.70,0.70,3735
ROBINSON,20151014,11.38,11.38,11.38,11.38,2
ROCCA,20151014,0.40,0.40,0.40,0.40,30
ROVITA,20151014,0.24,0.24,0.24,0.24,100
RSY,20151014,6.93,6.93,6.93,6.93,14
RUCHCHORZ,20151014,0.22,0.24,0.21,0.24,1060
RUNICOM,20151014,0.50,0.52,0.50,0.52,1030
SAKANA,20151014,0.24,0.24,0.24,0.24,2080
SARE,20151014,28.95,28.95,28.94,28.95,186
SFD,20151014,0.64,0.64,0.64,0.64,70
SFERANET,20151014,0.70,0.71,0.70,0.71,200
SFKPOLKAP,20151014,6.35,6.38,6.06,6.18,11500
SILESIA,20151014,0.01,0.01,0.01,0.01,196
SILVACG,20151014,0.01,0.01,0.01,0.01,200
SITE,20151014,0.07,0.07,0.07,0.07,408
SMSKREDYT,20151014,0.86,0.86,0.86,0.86,3658
SPC,20151014,0.05,0.05,0.05,0.05,100
STANDREW,20151014,8.50,8.50,8.50,8.50,5
STANUSCH,20151014,8.00,8.49,7.99,8.49,400
STARFIT,20151014,1.32,1.32,1.32,1.32,220
STOPKLA,20151014,9.13,9.50,9.13,9.50,60
SUMMALING,20151014,5.31,5.31,4.60,4.60,2490
SUNTECH,20151014,0.31,0.34,0.28,0.34,9530
SURFLAND,20151014,0.85,0.85,0.68,0.75,9599
SWISSPSM,20151014,0.29,0.29,0.29,0.29,4100
SYMBIO,20151014,3.55,3.55,3.40,3.40,210
SZAR,20151014,0.07,0.07,0.06,0.07,37233
T2INVEST,20151014,1.85,1.85,1.80,1.80,10010
TABLEO,20151014,1.05,1.05,0.84,0.97,13894
TAMEX,20151014,0.61,0.66,0.56,0.65,24194
TAXNET,20151014,0.43,0.43,0.43,0.43,570
TAXUSFUND,20151014,0.06,0.06,0.06,0.06,54
TECHMADEX,20151014,20.30,20.30,20.30,20.30,1
TELGAM,20151014,0.25,0.25,0.25,0.25,300
TELIANI,20151014,0.43,0.43,0.43,0.43,10
TERMOEXP,20151014,1.80,1.80,1.80,1.80,10
TILIA,20151014,1.00,1.15,1.00,1.15,1380
TRICEPS,20151014,0.45,0.46,0.45,0.46,1125
UNIMOT,20151014,13.00,13.00,13.00,13.00,10
UNITED,20151014,0.65,0.65,0.60,0.60,84959
VAKOMTEK,20151014,1.19,1.19,1.19,1.19,5
VCP,20151014,0.28,0.28,0.28,0.28,50
VELTO,20151014,0.32,0.38,0.26,0.29,944056
VENITI,20151014,0.74,0.74,0.74,0.74,20
VENTUREIN,20151014,2.15,2.15,2.10,2.10,550
VERBICOM,20151014,2.32,2.50,2.32,2.35,500
VIDIS,20151014,2.77,2.77,2.77,2.77,80
VISION,20151014,0.02,0.02,0.01,0.01,15370
VIVID,20151014,5.88,6.77,5.84,6.55,156894
WBAY,20151014,4.25,4.25,4.10,4.10,30
WDBBU,20151014,3.30,3.50,2.74,2.90,2997
WESTREAL,20151014,1.49,1.50,1.40,1.50,1415
WIERZYCL,20151014,0.48,0.48,0.48,0.48,50
XPLUS,20151014,0.12,0.12,0.12,0.12,16100
XSYSTEM,20151014,0.93,0.93,0.93,0.93,50
YELLOWHAT,20151014,0.35,0.35,0.31,0.35,6753
YOURIMAGE,20151014,0.41,0.41,0.35,0.38,43984
NCINDEX,20151014,289.02,289.02,286.79,288.01,22048.624
2CP0316,20151014,95.99,95.99,95.99,95.99,30
2CP0317,20151014,92.50,92.50,92.50,92.50,5
ALR0321,20151014,104.00,104.00,104.00,104.00,11
ALR0421,20151014,103.00,103.00,103.00,103.00,7
BPS0720,20151014,101.01,101.01,101.01,101.01,5
BRB0425,20151014,99.50,99.50,99.50,99.50,5
BS20118,20151014,99.80,100.00,99.80,100.00,157
BST0516,20151014,101.15,101.15,101.15,101.15,50
BZW1216,20151014,100.65,100.65,100.65,100.65,6500
CAP0617,20151014,100.00,100.00,100.00,100.00,471
CAP1217,20151014,99.90,99.90,99.90,99.90,3
CAS1216,20151014,99.80,99.80,99.80,99.80,54
CPS0721,20151014,101.30,101.50,101.30,101.30,1720
DAY0916,20151014,29.50,29.50,26.01,26.02,73
DS0725,20151014,104.00,104.00,104.00,104.00,5
DS0726,20151014,97.30,97.30,97.30,97.30,355
DS1017,20151014,107.10,107.10,107.10,107.10,3
DS1019,20151014,113.00,113.10,113.00,113.10,76
DS1020,20151014,114.22,115.00,114.22,115.00,10
ECH0318,20151014,102.04,102.04,102.04,102.04,400
ECH0418,20151014,102.60,102.60,102.60,102.60,2426
EFM1216,20151014,100.00,100.00,100.00,100.00,11
ERC0617,20151014,100.82,100.82,100.82,100.82,20
FFI0116,20151014,93.00,93.90,93.00,93.90,202
FFI1116,20151014,92.20,92.20,92.20,92.20,2
FRR0517,20151014,103.00,103.00,103.00,103.00,1
GHE0619,20151014,97.00,97.00,97.00,97.00,1
GHJ0718,20151014,99.00,99.00,99.00,99.00,6
GNB0218,20151014,98.29,98.29,97.70,98.28,116
GNB0420,20151014,92.90,92.90,92.90,92.90,2
GNB0421,20151014,91.50,91.50,91.50,91.50,5
GNB0518,20151014,96.75,96.75,96.75,96.75,15
GNB0820,20151014,92.47,92.47,92.47,92.47,23
GNB0919,20151014,96.50,97.45,96.50,97.45,150
GPW0117,20151014,100.80,100.80,100.73,100.73,1457
GTC0319,20151014,100.55,100.55,100.31,100.31,6
KME0916,20151014,99.45,99.45,99.45,99.45,50
KRI0116,20151014,99.75,99.75,99.75,99.75,6
KRS0316,20151014,64.00,64.00,64.00,64.00,60
KRS0416,20151014,70.00,70.00,70.00,70.00,70
KRU0316,20151014,102.20,102.20,102.20,102.20,10
KRU0517,20151014,102.80,103.00,102.50,102.50,820
KRU0620,20151014,100.50,100.50,100.50,100.50,1
KRU1116,20151014,103.60,103.60,103.60,103.60,10
KRU1217,20151014,103.50,103.50,103.50,103.50,101
KRU1218,20151014,105.20,105.20,105.20,105.20,726
LEX0616,20151014,25.21,25.21,25.21,25.21,12
LEX0916,20151014,41.50,41.50,36.00,36.00,15
LKD1017,20151014,100.20,100.20,100.10,100.20,22
MBHPA22,20151014,100.00,100.00,100.00,100.00,16
MCI1216,20151014,102.18,102.30,102.18,102.30,15
MKR0916,20151014,98.00,98.00,98.00,98.00,3
MRB0717,20151014,90.00,90.00,85.00,85.00,322
MUL1116,20151014,100.20,100.20,100.20,100.20,280
MWD0216,20151014,99.50,99.50,99.50,99.50,23
MWD0316,20151014,98.50,99.99,98.50,99.99,7
MWT0616,20151014,99.02,99.02,99.02,99.02,100
MWT1115,20151014,99.50,99.50,99.50,99.50,38
OK0116,20151014,99.65,99.65,99.65,99.65,4
PBD0616,20151014,97.26,97.26,97.26,97.26,11
PBS0720,20151014,98.31,99.43,98.31,99.43,7
PBS1021,20151014,95.50,96.00,95.50,96.00,1000
PCR0416,20151014,100.60,101.00,100.60,101.00,199
PCR0419,20151014,100.80,100.80,100.80,100.80,1
PCR0620,20151014,100.26,100.26,100.26,100.26,1
PCR1019,20151014,100.80,100.80,100.80,100.80,1
PK11117,20151014,100.94,100.94,100.40,100.40,40757
PKN0418,20151014,101.56,101.56,100.86,100.86,7099
PKN0420,20151014,107.11,107.11,107.10,107.11,2293
PKN0617,20151014,101.20,101.38,100.85,100.85,3016
PKN1117,20151014,100.76,100.76,100.76,100.76,5761
PND0217,20151014,100.50,100.50,100.50,100.50,9
PRF1216,20151014,99.30,99.30,99.30,99.30,1
PRI1117,20151014,99.00,99.00,99.00,99.00,2
PS0416,20151014,101.75,101.75,101.75,101.75,17
PS0718,20151014,102.00,102.00,102.00,102.00,15
PTI1115,20151014,9.80,9.80,9.80,9.80,6
ROB0218,20151014,103.00,103.00,103.00,103.00,2700
ROB0219,20151014,101.00,101.00,101.00,101.00,3
SBK1020,20151014,99.01,99.01,99.01,99.01,5
SBR0325,20151014,98.80,98.80,98.80,98.80,5
TRJ1215,20151014,99.50,99.50,99.30,99.30,762
VIN1116,20151014,102.20,102.20,102.20,102.20,1
VTG0617,20151014,101.40,101.40,101.40,101.40,2
VTG0618,20151014,101.40,101.40,101.40,101.40,1
WLO0516,20151014,44.98,45.00,44.98,45.00,107
WRL0516,20151014,93.29,93.29,93.29,93.29,6
WZ0121,20151014,98.00,98.50,98.00,98.50,1010
WZ0126,20151014,96.00,96.00,96.00,96.00,5
