FCDRZ15,20151015,26.68,27.20,26.66,27.20,23,341
FCHF,20151015,389.50,392.30,389.50,392.30,350,2305
FCHFM16,20151015,392.05,395.74,392.05,395.74,11,266
FCHFWS,20151015,389.50,392.30,389.50,392.30,339,1116
FCHFZ15,20151015,389.50,392.30,389.50,392.30,339,1116
FEUR,20151015,423.84,424.50,423.75,424.50,138,22457
FEURH16,20151015,425.20,425.25,425.20,425.25,5,10290
FEURM16,20151015,427.44,427.44,427.44,427.44,1,367
FEURU16,20151015,428.11,428.69,428.11,428.69,6,102
FEURWS,20151015,423.84,424.50,423.75,424.50,126,11198
FEURZ15,20151015,423.84,424.50,423.75,424.50,126,11198
FGPWZ15,20151015,38.34,38.41,38.16,38.16,20,26
FJSWH16,20151015,12.58,12.80,12.39,12.71,11,97
FJSWM16,20151015,12.83,12.83,12.39,12.82,3,14
FJSWZ15,20151015,12.27,12.55,12.27,12.42,180,1964
FKGHH16,20151015,95.20,95.22,95.20,95.22,2,50
FKGHM16,20151015,94.70,95.35,94.70,95.35,14,91
FKGHZ15,20151015,94.40,95.50,94.40,95.10,1064,1868
FLTSZ15,20151015,30.00,30.18,29.65,30.18,66,128
FLWBZ15,20151015,54.00,54.00,53.00,54.00,76,214
FOPLZ15,20151015,7.53,7.65,7.51,7.65,11,240
FPEOZ15,20151015,153.95,154.60,153.05,154.00,45,243
FPGEZ15,20151015,14.40,14.55,14.31,14.44,594,2247
FPGNZ15,20151015,6.78,6.86,6.72,6.74,135,391
FPKNH16,20151015,65.40,65.40,65.40,65.40,1,56
FPKNM16,20151015,62.67,64.00,62.67,64.00,4,7
FPKNZ15,20151015,63.50,65.66,63.47,65.66,1407,1785
FPKOH16,20151015,30.50,31.25,30.50,31.25,2,65
FPKOZ15,20151015,31.30,31.40,30.71,30.96,569,1847
FPZUZ15,20151015,386.55,388.75,383.45,388.35,213,926
FTPEH16,20151015,3.13,3.13,3.13,3.13,10,43
FTPEZ15,20151015,3.19,3.22,3.17,3.22,290,1056
FUSD,20151015,369.20,372.70,368.60,372.48,3809,22766
FUSDH16,20151015,369.93,373.02,369.93,372.99,49,2379
FUSDM16,20151015,373.98,374.48,373.98,374.48,2,78
FUSDV15,20151015,369.79,371.46,369.79,371.46,4,500
FUSDWS,20151015,369.79,371.46,369.79,371.46,4,500
FUSDX15,20151015,370.00,371.41,370.00,371.41,2,2
FUSDZ15,20151015,369.20,372.70,368.60,372.48,3752,19763
FW20,20151015,2140,2148,2132,2148,12217,52969
FW20H1620,20151015,2149,2157,2144,2157,56,317
FW20M1620,20151015,2139,2139,2131,2131,3,119
FW20U1620,20151015,2115,2119,2114,2114,11,80
FW20WS,20151015,2140,2148,2132,2148,12147,52453
FW20Z1520,20151015,2140,2148,2132,2148,12147,52453
FW40Z15,20151015,3671,3700,3669,3700,206,2404
OW20C162300,20151015,43.83,43.83,43.83,43.83,1,55
OW20C162400,20151015,24.42,24.42,24.42,24.42,5,83
OW20C162500,20151015,9.17,9.17,9.17,9.17,1,65
OW20C162600,20151015,3.75,3.75,3.75,3.75,5,200
OW20F162500,20151015,17.03,17.03,17.03,17.03,1,37
OW20F162600,20151015,8.32,8.32,8.32,8.32,1,77
OW20I162000,20151015,199.30,199.30,199.30,199.30,2,8
OW20I162400,20151015,39.56,39.56,39.56,39.56,2,9
OW20I162500,20151015,22.50,22.98,22.50,22.98,2,12
OW20I162600,20151015,12.58,12.79,12.58,12.79,3,84
OW20J152050,20151015,89.90,89.90,85.95,87.95,4,56
OW20J152075,20151015,59.60,64.00,59.60,64.00,2,75
OW20J152100,20151015,32.42,40.00,32.42,39.94,29,135
OW20J152125,20151015,12.00,20.49,12.00,20.49,59,165
OW20J152150,20151015,4.56,7.00,2.80,5.70,177,331
OW20J152175,20151015,1.77,1.77,1.00,1.45,26,146
OW20J152200,20151015,0.49,0.68,0.49,0.65,9,199
OW20J152400,20151015,0.10,0.10,0.10,0.10,1,164
OW20J152500,20151015,0.24,0.24,0.24,0.24,2,40
OW20K152100,20151015,68.00,68.00,68.00,68.00,1,19
OW20K152200,20151015,19.00,20.00,19.00,19.35,4,49
OW20K152250,20151015,8.70,8.70,8.70,8.70,1,49
OW20K152300,20151015,3.13,3.21,2.82,3.21,18,58
OW20L152050,20151015,120.50,128.00,120.50,128.00,2,51
OW20L152100,20151015,91.00,91.00,86.25,88.65,61,290
OW20L152150,20151015,62.00,65.95,58.40,65.95,61,207
OW20L152200,20151015,39.60,39.60,39.60,39.60,5,1256
OW20L152250,20151015,25.30,25.30,25.30,25.30,1,83
OW20L152300,20151015,13.61,14.00,12.12,14.00,5,445
OW20L152350,20151015,7.10,7.70,6.44,7.70,16,117
OW20L152400,20151015,3.00,3.22,3.00,3.22,6,329
OW20L152500,20151015,1.50,1.50,1.45,1.50,11,1054
OW20O161700,20151015,6.70,6.70,6.30,6.49,12,80
OW20O161800,20151015,12.90,12.90,12.90,12.90,2,109
OW20O161900,20151015,25.65,25.65,25.65,25.65,1,139
OW20O162000,20151015,52.65,52.65,52.65,52.65,1,95
OW20O162200,20151015,128.75,131.00,128.75,131.00,4,79
OW20R161700,20151015,13.59,15.00,13.59,15.00,7,52
OW20V151900,20151015,0.25,0.25,0.12,0.12,8,322
OW20V151925,20151015,0.59,0.59,0.33,0.33,5,17
OW20V151950,20151015,0.25,0.25,0.25,0.25,1,143
OW20V152000,20151015,0.50,0.50,0.05,0.05,13,195
OW20V152025,20151015,0.30,0.30,0.30,0.30,2,106
OW20V152050,20151015,0.50,0.50,0.40,0.40,20,148
OW20V152075,20151015,1.44,2.00,0.50,0.50,54,160
OW20V152100,20151015,4.19,4.19,1.04,1.04,285,171
OW20V152125,20151015,9.12,9.12,4.20,4.20,107,154
OW20V152150,20151015,22.81,22.81,14.90,14.90,71,135
OW20V152175,20151015,45.65,45.65,45.65,45.65,1,52
OW20V152400,20151015,270.70,270.70,270.70,270.70,1,1
OW20W151750,20151015,1.00,1.00,1.00,1.00,2,40
OW20W151850,20151015,2.01,2.10,2.00,2.02,44,67
OW20W151900,20151015,3.57,3.57,3.10,3.10,2,24
OW20W152000,20151015,10.60,10.94,10.00,10.00,4,25
OW20W152050,20151015,18.60,19.95,17.83,17.83,48,48
OW20W152100,20151015,32.00,33.26,31.00,33.26,18,31
OW20W152150,20151015,53.70,54.85,53.70,54.85,15,20
OW20W152450,20151015,312.45,312.45,312.45,312.45,1,1
OW20X151650,20151015,1.00,1.00,1.00,1.00,50,60
OW20X151750,20151015,3.14,3.14,2.70,2.70,19,134
OW20X151800,20151015,4.66,5.15,4.66,4.95,5,317
OW20X151900,20151015,11.95,11.95,11.25,11.25,2,3621
OW20X151950,20151015,16.48,18.40,16.48,18.40,25,67
OW20X152000,20151015,26.80,27.00,24.59,26.10,57,581
OW20X152050,20151015,36.40,36.88,36.40,36.88,25,77
OW20X152100,20151015,53.50,54.55,51.50,53.20,46,1168
OW20X152150,20151015,73.80,73.80,71.00,71.00,4,32
06MAGNA,20151015,1.90,1.92,1.90,1.92,20
4FUNMEDIA,20151015,5.49,5.49,5.02,5.20,900
AATHOLD,20151015,23.50,23.50,22.32,23.00,127
ABCDATA,20151015,3.11,3.15,3.11,3.13,14366
ABMSOLID,20151015,0.57,0.57,0.57,0.57,1500
ABPL,20151015,36.90,37.51,36.90,37.51,60
ACAUTOGAZ,20151015,30.89,31.00,30.89,31.00,519
ACE,20151015,11.39,11.69,11.30,11.60,10409
ACTION,20151015,24.42,25.17,23.30,23.50,5709
ADIUVO,20151015,24.29,25.80,24.29,25.80,17139
ADIUVO-PDA,20151015,24.24,26.00,24.24,26.00,762
AGORA,20151015,10.85,10.85,10.82,10.82,541
AGROTON,20151015,1.21,1.43,1.21,1.32,493171
ALCHEMIA,20151015,4.83,4.93,4.77,4.77,36886
ALIOR,20151015,84.00,84.00,83.18,83.50,83586
ALMA,20151015,9.50,9.50,9.00,9.00,6186
ALTA,20151015,1.94,1.94,1.94,1.94,1
ALTUSTFI,20151015,10.89,10.89,10.55,10.88,1735
ALUMETAL,20151015,46.97,47.12,46.00,47.12,32446
AMBRA,20151015,8.70,8.70,8.62,8.65,19062
AMICA,20151015,162.00,163.00,161.15,163.00,2340
AMREST,20151015,173.10,175.65,173.10,173.90,9652
APATOR,20151015,34.20,34.64,34.02,34.05,4772
APLISENS,20151015,12.75,12.75,12.75,12.75,1
APSENERGY,20151015,5.45,5.50,5.25,5.50,2570
ARCTIC,20151015,3.23,3.25,3.20,3.25,7946
ARTERIA,20151015,15.00,15.00,15.00,15.00,502
ASBIS,20151015,1.05,1.11,1.03,1.06,509357
ASSECOBS,20151015,15.00,15.29,14.70,15.00,5861
ASSECOPOL,20151015,55.00,55.32,54.01,55.32,201138
ASSECOSEE,20151015,9.88,9.90,9.87,9.87,1757
ASSECOSLO,20151015,17.83,17.83,17.82,17.82,240
ASTARTA,20151015,30.00,30.93,30.00,30.30,1259
ATAL,20151015,21.60,21.70,21.60,21.70,9017
ATENDE,20151015,2.58,2.68,2.53,2.68,17553
ATLANTAPL,20151015,8.25,8.40,8.25,8.40,1038
ATLANTIS,20151015,0.70,0.72,0.68,0.70,98515
ATLASEST,20151015,0.96,0.96,0.96,0.96,1001
ATM,20151015,9.27,9.27,9.20,9.20,215
ATMGRUPA,20151015,3.43,3.43,3.34,3.40,8142
ATREM,20151015,4.80,4.90,4.80,4.80,2105
AVIAAML,20151015,5.48,5.48,5.00,5.47,1457
AWBUD,20151015,3.08,3.09,3.08,3.09,1420
BANKBPH,20151015,36.70,36.70,36.51,36.66,20326
BBIDEV,20151015,0.95,1.03,0.95,1.02,1397567
BENEFIT,20151015,424.95,428.30,415.55,428.30,1234
BEST,20151015,17.05,17.05,16.30,16.30,261
BETACOM,20151015,10.47,10.47,10.38,10.38,1644
BGZBNPP,20151015,51.19,51.19,51.18,51.18,2
BIOMEDLUB,20151015,2.82,2.98,2.82,2.97,301
BIOTON,20151015,10.42,10.67,10.42,10.56,67560
BMPAG,20151015,2.71,2.74,2.71,2.74,250
BOGDANKA,20151015,59.68,62.45,57.51,62.29,79386
BORYSZEW,20151015,5.10,5.15,5.08,5.11,55956
BOS,20151015,22.50,23.89,22.50,22.92,1162
BOWIM,20151015,2.27,2.27,2.27,2.27,1000
BPHFIZSN,20151015,46.50,46.50,46.50,46.50,16
BRASTER,20151015,13.28,13.39,13.01,13.39,5194
BRIJU,20151015,13.67,13.98,13.10,13.20,2569
BSCDRUK,20151015,34.79,34.79,33.45,34.75,379
BUDIMEX,20151015,208.00,212.90,208.00,212.00,6222
BUMECH,20151015,0.81,0.82,0.79,0.80,32548
BYTOM,20151015,3.17,3.17,3.09,3.12,102274
BZWBK,20151015,317.00,323.90,315.90,320.15,28824
CALATRAVA,20151015,0.61,0.64,0.61,0.64,79617
CAMMEDIA,20151015,5.95,5.95,5.90,5.90,1666
CAPITAL,20151015,2.25,2.27,2.25,2.27,5505
CCC,20151015,168.00,172.00,167.15,171.00,36933
CDPROJEKT,20151015,26.74,27.10,26.53,27.00,253644
CDRL,20151015,18.79,18.80,18.79,18.80,4749
CEZ,20151015,83.90,83.90,75.60,75.60,3872
CHEMOS,20151015,1.88,1.88,1.57,1.58,816268
CIECH,20151015,69.30,72.29,69.30,72.00,44398
CIGAMES,20151015,23.39,24.48,23.35,23.50,174132
CNT,20151015,8.44,8.44,8.44,8.44,18
COGNOR,20151015,1.23,1.28,1.23,1.24,97539
COLIAN,20151015,4.40,4.56,4.34,4.55,55102
COMARCH,20151015,120.50,121.50,120.00,121.30,3786
COMP,20151015,58.50,58.60,56.50,57.02,2897
CORMAY,20151015,1.74,1.74,1.70,1.73,9700
CORMAY-PDA,20151015,1.72,1.74,1.69,1.74,21638
CPGROUP,20151015,5.80,6.10,5.80,6.10,75580
CUBEITG,20151015,5.05,5.29,5.05,5.29,172
CYFRPLSAT,20151015,25.04,25.45,24.96,25.38,384923
CZTOREBKA,20151015,1.28,1.28,1.23,1.26,61001
DEBICA,20151015,80.10,84.55,80.00,84.55,2955
DECORA,20151015,6.95,7.00,6.74,6.75,1106
DELKO,20151015,8.20,8.84,8.20,8.83,13243
DGA,20151015,5.79,5.79,5.79,5.79,300
DMWDM,20151015,0.35,0.36,0.34,0.36,3460
DOMDEV,20151015,50.49,50.49,50.00,50.00,131
DROZAPOL,20151015,2.15,2.15,2.08,2.14,1335
DTP,20151015,4.56,4.56,4.26,4.56,2736
DUDA,20151015,5.80,5.95,5.80,5.86,3945
DUON,20151015,3.38,3.47,3.38,3.42,147857
ECARD,20151015,3.96,3.96,3.96,3.96,31
ECHO,20151015,6.80,6.94,6.75,6.94,46199
EDINVEST,20151015,2.22,2.22,2.22,2.22,9
EFEKT,20151015,15.01,15.40,15.01,15.40,896
EKOEXPORT,20151015,14.92,15.39,14.70,15.20,17262
ELBUDOWA,20151015,155.40,156.35,153.30,155.00,674
ELEKTROTI,20151015,17.38,17.67,17.00,17.22,7596
ELEMENTAL,20151015,4.22,4.25,4.22,4.25,52965
ELKOP,20151015,1.32,1.38,1.31,1.32,6039
EMCINSMED,20151015,14.99,14.99,14.99,14.99,1
EMPERIA,20151015,64.00,64.05,63.21,64.00,7917
ENAP,20151015,0.88,0.88,0.88,0.88,5005
ENEA,20151015,13.70,13.70,13.28,13.51,380701
ENELMED,20151015,10.10,10.60,10.10,10.60,1519
ENERGA,20151015,17.66,17.73,17.41,17.41,684663
ENERGOINS,20151015,10.46,10.51,10.36,10.36,951
ERBUD,20151015,33.21,33.21,32.70,33.20,351
ERG,20151015,20.90,20.90,20.74,20.74,251
ERGIS,20151015,6.01,6.14,6.00,6.14,32225
ESOTIQ,20151015,31.01,31.01,31.01,31.01,1
ESSYSTEM,20151015,2.98,2.98,2.98,2.98,355
ETFDAX,20151015,409.00,410.26,407.84,410.26,53
ETFSP500,20151015,77.00,77.00,76.00,76.00,33
ETFW20L,20151015,246.40,246.94,245.17,245.92,3424
EUCO,20151015,47.50,49.00,47.50,48.50,711
EUROCASH,20151015,47.49,48.43,47.44,48.35,361186
EUROHOLD,20151015,2.70,2.90,2.70,2.90,353
EUROTEL,20151015,17.33,17.48,17.33,17.48,2861
EVEREST,20151015,1.62,1.65,1.62,1.62,516
FAMUR,20151015,1.89,1.93,1.87,1.87,7460
FARMACOL,20151015,62.31,62.85,62.25,62.81,10094
FASING,20151015,17.50,17.50,17.13,17.49,279
FASTFIN,20151015,0.69,0.75,0.68,0.71,33947
FEERUM,20151015,22.14,22.14,21.00,21.48,72
FERRO,20151015,11.40,11.40,11.34,11.34,191
FERRUM,20151015,4.86,4.86,4.80,4.84,4511
FON,20151015,0.67,0.67,0.63,0.65,125159
FORTE,20151015,51.23,52.95,51.23,52.72,5459
FORTUNA,20151015,12.00,12.00,11.01,11.01,76
FOTA,20151015,0.64,0.64,0.60,0.64,43617
GETIN,20151015,1.59,1.64,1.59,1.64,175957
GETINOBLE,20151015,0.94,0.96,0.94,0.96,2030908
GINOROSSI,20151015,2.46,2.49,2.45,2.49,5336
GLCOSMED,20151015,4.46,4.46,4.40,4.40,193
GORENJE,20151015,21.50,21.50,21.50,21.50,1
GPW,20151015,38.02,38.36,37.91,37.99,74019
GRAAL,20151015,31.98,32.39,31.98,32.10,1593
GRAJEWO,20151015,25.92,25.92,24.70,25.46,112076
GREMMEDIA,20151015,1.85,1.87,1.80,1.84,3821
GROCLIN,20151015,13.40,14.30,13.40,14.15,30083
GRODNO,20151015,5.65,5.65,5.64,5.64,2760
GRUPAAZOTY,20151015,90.35,91.50,90.35,91.42,12962
GTC,20151015,7.16,7.18,7.15,7.18,39032
GTC-PDA,20151015,7.15,7.16,7.10,7.15,16135
HANDLOWY,20151015,87.02,87.42,85.04,86.50,26391
HARPER,20151015,1.85,1.95,1.83,1.95,2833
HAWE,20151015,1.03,1.03,1.01,1.03,655600
HELIO,20151015,4.19,4.19,4.19,4.19,5
HERKULES,20151015,4.27,4.27,4.24,4.26,67232
HUBSTYLE,20151015,1.09,1.12,1.02,1.02,31539
HYDROTOR,20151015,38.40,38.40,38.40,38.40,1
HYPERION,20151015,3.53,3.54,3.43,3.54,623
IDEABANK,20151015,25.50,25.55,25.50,25.55,90773
IDMSA,20151015,1.56,1.56,1.46,1.56,1096
IFCAPITAL,20151015,2.56,2.85,2.56,2.85,219454
IFSA,20151015,0.78,0.78,0.64,0.68,270097
IIAAV,20151015,9.66,9.70,9.66,9.70,4850
IMCOMPANY,20151015,6.84,6.84,6.53,6.83,1377
IMMOBILE,20151015,2.40,2.40,2.29,2.40,2150
IMPEL,20151015,27.94,27.94,27.58,27.80,165
IMPERA,20151015,1.52,1.59,1.52,1.53,434
IMPEXMET,20151015,2.73,2.75,2.66,2.67,35676
IMS,20151015,2.02,2.02,2.02,2.02,5000
INC,20151015,2.32,2.32,2.32,2.32,10
INDATA,20151015,0.87,0.95,0.87,0.92,95822
INDYGO,20151015,1.00,1.02,0.97,0.98,1020635
INDYKPOL,20151015,93.70,97.40,93.25,93.25,882
INGBSK,20151015,125.90,127.50,124.95,127.50,18918
INPOST,20151015,24.33,24.50,24.10,24.20,6513
INSTALKRK,20151015,11.33,11.50,11.32,11.32,913
INTEGERPL,20151015,118.90,121.50,117.50,118.10,3213
INTERAOLT,20151015,18.00,18.06,18.00,18.00,2005
INTERBUD,20151015,2.09,2.11,2.02,2.11,9941
INTERCARS,20151015,238.10,241.00,238.10,241.00,1475
INTERSPPL,20151015,2.45,2.74,2.45,2.74,148269
INTROL,20151015,9.70,9.70,9.70,9.70,55
INVISTA,20151015,2.30,2.33,2.27,2.27,58396
INVPEFIZ,20151015,910.11,910.11,910.11,910.11,7
IPOPEMA,20151015,2.97,2.97,2.86,2.97,484
IQP,20151015,0.84,0.84,0.84,0.84,10
IVMX,20151015,5.96,5.96,5.94,5.94,5964
IZOBLOK,20151015,111.95,112.00,110.00,110.00,191
IZOLACJA,20151015,1.28,1.28,1.24,1.24,949
IZOSTAL,20151015,4.45,4.45,4.45,4.45,150
JHMDEV,20151015,1.43,1.43,1.37,1.40,5061
JSW,20151015,12.30,12.59,12.28,12.45,104537
JWCONSTR,20151015,4.78,4.95,4.78,4.88,27355
K2INTERNT,20151015,13.25,13.35,13.10,13.35,1555
KANIA,20151015,2.86,2.90,2.86,2.89,9909
KBDOM,20151015,2.85,2.98,2.85,2.98,2487
KERDOS,20151015,0.61,0.67,0.60,0.65,4362096
KERNEL,20151015,53.40,53.70,52.66,53.38,64103
KETY,20151015,280.90,283.65,280.90,282.00,575
KGHM,20151015,94.45,95.49,94.40,95.30,570073
KINOPOL,20151015,13.50,13.50,13.40,13.40,329
KOFOLA,20151015,56.00,56.00,56.00,56.00,98
KOGENERA,20151015,68.95,70.55,68.95,70.54,754
KOMPUTRON,20151015,8.75,8.89,8.75,8.88,2413
KONSSTALI,20151015,31.49,32.89,30.90,31.71,1118
KOPEX,20151015,6.05,6.05,5.93,5.93,16310
KRAKCHEM,20151015,4.01,4.06,4.01,4.06,5123
KREC,20151015,7.10,7.48,7.10,7.48,3524
KREDYTIN,20151015,26.87,27.09,26.87,26.99,455
KREZUS,20151015,4.59,4.63,4.50,4.60,8279
KRKA,20151015,266.05,267.05,252.00,267.05,1538
KRUK,20151015,183.00,185.00,182.50,183.00,46800
KRUSZWICA,20151015,51.20,51.90,49.20,49.30,947
KSGAGRO,20151015,1.06,1.27,1.06,1.23,235791
LCCORP,20151015,1.99,2.00,1.99,2.00,19636
LENA,20151015,4.45,4.45,4.44,4.44,451
LENTEX,20151015,8.99,9.03,8.91,8.91,18436
LIBET,20151015,2.48,2.48,2.48,2.48,19
LIVECHAT,20151015,35.50,35.81,35.00,35.81,1888
LOTOS,20151015,29.99,30.10,29.52,29.80,130499
LPP,20151015,7685.00,7685.00,7500.00,7500.00,1040
LSISOFT,20151015,4.58,4.58,4.40,4.40,751
LUBAWA,20151015,1.11,1.13,1.10,1.12,315347
MABION,20151015,48.18,48.99,48.00,48.94,376
MAGELLAN,20151015,58.50,60.49,58.50,60.49,7702
MAKARONPL,20151015,5.71,5.78,5.70,5.78,9778
MARVIPOL,20151015,6.93,6.95,6.93,6.95,950
MBANK,20151015,390.65,390.80,386.50,388.40,17518
MCI,20151015,12.17,12.21,12.08,12.21,3109
MEDIATEL,20151015,1.03,1.05,1.03,1.05,14581
MEDICALG,20151015,208.00,209.00,203.10,205.00,4330
MENNICA,20151015,13.65,13.65,13.65,13.65,171
MERCATOR,20151015,17.88,18.34,17.88,18.34,1920
MERCOR,20151015,9.52,9.77,9.52,9.77,3197
MEXPOLSKA,20151015,4.19,4.20,4.13,4.13,3988
MFO,20151015,12.00,12.00,12.00,12.00,10
MIDAS,20151015,0.60,0.61,0.59,0.59,49871
MILKILAND,20151015,1.35,1.74,1.35,1.62,708473
MILLENNIUM,20151015,6.34,6.41,6.32,6.41,819235
MIRACULUM,20151015,2.70,2.80,2.62,2.80,17530
MIRBUD,20151015,1.10,1.10,1.03,1.07,172053
MLPGROUP,20151015,34.02,35.83,31.06,35.83,574
MNI,20151015,0.91,0.93,0.85,0.89,57870
MOBRUK,20151015,8.15,8.15,8.15,8.15,101
MOL,20151015,180.00,180.00,178.50,178.50,70
MONNARI,20151015,16.99,17.14,16.70,16.70,43978
MOSTALPLC,20151015,15.90,15.90,15.90,15.90,1
MOSTALWAR,20151015,14.00,14.00,13.80,13.90,7040
MOSTALZAB,20151015,1.81,1.89,1.80,1.85,62277
MUZA,20151015,3.18,3.18,3.04,3.18,101
MWTRADE,20151015,15.75,15.85,15.75,15.85,863
NETIA,20151015,5.48,5.63,5.46,5.63,40699
NETMEDIA,20151015,5.40,5.48,5.30,5.30,1238
NEUCA,20151015,341.00,344.10,340.55,341.00,4269
NEWAG,20151015,15.80,16.10,15.75,15.80,21455
NFIEMF,20151015,3.00,3.14,3.00,3.14,386
NORTCOAST,20151015,5.65,5.72,5.56,5.56,2630
NOVITA,20151015,51.00,51.89,50.10,51.89,147
NTTSYSTEM,20151015,2.43,2.43,2.40,2.43,211
ODLEWNIE,20151015,2.40,2.40,2.40,2.40,100
OPENFIN,20151015,4.07,4.07,4.07,4.07,445
OPERA3GR,20151015,269.10,269.10,269.10,269.10,80
OPONEO.PL,20151015,20.78,20.78,19.33,19.65,9728
OPTEAM,20151015,9.80,10.69,9.03,9.70,5265
ORANGEPL,20151015,7.50,7.67,7.43,7.60,1365900
ORBIS,20151015,55.86,61.20,55.35,59.71,58215
ORCOGROUP,20151015,1.13,1.18,1.13,1.18,3397
ORZBIALY,20151015,6.98,7.14,6.98,7.14,36
PAGED,20151015,52.21,52.21,52.00,52.00,246
PAMAPOL,20151015,1.53,1.59,1.40,1.43,29667
PANOVA,20151015,18.78,19.09,18.43,19.09,147
PATENTUS,20151015,0.78,0.79,0.76,0.79,4450
PBG,20151015,2.08,2.41,2.07,2.30,233570
PCCEXOL,20151015,3.18,3.18,3.17,3.18,80
PCCINTER,20151015,2.20,2.20,2.20,2.20,605
PCCROKITA,20151015,40.00,40.00,39.62,39.65,385
PCM,20151015,43.18,43.47,42.80,43.24,6664
PEKABEX,20151015,11.29,11.30,11.10,11.30,720
PEKAES,20151015,12.50,12.74,12.50,12.74,10830
PEKAO,20151015,154.00,154.65,152.70,153.55,268393
PELION,20151015,63.50,64.81,63.50,63.60,229
PEMANAGER,20151015,126.00,129.50,124.00,129.50,462
PEP,20151015,25.50,26.80,25.50,25.62,4927
PEPEES,20151015,0.53,0.53,0.52,0.52,5010
PGE,20151015,14.35,14.55,14.33,14.36,1659047
PGNIG,20151015,6.79,6.87,6.71,6.72,3340317
PGODLEW,20151015,5.10,5.10,5.10,5.10,32
PHN,20151015,18.59,18.65,18.33,18.65,19731
PKNORLEN,20151015,63.60,65.61,63.36,65.60,1905663
PKOBP,20151015,31.15,31.37,30.70,30.74,2151184
PKOGS,20151015,101.00,101.00,100.91,100.92,615
PKOSO,20151015,99.01,100.00,99.01,100.00,784
PKPCARGO,20151015,64.88,66.59,64.60,65.94,7354
PLATYNINW,20151015,3.00,3.13,3.00,3.13,1564
PMPG,20151015,1.46,1.48,1.44,1.44,2256
POLICE,20151015,24.76,24.99,24.75,24.99,525
POLMED,20151015,3.27,3.27,3.27,3.27,400
POLNA,20151015,24.89,24.90,24.11,24.89,329
POLNORD,20151015,12.60,12.72,12.56,12.69,23409
POLWAX,20151015,15.98,15.98,15.92,15.95,438
POZBUD,20151015,5.95,6.15,5.95,6.15,23242
PRAGMAFA,20151015,12.69,12.80,12.60,12.80,320
PRAGMAINK,20151015,11.96,12.05,11.90,12.05,306
PRAIRIE,20151015,1.20,1.20,1.00,1.08,350446
PRESCO,20151015,5.12,5.13,5.00,5.13,1002
PRIMAMODA,20151015,1.42,1.42,1.42,1.42,100
PROCAD,20151015,1.60,1.70,1.60,1.68,11395
PROCHEM,20151015,16.63,16.69,16.30,16.30,922
PROCHNIK,20151015,1.20,1.27,1.19,1.23,598480
PROJPRZEM,20151015,7.45,7.45,6.90,6.99,18137
PROTEKTOR,20151015,3.11,3.11,3.11,3.11,500
PSG,20151015,0.82,0.82,0.82,0.82,40
PTI,20151015,0.52,0.52,0.40,0.40,6308573
PULAWY,20151015,168.50,170.50,166.10,170.50,558
PWRMEDIA,20151015,1.28,1.28,1.28,1.28,50
PZU,20151015,385.30,389.20,383.50,388.65,193756
QUANTUM,20151015,5.95,5.95,5.95,5.95,224
QUERCUS,20151015,6.11,6.16,6.08,6.16,3653
QUMAK,20151015,10.37,10.40,10.35,10.35,11110
RADPOL,20151015,6.67,6.67,6.47,6.65,151
RAFAKO,20151015,6.65,6.69,6.60,6.69,11031
RAFAMET,20151015,14.53,14.53,14.53,14.53,11
RAINBOW,20151015,26.60,26.60,25.68,25.68,22489
RANKPROGR,20151015,1.55,1.60,1.55,1.60,2345
RAWLPLUG,20151015,8.95,9.02,8.95,9.02,746
RCCORAOPEN,20151015,10.92,10.98,10.92,10.98,2403
RCCRUAOPEN,20151015,9.24,9.25,9.21,9.21,2647
RCGBSH10120,20151015,954.81,954.81,954.81,954.81,20
RCGBSH11016,20151015,931.03,931.03,931.03,931.03,100
RCGBSH11219,20151015,925.00,925.30,925.00,925.30,10
RCGLDAOPEN,20151015,435.81,438.46,435.81,438.46,52
RCGSXS0420,20151015,945.45,945.45,945.45,945.45,10
RCLNAGOPEN,20151015,6.74,6.80,6.64,6.64,21671
RCSDAXOPEN,20151015,136.36,136.36,136.36,136.36,70
RCSDGP0220,20151015,945.69,945.69,945.69,945.69,20
RCSDGP0720,20151015,991.66,991.66,991.66,991.66,2
RCSILAOPEN,20151015,59.61,59.66,59.55,59.55,219
RCWHTAOPEN,20151015,8.40,8.40,8.40,8.40,1181
REDAN,20151015,2.37,2.37,2.29,2.32,24630
REDWOOD,20151015,5.55,6.03,5.55,6.03,943
REINHOLD,20151015,0.52,0.53,0.52,0.53,8110
REMAK,20151015,19.70,20.30,18.92,20.30,4429
RESBUD,20151015,1.58,1.65,1.48,1.50,42912
ROBYG,20151015,2.49,2.49,2.44,2.46,65512
RONSON,20151015,1.37,1.37,1.33,1.34,19000
ROPCZYCE,20151015,20.50,21.00,20.50,21.00,2780
RUBICON,20151015,1.28,1.28,1.28,1.28,1500
SANOK,20151015,56.01,58.99,56.00,57.67,11933
SANTANDER,20151015,22.87,22.87,22.87,22.87,5
SCOPAK,20151015,3.03,3.09,2.86,3.00,8247
SECOGROUP,20151015,20.61,20.89,20.20,20.89,379
SEKO,20151015,5.38,5.46,5.38,5.46,1411
SELVITA,20151015,21.49,21.50,21.10,21.50,1922
SERINUS,20151015,2.02,2.08,2.02,2.07,90558
SFINKS,20151015,3.60,3.69,3.48,3.68,60463
SILVANO,20151015,5.28,5.28,5.24,5.24,2768
SIMPLE,20151015,9.24,9.64,9.24,9.64,12848
SKARBIEC,20151015,30.23,31.00,30.23,30.34,1404
SKOK,20151015,1.59,1.59,1.59,1.59,43
SKOTAN,20151015,0.61,0.67,0.57,0.64,3625472
SMT,20151015,17.30,17.39,17.07,17.07,3989
SNIEZKA,20151015,54.86,54.86,54.85,54.86,364
SOBIESKI,20151015,75.39,75.39,75.39,75.39,71
SOHODEV,20151015,1.15,1.23,1.15,1.23,3073
SOLAR,20151015,1.44,1.45,1.39,1.44,55763
SONEL,20151015,12.40,12.67,12.39,12.67,4517
SOPHARMA,20151015,5.75,6.31,5.75,6.31,3
STALEXP,20151015,3.14,3.18,3.13,3.17,6249
STALPROD,20151015,327.45,327.50,327.40,327.50,68
STAPORKOW,20151015,5.20,5.20,5.15,5.15,1074
STARHEDGE,20151015,0.80,0.87,0.77,0.79,68988
SUNEX,20151015,0.23,0.27,0.22,0.25,10033073
SUWARY,20151015,10.85,10.85,10.83,10.85,155
SWISSMED,20151015,1.98,1.98,1.88,1.98,1585
SYGNITY,20151015,9.30,9.38,9.29,9.29,22824
SYNEKTIK,20151015,15.99,15.99,15.98,15.99,293
SYNTHOS,20151015,3.86,3.87,3.85,3.87,563990
TALEX,20151015,18.00,18.14,18.00,18.14,44
TARCZYNSKI,20151015,13.53,13.53,13.53,13.53,2
TATRY,20151015,101.00,102.20,99.00,99.00,50
TAURONPE,20151015,3.17,3.20,3.15,3.20,3766478
TERESA,20151015,15.30,15.33,15.28,15.33,3831
TERMOREX,20151015,2.90,2.90,2.75,2.85,1418
TESGAS,20151015,3.45,3.45,3.40,3.45,3929
TFONE,20151015,2.91,2.92,2.88,2.92,16164
TIM,20151015,8.70,8.70,8.24,8.60,1986
TORPOL,20151015,11.39,11.64,11.38,11.64,16583
TOYA,20151015,5.60,5.93,5.60,5.93,612
TRAKCJA,20151015,9.74,10.06,9.74,10.05,110211
TRANSPOL,20151015,4.95,4.95,4.48,4.49,35216
TRIGONPP,20151015,114.23,114.23,114.23,114.23,100
ULMA,20151015,78.50,78.50,78.50,78.50,1
UNIBEP,20151015,11.30,11.31,11.02,11.25,2439
UNIMA,20151015,2.02,2.21,2.02,2.21,4825
UNIWHEELS,20151015,114.20,116.00,113.50,114.00,1174
URSUS,20151015,2.81,2.84,2.81,2.83,59007
VANTAGE,20151015,2.51,2.52,2.48,2.52,5054
VARIANT,20151015,1.58,1.60,1.58,1.60,2235
VIGOSYS,20151015,255.00,255.00,255.00,255.00,1
VINDEXUS,20151015,5.63,5.72,5.60,5.72,109034
VISTAL,20151015,11.19,11.19,11.08,11.14,667
VISTULA,20151015,2.97,2.97,2.93,2.94,138032
VOTUM,20151015,16.79,16.79,16.40,16.40,729
VOXEL,20151015,16.58,17.40,16.58,17.30,2610
WADEX,20151015,4.53,4.53,4.50,4.50,223
WARIMPEX,20151015,3.15,3.20,3.15,3.20,1594
WASKO,20151015,1.93,1.93,1.83,1.91,19629
WDX,20151015,5.24,5.25,5.00,5.20,1180
WIELTON,20151015,7.60,7.60,7.33,7.49,5180
WIKANA,20151015,1.71,1.72,1.54,1.72,1712
WILBO,20151015,1.28,1.30,1.26,1.29,77058
WINDMOBIL,20151015,8.00,8.00,7.80,7.90,17241
WINDMOBIL-PDA,20151015,7.74,7.74,7.74,7.74,1015
WINVEST,20151015,4.00,4.10,4.00,4.10,798
WIRTUALNA,20151015,39.30,39.49,39.30,39.49,8284
WOJAS,20151015,6.50,6.62,6.50,6.62,2160
WORKSERV,20151015,14.90,14.90,14.85,14.85,578
YAWAL,20151015,5.04,5.04,5.00,5.00,2736
ZAMET,20151015,1.97,1.98,1.97,1.98,23857
ZASTAL,20151015,0.63,0.68,0.63,0.66,152105
ZEPAK,20151015,13.62,13.79,13.45,13.45,63275
ZETKAMA,20151015,88.16,89.99,88.16,89.99,913
ZPUE,20151015,341.00,350.05,341.00,341.00,63
ZUE,20151015,7.56,8.30,7.55,8.24,31958
ZYWIEC,20151015,397.00,399.95,395.00,399.95,156
INVESTORMS,20151015,3742.41,3764.19,3742.41,3764.19,108305.315
MWIG40,20151015,3712.67,3754.80,3712.67,3753.41,66902.222
NCINDEX30,20151015,1050.28,1055.84,1037.40,1039.69,6064.200
RESPECT,20151015,2633.59,2652.69,2632.16,2652.69,369465.833
SWIG80,20151015,13374.26,13416.02,13358.62,13394.44,25583.497
WIG,20151015,51360.47,51632.93,51359.52,51599.62,638456.777
WIG-BANKI,20151015,6915.45,6915.45,6886.55,6886.55,146089.236
WIG-BUDOW,20151015,3095.82,3105.88,3095.82,3105.88,4092.743
WIG-CEE,20151015,752.56,752.56,748.51,748.51,6268.199
WIG-CHEMIA,20151015,15000.95,15134.45,15000.95,15134.45,6589.042
WIG-DEWEL,20151015,1475.91,1487.15,1475.91,1487.15,3747.917
WIG-ENERG,20151015,3393.74,3398.95,3393.74,3394.26,54377.171
WIG-INFO,20151015,1641.33,1655.08,1641.33,1655.08,24560.641
WIG-MEDIA,20151015,4524.11,4547.69,4501.03,4547.69,10180.617
WIG-PALIWA,20151015,4761.68,4761.68,4753.22,4753.22,151327.816
WIG-POLAND,20151015,52647.56,52769.63,52647.56,52769.63,631116.585
WIG-SPOZYW,20151015,3714.42,3716.51,3714.42,3716.51,6352.217
WIG-SUROWC,20151015,2951.83,2991.18,2951.83,2991.18,60232.752
WIG-TELKOM,20151015,902.11,912.41,902.11,912.41,11282.030
WIG-UKRAIN,20151015,384.93,386.19,384.93,385.19,5485.636
WIG20,20151015,2125.36,2142.00,2125.36,2136.42,522885.779
WIG20LEV,20151015,663.60,673.96,663.60,670.49,522885.779
WIG20SHORT,20151015,3702.65,3702.65,3673.49,3683.27,522885.779
WIG20TR,20151015,3508.56,3509.81,3507.22,3509.81,522885.779
WIG30,20151015,2365.59,2376.79,2363.44,2374.09,544722.093
WIG30TR,20151015,3849.89,3855.71,3849.89,3855.71,544722.093
WIGDIV,20151015,1098.79,1104.42,1097.89,1103.90,312807.416
08OCTAVA,20151015,1.25,1.25,1.25,1.25,934
ADVADIS,20151015,0.01,0.01,0.01,0.01,2000
AMPLI,20151015,0.25,0.25,0.25,0.25,5000
ARCUS,20151015,0.93,0.93,0.93,0.93,2000
AURUM,20151015,0.74,0.74,0.74,0.74,2065
BEDZIN,20151015,14.90,14.91,14.90,14.91,2150
CCENERGY,20151015,0.06,0.06,0.06,0.06,14250
CFI,20151015,10.00,10.00,10.00,10.00,5
COALENERG,20151015,0.68,0.69,0.68,0.69,3001
COMPERIA,20151015,18.40,18.40,18.40,18.40,1111
DREWEX,20151015,1.20,1.20,1.20,1.20,5232
DROP,20151015,1.25,1.25,1.25,1.25,1090
EFH,20151015,0.05,0.06,0.05,0.06,22747
EKANCELAR,20151015,0.05,0.05,0.04,0.04,541601
HUTMEN,20151015,5.09,5.09,5.08,5.08,709
IDEON,20151015,0.01,0.01,0.01,0.01,227657
INTERFERI,20151015,4.59,4.59,4.59,4.59,150
KCI,20151015,0.03,0.03,0.03,0.03,275649
KDMSHIPNG,20151015,3.76,3.76,3.74,3.74,400
KOMPAP,20151015,8.49,8.49,7.65,7.65,475
MIT,20151015,0.15,0.15,0.15,0.15,140154
MSXRESOUR,20151015,0.45,0.45,0.42,0.42,52405
NEWWORLDR,20151015,0.03,0.03,0.03,0.03,500000
PBOANIOLA,20151015,0.10,0.12,0.10,0.12,1359
PBSFINANSE,20151015,3.50,3.50,3.50,3.50,300
PEMUG,20151015,0.48,0.48,0.48,0.48,300
PETROLINV,20151015,0.15,0.15,0.15,0.15,557836
PLAZACNTR,20151015,0.13,0.13,0.13,0.13,10000
POLCOLORIT,20151015,1.11,1.25,1.11,1.25,3740
POLIMEXMS,20151015,6.00,6.00,6.00,6.00,399578
REGNON,20151015,1.21,1.21,1.21,1.21,1804
SANWIL,20151015,0.82,0.82,0.81,0.81,5477
SKYLINE,20151015,0.52,0.53,0.52,0.53,8656
SKYSTONE,20151015,3.30,3.30,3.30,3.30,701
WISTIL,20151015,37.00,37.00,37.00,37.00,50
ZREMB,20151015,1.16,1.16,1.16,1.16,3003
01CYBATON,20151015,3.21,3.33,3.05,3.17,77920
11BIT,20151015,65.50,70.00,65.36,69.79,18476
2CPARTNER,20151015,0.62,0.62,0.61,0.61,150
2INTELLECT,20151015,0.43,0.43,0.43,0.43,30
5THAVENUE,20151015,1.32,1.32,1.32,1.32,2140
ABPOL,20151015,0.26,0.27,0.24,0.26,157686
ABSINVEST,20151015,1.85,1.89,1.81,1.86,38835
ACARTUS,20151015,0.29,0.29,0.25,0.25,1730
ADFORM,20151015,8.48,8.48,8.48,8.48,5
ADMASSIVE,20151015,0.31,0.31,0.30,0.30,2146
ADVOCULAR,20151015,2.35,2.50,2.30,2.50,575
AEDES,20151015,0.77,0.77,0.67,0.74,3070
AERFINANC,20151015,0.42,0.42,0.42,0.42,30
AGROLIGA,20151015,15.74,15.74,14.85,15.59,267
AGROTOUR,20151015,0.46,0.47,0.46,0.47,5530
AIRWAY,20151015,1.50,1.53,1.44,1.53,41767
AITON,20151015,1.10,1.10,1.10,1.10,25
ALDA,20151015,1.46,1.46,1.46,1.46,10
ALEJA,20151015,0.23,0.23,0.23,0.23,500
ALUMAST,20151015,0.91,0.91,0.91,0.91,1500
APANET,20151015,4.80,5.58,4.80,4.99,556
APS,20151015,3.15,3.15,3.10,3.10,1630
AQUABB,20151015,13.20,14.00,13.20,14.00,142
AQUAPOZ,20151015,7.99,7.99,7.27,7.27,270
ARI,20151015,0.54,0.55,0.44,0.54,46583
ARRINERA,20151015,9.30,11.00,9.30,9.30,1365
ARTBIZNES,20151015,0.35,0.35,0.35,0.35,30
ARTNEWMED,20151015,0.03,0.03,0.03,0.03,500
ARTNEWS,20151015,1.61,1.65,1.60,1.65,306
ARTP,20151015,0.10,0.10,0.10,0.10,100
ASMGROUP,20151015,2.27,2.30,2.27,2.30,1410
ASSETUS,20151015,0.99,1.12,0.96,0.97,2250
ASTORIA,20151015,3.75,3.75,3.75,3.75,7
ATCCARGO,20151015,2.96,2.96,2.96,2.96,4
ATONHT,20151015,0.15,0.15,0.14,0.14,29692
AUTOSPA,20151015,3.29,3.32,3.29,3.32,2882
AZTEC,20151015,2.84,2.84,2.84,2.84,10
BALTICINV,20151015,0.88,0.90,0.86,0.90,127245
BALTICON,20151015,13.50,13.90,13.43,13.90,226
BBCONSULT,20151015,3.84,3.84,3.45,3.84,1502
BDF,20151015,17.00,18.00,17.00,18.00,6
BGE,20151015,0.24,0.24,0.24,0.24,500
BINARY,20151015,0.22,0.22,0.18,0.22,2492
BIOERG,20151015,0.23,0.23,0.21,0.21,1300
BIOGENED,20151015,12.29,12.30,11.00,12.30,1115
BIOMASS,20151015,1.67,1.69,1.61,1.67,8812
BIOMAX,20151015,0.18,0.19,0.17,0.18,122043
BIOMAXIMA,20151015,4.13,4.13,4.10,4.10,20
BIOPLANET,20151015,14.00,15.00,14.00,14.90,2375
BLACKPOIN,20151015,0.42,0.46,0.41,0.46,7681
BLIRT,20151015,1.81,1.81,1.80,1.80,15
BLOOBER,20151015,37.00,38.70,35.35,36.00,9195
BOA,20151015,0.33,0.33,0.33,0.33,100
BOOMERANG,20151015,0.31,0.32,0.31,0.32,23153
BORUTA,20151015,0.32,0.35,0.29,0.30,3143290
BPC,20151015,0.48,0.48,0.48,0.48,30
BROADGATE,20151015,0.82,0.82,0.82,0.82,12
BVT,20151015,1.72,1.82,1.65,1.75,39601
CALESCO,20151015,1.32,1.32,1.32,1.32,10
CCS,20151015,1.03,1.04,1.03,1.04,3000
CCTOOLS,20151015,0.27,0.27,0.26,0.26,3050
CDE,20151015,0.16,0.16,0.14,0.16,21238
CENTURION,20151015,0.31,0.31,0.31,0.31,150
CEREALPLT,20151015,12.19,12.19,12.19,12.19,1
CFBPS,20151015,6.29,6.29,6.29,6.29,1
CLOUD,20151015,94.50,94.60,90.00,94.00,124
COLUMBUS,20151015,0.28,0.29,0.26,0.28,238021
COMECO,20151015,0.37,0.37,0.37,0.37,50
COPERNIC,20151015,14.94,15.94,12.05,12.05,146
CORELENS,20151015,0.67,0.68,0.67,0.68,166
CSY,20151015,3.64,3.64,3.64,3.64,7
CTE,20151015,5.15,5.37,5.00,5.37,6375
CWPE,20151015,0.17,0.17,0.16,0.17,10600
DANKS,20151015,0.86,0.86,0.85,0.86,16120
DASE,20151015,0.44,0.44,0.44,0.44,30
DEKTRA,20151015,9.59,9.68,9.57,9.68,1917
DENTAMDC,20151015,0.01,0.01,0.01,0.01,15400
DEVORAN,20151015,0.32,0.37,0.32,0.33,14243
DOMLEK,20151015,17.70,17.70,17.70,17.70,1
DORADCY24,20151015,0.01,0.01,0.01,0.01,1
EASTSIDE,20151015,1.69,1.69,1.69,1.69,1
EBC,20151015,0.87,0.92,0.87,0.92,1151
EC2,20151015,1.14,1.15,1.06,1.06,4139
ECA,20151015,1.44,1.44,1.44,1.44,1200
ECERAMICS,20151015,0.01,0.01,0.01,0.01,550022
ECOTECH,20151015,1.15,1.15,1.15,1.15,10
EDISON,20151015,1.17,1.17,1.17,1.17,91
EFENERGII,20151015,1.29,1.31,1.04,1.04,3886
EFICOM,20151015,0.59,0.59,0.48,0.54,39035
EFIXDM,20151015,13.50,13.50,13.50,13.50,20
EGB,20151015,3.84,4.13,3.84,4.13,300
EKIOSK,20151015,0.69,0.73,0.64,0.73,24250
EKOBOX,20151015,1.36,1.37,1.24,1.35,1105
EKOPOL,20151015,3.44,3.44,3.20,3.43,1414
EMMERSON,20151015,0.05,0.05,0.04,0.04,181350
EMONT,20151015,1.03,1.03,1.00,1.00,1000
EONET,20151015,5.29,5.29,5.00,5.20,307
EPIGON,20151015,0.17,0.17,0.17,0.17,6000
EQUITIER,20151015,1.90,1.90,1.90,1.90,10
ERNE,20151015,4.52,5.00,4.40,4.84,218855
ERS,20151015,0.28,0.28,0.28,0.28,50
ESKIMOS,20151015,0.30,0.30,0.30,0.30,500
EUROCENT,20151015,10.00,10.00,9.99,10.00,588
EUROTAX,20151015,2.64,2.64,2.63,2.63,121
EXAMOBILE,20151015,2.90,2.90,2.90,2.90,355
EXCELLENC,20151015,1.64,1.64,1.64,1.64,10
EZO,20151015,5.15,5.45,5.15,5.44,3363
FACHOWCY,20151015,0.19,0.19,0.19,0.19,100
FARM51,20151015,14.10,14.45,13.04,13.30,48369
FLUID,20151015,0.90,0.90,0.89,0.89,19852
FLYPL,20151015,0.31,0.37,0.29,0.33,13812778
FOREVEREN,20151015,0.55,0.56,0.52,0.53,58672
FUTURIS,20151015,0.93,0.93,0.93,0.93,20
GALVO,20151015,1.45,1.49,1.45,1.49,276
GCINVEST,20151015,0.82,0.82,0.82,0.82,4254
GEKOPLAST,20151015,9.08,9.10,9.08,9.10,295
GENOMED,20151015,16.51,16.51,16.51,16.51,70
GENRG,20151015,0.13,0.13,0.12,0.13,154300
GEOTRANS,20151015,6.50,7.65,6.50,7.60,6901
GOLAB,20151015,0.35,0.35,0.35,0.35,50
GRAPHIC,20151015,0.31,0.44,0.31,0.44,88342
GREMPCO,20151015,0.13,0.13,0.13,0.13,2750
GRJAGUAR,20151015,0.83,0.83,0.82,0.82,3225
GRUPAEMM,20151015,0.20,0.20,0.16,0.18,112418
GRUPAHRC,20151015,2.86,2.86,2.86,2.86,10
GRUPAREC,20151015,11.99,11.99,11.99,11.99,116
GTRINITY,20151015,5.30,5.30,5.30,5.30,41
HAMBURGER,20151015,1.23,1.23,1.23,1.23,10
HEFAL,20151015,0.25,0.25,0.25,0.25,100
HETAN,20151015,0.68,0.68,0.68,0.68,127
HOLLYWOOD,20151015,5.00,5.00,5.00,5.00,85
HOTBLOK,20151015,0.05,0.05,0.05,0.05,51700
HYDRAPRES,20151015,0.36,0.36,0.36,0.36,5000
HYDROPHI,20151015,0.20,0.20,0.19,0.20,23386
I3D,20151015,0.68,0.69,0.68,0.69,8030
IAI,20151015,5.49,5.50,5.49,5.50,1036
ICPD,20151015,0.42,0.42,0.42,0.42,100
IGORIA,20151015,1.00,1.00,1.00,1.00,1000
IMAGIS,20151015,0.24,0.33,0.24,0.33,37737
INBOOK,20151015,0.43,0.43,0.43,0.43,20
INCANA,20151015,0.67,0.67,0.67,0.67,20
INDEXMEDI,20151015,2.45,2.45,2.45,2.45,10
INFOSCAN,20151015,4.33,4.33,4.22,4.22,25
INFRA,20151015,0.88,0.96,0.83,0.87,45349
INNOGENE,20151015,8.00,8.00,7.81,8.00,1880
INTELIWIS,20151015,1.75,1.75,1.73,1.73,1140
INVENTI,20151015,2.00,2.00,1.98,1.98,550
INVESTEKO,20151015,1.80,1.80,1.80,1.80,20
INWESTPL,20151015,0.30,0.30,0.30,0.30,100
IPODS,20151015,0.24,0.24,0.24,0.24,500
IPOSA,20151015,0.06,0.06,0.06,0.06,150
ISIAG,20151015,1.63,1.63,1.63,1.63,1
IU,20151015,2.70,2.70,2.70,2.70,10
JANTAR,20151015,0.48,0.48,0.48,0.48,1500
JRHOLDING,20151015,0.49,0.50,0.45,0.50,4210
JUJUBEE-PDA,20151015,7.80,8.20,7.00,7.99,86579
KANCELWEC,20151015,0.47,0.47,0.40,0.47,406
KBJ,20151015,5.08,5.08,5.08,5.08,1
KKHERBAL,20151015,0.34,0.34,0.31,0.34,30030
KLASZTORNE,20151015,0.12,0.14,0.11,0.12,291563
KLEBAINV,20151015,4.00,4.00,4.00,4.00,5
KME,20151015,3.20,3.20,3.20,3.20,10
KOMPLEKS,20151015,0.89,0.89,0.89,0.89,100
KORBANK,20151015,1.69,1.69,1.69,1.69,50
KUPIEC,20151015,2.24,2.46,2.20,2.46,910
LABOPRINT,20151015,15.60,15.60,15.60,15.60,17
LAURENPES,20151015,0.03,0.03,0.03,0.03,227871
LEONIDAS,20151015,0.34,0.34,0.34,0.34,13
LETUS,20151015,0.17,0.17,0.15,0.16,208174
LIBERTY,20151015,0.01,0.01,0.01,0.01,70000
LKDESIGN,20151015,6.40,6.40,6.40,6.40,15
LOYD,20151015,0.39,0.39,0.30,0.30,48290
LSTECHHOM,20151015,0.98,1.00,0.93,1.00,3550
LUG,20151015,3.20,3.28,3.20,3.28,1100
LUXIMA,20151015,0.04,0.04,0.04,0.04,300
LZMO,20151015,1.51,1.53,1.47,1.53,6350
MADKOM,20151015,1.75,1.87,1.72,1.87,2030
MAKORA,20151015,1.15,1.15,1.10,1.11,6067
MARKA,20151015,2.40,2.59,2.40,2.59,10
MARSOFT,20151015,0.13,0.13,0.13,0.13,100
MBFGROUP,20151015,6.70,6.77,6.20,6.45,3124
MBPARTNER,20151015,0.03,0.03,0.03,0.03,34
MEDIACAP,20151015,2.49,2.50,2.49,2.50,2500
MEDIANPOL,20151015,0.44,0.44,0.44,0.44,30
MEGASONIC,20151015,6.30,6.30,6.30,6.30,1
MERA,20151015,1.59,1.59,1.59,1.59,20
MERIT,20151015,0.24,0.24,0.24,0.24,50
MILESTONE,20151015,8.00,8.00,8.00,8.00,2
MILKPOL,20151015,0.22,0.23,0.21,0.23,26358
MINERAL,20151015,0.47,0.47,0.47,0.47,1139
MINOX,20151015,0.07,0.08,0.07,0.08,871737
MMCPL,20151015,5.32,5.32,5.32,5.32,15
MOBINI,20151015,0.66,0.66,0.53,0.53,900
MODE,20151015,0.53,0.53,0.53,0.53,17
MOLMEDICA,20151015,0.03,0.03,0.02,0.02,442064
MOMO,20151015,2.75,2.89,2.75,2.89,10006
MORIZON,20151015,1.46,1.46,1.46,1.46,1
MOTORICUS,20151015,0.40,0.40,0.35,0.38,700
MPAY,20151015,0.45,0.51,0.44,0.51,16560
NANOTEL,20151015,2.85,2.85,2.85,2.85,2
NEPTIS,20151015,27.98,29.50,27.98,28.01,400
NETWISE,20151015,3.85,3.85,3.85,3.85,5
NFPL,20151015,0.16,0.18,0.16,0.18,103
NOVATIS,20151015,0.37,0.40,0.36,0.40,14479
NOVAVIS,20151015,1.18,1.22,1.14,1.19,9521
NOVINA,20151015,0.56,0.56,0.54,0.55,7132
ONICO,20151015,36.28,38.85,36.28,38.85,6578
OPTIZENLB,20151015,0.30,0.32,0.30,0.32,2116
ORGANIC,20151015,4.35,4.35,4.00,4.35,10093
ORIONINV,20151015,99.00,99.00,87.45,87.45,19
PARTNER,20151015,0.07,0.07,0.07,0.07,100
PATFUND,20151015,0.38,0.45,0.31,0.42,3326
PCHVENTURE,20151015,0.28,0.28,0.28,0.28,350
PFMEDICAL,20151015,37.50,37.50,34.24,34.24,74
PGPPOLONI,20151015,1.70,1.80,1.70,1.80,1615
PGSSOFT,20151015,8.00,8.00,7.71,7.90,6294
PHARMENA,20151015,20.65,20.65,20.00,20.00,901
PHOTON,20151015,0.77,0.81,0.76,0.80,1593
PIK,20151015,0.34,0.39,0.34,0.37,3100
PILAB,20151015,42.00,43.99,42.00,43.99,166
PLASMA,20151015,13.00,13.00,13.00,13.00,814
PLATIGE,20151015,12.50,12.50,12.38,12.38,352
PLAYMAKER,20151015,0.02,0.02,0.02,0.02,60000
POLFA,20151015,0.33,0.33,0.29,0.30,4904
PPRICE,20151015,0.05,0.05,0.05,0.05,95883
PREFABET,20151015,10.04,10.77,8.30,10.00,533
PREMFOOD,20151015,0.75,0.75,0.75,0.75,2044
PRESTO,20151015,0.70,0.70,0.60,0.60,23525
PRIME,20151015,32.30,32.30,30.30,31.10,1737
PROMISE,20151015,3.40,3.40,3.40,3.40,7500
PRYMUS,20151015,5.10,5.10,5.10,5.10,10
PTWP,20151015,11.49,11.50,11.49,11.50,2
PYLON,20151015,0.20,0.21,0.20,0.21,3001
RAJDY4X4,20151015,0.05,0.06,0.05,0.06,135400
ROBINSON,20151015,11.38,11.90,10.41,11.85,6605
ROCCA,20151015,0.40,0.40,0.40,0.40,30
RSY,20151015,6.93,6.93,6.93,6.93,5
RUCHCHORZ,20151015,0.24,0.24,0.24,0.24,100
SAPLING,20151015,0.29,0.29,0.29,0.29,1
SARE,20151015,28.95,29.90,27.68,29.10,497
SEVENET,20151015,2.56,2.56,2.56,2.56,506
SFERANET,20151015,0.71,0.72,0.71,0.72,2291
SFKPOLKAP,20151015,6.15,6.37,6.15,6.37,513
SILVACG,20151015,0.01,0.01,0.01,0.01,205
SITE,20151015,0.06,0.06,0.06,0.06,5000
SMOKESHOP,20151015,0.28,0.33,0.28,0.33,8000
SMSKREDYT,20151015,0.86,0.86,0.86,0.86,1303
SPC,20151015,0.05,0.05,0.05,0.05,500
STANDREW,20151015,8.30,8.30,7.30,7.30,30
STANUSCH,20151015,8.30,8.50,8.30,8.50,165
STARFIT,20151015,1.29,1.29,1.20,1.20,390
SUMMALING,20151015,4.60,4.60,4.55,4.55,565
SUNTECH,20151015,0.33,0.34,0.33,0.34,4000
SURFLAND,20151015,0.76,0.80,0.75,0.80,1547
SYMBIO,20151015,3.40,3.40,3.30,3.30,110
SZAR,20151015,0.07,0.07,0.07,0.07,200
T2INVEST,20151015,1.75,1.75,1.68,1.68,4610
TABLEO,20151015,0.85,0.88,0.81,0.88,6830
TAMEX,20151015,0.66,0.66,0.53,0.53,45400
TAXNET,20151015,0.43,0.61,0.43,0.61,115355
TAXUSFUND,20151015,0.06,0.06,0.06,0.06,22
TECHMADEX,20151015,20.30,20.30,20.30,20.30,1
TELEMEDPL,20151015,0.96,0.96,0.96,0.96,25
TELESTR,20151015,11.50,12.25,11.40,12.25,1260
TELGAM,20151015,0.25,0.25,0.24,0.25,11100
TELIANI,20151015,0.43,0.43,0.43,0.43,1990
TERMOEXP,20151015,1.80,1.80,1.80,1.80,10
TILIA,20151015,1.12,1.37,1.12,1.34,5095
TRICEPS,20151015,0.46,0.46,0.46,0.46,7610
UNIMOT,20151015,13.00,13.10,13.00,13.10,308
UNITED,20151015,0.61,0.61,0.55,0.59,30364
VAKOMTEK,20151015,1.19,1.19,1.01,1.01,284
VCP,20151015,0.28,0.28,0.28,0.28,50
VELTO,20151015,0.29,0.33,0.29,0.31,9460
VENTUREIN,20151015,2.05,2.05,1.92,1.92,600
VERBICOM,20151015,2.35,2.35,2.35,2.35,30
VIATRON,20151015,5.00,5.00,5.00,5.00,103
VIVID,20151015,6.78,6.78,6.35,6.41,132241
WDBBU,20151015,2.85,2.85,2.85,2.85,502
WESTREAL,20151015,1.40,1.54,1.40,1.54,300
WIERZYCL,20151015,0.48,0.48,0.48,0.48,30
XPLUS,20151015,0.12,0.12,0.11,0.12,22885
XSYSTEM,20151015,0.92,0.92,0.85,0.92,1650
YELLOWHAT,20151015,0.35,0.35,0.31,0.34,46027
YOURIMAGE,20151015,0.38,0.38,0.31,0.38,187629
NCINDEX,20151015,288.72,289.42,285.69,287.39,11632.914
2CP0317,20151015,93.00,93.00,93.00,93.00,2
ALR0421,20151015,103.01,103.01,102.80,103.00,30
BPS0718,20151015,96.55,96.55,96.50,96.50,70
BPS1122,20151015,97.00,97.00,97.00,97.00,100
BST0418,20151015,100.32,100.32,100.32,100.32,139
BSW0424,20151015,93.20,93.20,93.20,93.20,2
BZW1216,20151015,100.65,100.77,100.65,100.77,1279
CAP0617,20151015,100.00,100.00,100.00,100.00,465
CAP0917,20151015,100.49,100.50,100.20,100.20,550
CAS1216,20151015,99.00,99.50,99.00,99.50,150
CPS0721,20151015,101.30,101.40,101.30,101.30,1150
CZT0416,20151015,70.00,70.00,70.00,70.00,3
DAY0916,20151015,26.02,26.02,21.02,21.02,359
DS0725,20151015,104.30,104.90,104.30,104.90,5414
DS1015,20151015,100.00,100.00,100.00,100.00,73
DS1020,20151015,114.98,115.00,114.98,115.00,7
ECH0318,20151015,102.04,102.04,102.04,102.04,140
ECH0418,20151015,101.79,101.79,101.79,101.79,1887
FFI1116,20151015,91.99,91.99,91.99,91.99,1
GNB0218,20151015,97.41,98.00,97.41,98.00,20
GNB0321,20151015,91.25,91.25,91.00,91.00,33
GNB0420,20151015,92.40,92.40,92.40,92.40,2
GNB0421,20151015,91.75,91.75,91.75,91.75,4
GNB0518,20151015,96.24,97.00,96.23,97.00,67
GNB0819,20151015,94.03,95.77,94.03,95.03,146
GNB1019,20151015,95.00,95.00,95.00,95.00,3
GNB1120,20151015,91.50,91.50,91.50,91.50,1
GNB1220,20151015,91.49,91.49,91.49,91.49,3
GTB0617,20151015,94.99,94.99,94.99,94.99,4
IDS1018,20151015,110.50,110.50,110.50,110.50,44
IVO0616,20151015,92.50,93.00,92.50,93.00,12
KME0916,20151015,99.45,99.99,99.45,99.99,28
KOS0516,20151015,99.00,99.98,99.00,99.98,23
KOS1117,20151015,98.50,99.87,98.50,99.87,16
KR20116,20151015,99.90,99.90,99.60,99.60,16
KRI0116,20151015,99.80,99.80,99.80,99.80,6
KRS0416,20151015,64.00,67.00,64.00,67.00,100
KRU0317,20151015,103.35,103.35,103.35,103.35,78
KRU1216,20151015,103.60,103.60,103.60,103.60,18
LKD1017,20151015,100.30,100.34,100.30,100.34,11
MKR0916,20151015,99.45,99.45,99.45,99.45,2
MRB0717,20151015,89.00,89.00,84.52,85.00,338
MUL1116,20151015,100.20,100.20,100.20,100.20,20
MUR0418,20151015,100.00,100.00,100.00,100.00,267
MUR1116,20151015,100.39,100.39,100.20,100.20,120
MWD0216,20151015,99.50,99.50,99.50,99.50,3
MWT0416,20151015,99.80,99.80,99.80,99.80,380
MWT0417,20151015,99.80,99.90,99.80,99.90,430
MWT0616,20151015,99.10,99.99,99.10,99.99,189
OK0116,20151015,99.56,99.65,99.56,99.65,22
PBS0720,20151015,99.43,99.43,99.43,99.43,4
PBS1021,20151015,96.70,96.70,96.00,96.00,45
PBS1024,20151015,99.10,99.10,99.10,99.10,100
PCR0416,20151015,100.80,100.80,100.60,100.80,120
PCR0419,20151015,100.80,100.80,100.80,100.80,60
PCR0620,20151015,100.25,100.26,100.25,100.26,266
PCR1019,20151015,100.80,100.80,100.80,100.80,61
PKN0418,20151015,101.09,101.09,101.00,101.00,350
PND0217,20151015,100.50,100.50,100.50,100.50,3
PND0618,20151015,99.70,99.70,99.70,99.70,4
PRF0418,20151015,99.98,99.98,99.95,99.95,8
PRI1117,20151015,99.75,99.75,99.75,99.75,4
PS0718,20151015,102.00,102.00,102.00,102.00,10
RGS0717,20151015,96.00,96.00,91.00,96.00,24
ROG0218,20151015,101.05,101.05,101.05,101.05,60
RON0119,20151015,99.80,99.80,99.80,99.80,100
SAF1115,20151015,98.55,98.55,98.55,98.55,50
SAL0317,20151015,97.00,97.00,97.00,97.00,5
SBK0923,20151015,98.90,98.90,98.90,98.90,49
WLO0516,20151015,45.00,45.00,45.00,45.00,20
WS0429,20151015,129.00,130.00,129.00,130.00,15
WZ0121,20151015,98.10,98.10,98.10,98.10,10
WZ0124,20151015,97.00,97.00,97.00,97.00,2
