FACPZ15,20151019,55.09,55.09,55.09,55.09,2,17
FALRZ15,20151019,82.89,82.89,82.89,82.89,1,4
FCDRZ15,20151019,26.72,26.72,26.54,26.66,11,352
FCHF,20151019,392.34,393.66,391.90,393.49,214,2345
FCHFH16,20151019,394.80,394.80,394.70,394.70,10,644
FCHFWS,20151019,392.34,393.66,391.90,393.49,204,1386
FCHFZ15,20151019,392.34,393.66,391.90,393.49,204,1386
FEUR,20151019,424.70,425.49,424.45,425.47,113,22111
FEURH16,20151019,426.24,427.07,426.24,427.07,6,10301
FEURM16,20151019,428.20,428.20,427.69,427.70,4,378
FEURU16,20151019,430.32,430.53,430.32,430.53,2,104
FEURWS,20151019,424.39,424.39,424.39,424.39,1,1
FEURX15,20151019,424.39,424.39,424.39,424.39,1,1
FEURZ15,20151019,424.70,425.49,424.45,425.47,100,11327
FGPWZ15,20151019,38.63,38.63,38.63,38.63,1,25
FJSWZ15,20151019,12.36,12.59,12.34,12.42,101,1879
FKGHH16,20151019,93.65,93.80,91.24,91.24,21,50
FKGHM16,20151019,93.76,94.00,91.77,91.77,23,92
FKGHZ15,20151019,93.03,94.80,90.70,91.11,1534,1685
FLTSZ15,20151019,29.78,29.93,29.78,29.82,8,142
FLWBZ15,20151019,53.60,53.60,53.60,53.60,6,229
FOPLZ15,20151019,7.39,7.50,7.35,7.36,189,321
FPEOZ15,20151019,155.40,156.65,154.25,154.80,105,242
FPGEH16,20151019,14.42,14.45,14.39,14.45,10,73
FPGEM16,20151019,14.39,14.45,14.38,14.45,20,30
FPGEZ15,20151019,14.47,14.51,14.17,14.28,265,2443
FPGNM16,20151019,6.80,6.81,6.80,6.81,2,20
FPGNZ15,20151019,6.71,6.83,6.70,6.80,90,367
FPKNZ15,20151019,64.82,65.00,63.51,64.90,645,1713
FPKOH16,20151019,30.32,30.32,30.02,30.02,6,78
FPKOZ15,20151019,30.19,30.56,29.70,29.80,610,2158
FPZUZ15,20151019,387.20,389.90,382.25,383.00,176,1032
FTPEH16,20151019,3.34,3.34,3.26,3.27,6,50
FTPEZ15,20151019,3.28,3.28,3.23,3.26,56,1070
FUSD,20151019,372.82,375.77,372.82,375.77,3346,21906
FUSDH16,20151019,376.20,376.44,375.22,376.44,8,2380
FUSDM16,20151019,375.32,377.18,375.32,377.18,22,85
FUSDU16,20151019,378.00,378.00,378.00,378.00,1,43
FUSDWS,20151019,374.00,375.41,374.00,375.41,2,5
FUSDX15,20151019,374.00,375.41,374.00,375.41,2,5
FUSDZ15,20151019,372.82,375.77,372.82,375.77,3313,19393
FW20,20151019,2131,2137,2110,2110,9698,54338
FW20H1620,20151019,2137,2140,2120,2124,38,323
FW20M1620,20151019,2126,2126,2109,2109,4,121
FW20U1620,20151019,2108,2108,2103,2103,3,82
FW20WS,20151019,2131,2137,2110,2110,9653,53812
FW20Z1520,20151019,2131,2137,2110,2110,9653,53812
FW40Z15,20151019,3701,3713,3686,3700,184,2477
OW20A162250,20151019,27.20,27.20,27.20,27.20,5,5
OW20A162400,20151019,4.38,4.38,4.38,4.38,6,6
OW20A162450,20151019,2.94,2.94,2.94,2.94,6,6
OW20C162200,20151019,69.00,69.00,69.00,69.00,3,28
OW20C162400,20151019,19.60,19.60,18.61,18.61,4,84
OW20C162500,20151019,7.19,7.19,7.19,7.19,1,66
OW20C162600,20151019,2.79,2.79,2.53,2.56,4,205
OW20C162700,20151019,1.00,1.00,1.00,1.00,26,209
OW20F162700,20151019,4.18,4.18,4.18,4.18,1,212
OW20I162600,20151019,12.25,12.25,11.76,11.76,6,90
OW20K152000,20151019,133.00,133.00,133.00,133.00,1,2
OW20K152075,20151019,78.60,78.60,75.45,76.55,50,50
OW20K152125,20151019,39.13,40.40,39.13,40.40,6,6
OW20K152150,20151019,35.00,35.00,28.00,28.00,8,38
OW20K152175,20151019,23.00,23.00,20.40,20.40,5,4
OW20K152200,20151019,17.50,19.20,13.77,13.83,44,95
OW20K152225,20151019,8.18,8.54,8.18,8.54,15,15
OW20K152250,20151019,8.00,8.00,5.00,5.30,29,68
OW20K152275,20151019,4.00,4.00,4.00,4.00,2,2
OW20K152300,20151019,3.00,3.00,2.00,2.00,98,156
OW20K152350,20151019,1.00,1.00,1.00,1.00,40,184
OW20L152100,20151019,83.30,83.30,79.10,79.65,85,232
OW20L152150,20151019,59.95,59.95,51.80,52.30,76,174
OW20L152200,20151019,32.93,33.75,30.00,30.00,12,1257
OW20L152250,20151019,19.64,19.64,17.10,17.10,17,87
OW20L152300,20151019,9.00,11.50,8.70,9.00,20,468
OW20L152350,20151019,6.39,6.55,4.29,4.29,43,127
OW20L152400,20151019,3.00,3.00,3.00,3.00,2,329
OW20L152500,20151019,1.50,1.50,1.50,1.50,10,1064
OW20L152800,20151019,0.20,0.20,0.20,0.20,2,77
OW20M161700,20151019,3.81,3.81,3.81,3.81,6,6
OW20M161850,20151019,13.75,13.75,12.45,12.45,10,10
OW20M161900,20151019,18.96,18.96,17.95,17.95,10,10
OW20M161950,20151019,25.45,25.45,25.45,25.45,5,5
OW20O161700,20151019,6.20,8.27,6.20,7.95,43,117
OW20O161800,20151019,15.50,16.58,15.50,16.20,12,118
OW20O161900,20151019,27.90,28.00,27.90,28.00,4,145
OW20O162200,20151019,141.00,141.00,141.00,141.00,6,79
OW20R161700,20151019,16.00,16.00,16.00,16.00,5,52
OW20W151800,20151019,1.35,1.35,1.35,1.35,1,97
OW20W151825,20151019,2.00,2.19,2.00,2.19,40,40
OW20W151850,20151019,2.00,2.45,2.00,2.39,64,137
OW20W151900,20151019,4.48,4.72,4.48,4.50,9,29
OW20W151925,20151019,5.24,5.92,5.24,5.92,10,10
OW20W151950,20151019,7.00,8.08,6.51,8.08,22,57
OW20W151975,20151019,8.60,10.47,8.60,10.07,11,9
OW20W152000,20151019,12.00,13.10,11.70,13.10,3,33
OW20W152025,20151019,13.99,18.65,13.79,18.65,4,4
OW20W152050,20151019,21.25,24.33,19.87,24.30,23,86
OW20W152075,20151019,27.68,27.68,27.68,27.68,5,5
OW20W152100,20151019,36.00,41.99,35.57,41.99,23,74
OW20W152125,20151019,50.00,52.95,50.00,52.95,4,4
OW20W152150,20151019,57.10,66.00,55.65,66.00,69,74
OW20W152200,20151019,90.80,92.30,90.80,92.30,6,7
OW20W152450,20151019,337.50,337.50,337.50,337.50,1,2
OW20X151650,20151019,1.41,1.76,1.41,1.76,51,71
OW20X151700,20151019,2.15,2.78,2.15,2.78,30,520
OW20X151750,20151019,3.35,4.29,3.35,4.24,43,207
OW20X151800,20151019,5.05,5.05,5.05,5.05,10,347
OW20X151850,20151019,8.18,8.18,8.18,8.18,15,77
OW20X151900,20151019,10.90,13.64,10.90,13.64,7,3629
OW20X151950,20151019,18.20,20.52,18.20,20.52,10,77
OW20X152000,20151019,24.00,32.28,24.00,32.28,16,580
OW20X152050,20151019,43.00,43.00,42.00,42.00,15,95
OW20X152100,20151019,61.85,61.85,61.00,61.00,15,1180
OW20X152200,20151019,107.00,107.00,106.20,106.20,20,1224
OW20X152400,20151019,275.00,275.00,275.00,275.00,1,32
06MAGNA,20151019,1.90,1.92,1.85,1.92,1410
4FUNMEDIA,20151019,4.96,5.15,4.96,5.15,3861
AATHOLD,20151019,22.45,22.45,22.40,22.40,816
ABCDATA,20151019,3.21,3.21,3.15,3.16,7570
ABMSOLID,20151019,0.56,0.56,0.56,0.56,540
ABPL,20151019,37.22,37.43,36.36,36.36,676
ACAUTOGAZ,20151019,30.50,30.80,30.50,30.80,510
ACE,20151019,11.80,11.94,11.55,11.92,1842
ACTION,20151019,23.61,24.39,23.33,23.49,5139
ADIUVO,20151019,26.00,26.00,26.00,26.00,152
ADIUVO-PDA,20151019,25.80,26.00,25.80,26.00,28
AGORA,20151019,11.02,11.03,11.02,11.02,4945
AGROTON,20151019,1.33,1.36,1.31,1.34,54608
AGROWILL,20151019,0.96,0.97,0.96,0.97,1240
ALCHEMIA,20151019,4.76,4.89,4.76,4.89,36306
ALIOR,20151019,82.89,83.37,82.50,82.80,42609
ALMA,20151019,9.00,9.00,8.65,8.65,1227
ALTA,20151019,1.94,2.04,1.94,2.04,22139
ALTUSTFI,20151019,10.72,10.80,10.72,10.75,291
ALUMETAL,20151019,48.00,48.00,47.50,47.50,1167
AMBRA,20151019,8.70,8.75,8.61,8.65,19188
AMICA,20151019,161.35,162.95,160.55,161.60,1375
AMREST,20151019,173.50,178.50,173.50,175.40,14446
APATOR,20151019,34.30,34.38,32.61,32.80,5145
APLISENS,20151019,12.75,12.75,12.75,12.75,160
APSENERGY,20151019,5.32,5.32,4.85,5.30,6016
ARCTIC,20151019,3.19,3.26,3.16,3.24,30452
ARKASWE17,20151019,71.82,74.50,71.82,74.50,41
ARTERIA,20151019,15.34,15.34,14.90,14.90,505
ASBIS,20151019,1.06,1.08,1.06,1.08,54115
ASSECOBS,20151019,15.00,15.00,15.00,15.00,25
ASSECOPOL,20151019,54.66,55.20,54.50,55.03,93474
ASSECOSEE,20151019,9.96,9.96,9.96,9.96,5
ASTARTA,20151019,31.05,31.29,30.65,30.65,2072
ATAL,20151019,21.76,21.76,21.76,21.76,5
ATENDE,20151019,2.67,2.85,2.67,2.80,33467
ATLANTAPL,20151019,8.48,8.70,8.48,8.70,7777
ATLANTIS,20151019,0.67,0.71,0.67,0.70,109617
ATLASEST,20151019,0.96,0.96,0.96,0.96,2750
ATM,20151019,9.34,9.34,9.34,9.34,10
ATMGRUPA,20151019,3.40,3.45,3.38,3.45,8011
ATREM,20151019,4.80,4.80,4.79,4.80,245
AVIAAML,20151019,5.22,5.22,5.21,5.21,51
AVIASG,20151019,20.75,20.75,20.75,20.75,1
AWBUD,20151019,2.94,3.14,2.94,3.14,4725
BANKBPH,20151019,36.85,37.00,36.56,37.00,18035
BBIDEV,20151019,0.99,1.00,0.97,0.99,44682
BENEFIT,20151019,427.00,427.50,418.50,427.50,343
BETACOM,20151019,10.30,10.30,10.30,10.30,300
BGZBNPP,20151019,51.01,51.01,50.01,51.00,375
BIOMEDLUB,20151019,2.85,2.90,2.85,2.90,300
BIOTON,20151019,10.48,10.60,10.30,10.60,64113
BMPAG,20151019,2.73,2.73,2.73,2.73,42
BOGDANKA,20151019,58.50,58.51,56.81,58.32,35146
BORYSZEW,20151019,5.08,5.15,5.08,5.11,114182
BOS,20151019,23.10,23.36,23.10,23.11,94
BOWIM,20151019,2.26,2.27,2.20,2.26,19882
BRASTER,20151019,13.40,14.20,13.26,13.97,14798
BRIJU,20151019,13.25,13.75,12.90,13.75,735
BSCDRUK,20151019,34.78,34.78,34.50,34.50,803
BUDIMEX,20151019,209.00,209.05,207.00,209.00,15215
BUMECH,20151019,0.79,0.81,0.78,0.78,30779
BYTOM,20151019,3.12,3.12,3.08,3.08,23721
BZWBK,20151019,317.00,318.80,313.45,315.70,42337
CALATRAVA,20151019,0.63,0.64,0.62,0.64,35054
CAMMEDIA,20151019,6.07,6.07,6.07,6.07,50
CAPITAL,20151019,2.27,2.27,2.19,2.25,5193
CCC,20151019,173.30,174.00,172.00,173.90,33756
CDPROJEKT,20151019,27.00,27.00,26.53,26.66,89761
CDRL,20151019,18.77,18.80,18.77,18.80,4153
CELTIC,20151019,4.95,4.95,4.95,4.95,1
CEZ,20151019,76.32,76.32,75.50,76.00,672
CHEMOS,20151019,1.67,1.70,1.51,1.55,198891
CIECH,20151019,70.50,72.99,70.50,72.99,20652
CIGAMES,20151019,24.20,25.00,24.10,24.84,142097
CNT,20151019,8.21,8.40,8.20,8.20,2490
COGNOR,20151019,1.23,1.23,1.21,1.21,6746
COLIAN,20151019,4.52,4.52,4.42,4.45,19824
COMARCH,20151019,125.00,125.00,123.00,123.00,129
COMP,20151019,58.00,58.00,54.05,54.50,23215
CORMAY,20151019,1.69,1.71,1.69,1.70,44739
CPGROUP,20151019,6.07,6.07,6.07,6.07,5
CUBEITG,20151019,4.70,5.12,4.70,5.01,644
CYFRPLSAT,20151019,25.50,25.65,23.74,24.23,646119
CZTOREBKA,20151019,1.13,1.17,1.10,1.15,124144
DEBICA,20151019,85.40,85.90,82.57,85.90,2061
DECORA,20151019,7.24,7.35,7.24,7.35,6672
DELKO,20151019,8.80,8.83,8.55,8.69,336
DGA,20151019,5.70,5.70,5.70,5.70,1
DMWDM,20151019,0.34,0.34,0.31,0.34,23422
DOMDEV,20151019,50.59,51.00,50.53,51.00,59
DROZAPOL,20151019,2.25,2.25,2.25,2.25,26
DTP,20151019,4.56,4.56,4.35,4.54,58
DUDA,20151019,5.95,6.03,5.95,6.00,7851
DUON,20151019,3.44,3.47,3.42,3.43,81446
ECHO,20151019,6.91,6.92,6.91,6.91,2408
EDINVEST,20151019,2.37,2.37,2.25,2.25,1902
EFEKT,20151019,15.73,15.73,15.60,15.60,66
EKOEXPORT,20151019,14.95,15.10,14.90,15.09,4999
ELBUDOWA,20151019,155.00,155.95,154.70,155.95,653
ELEKTROTI,20151019,18.00,18.98,18.00,18.86,15264
ELEMENTAL,20151019,4.29,4.44,4.23,4.27,933671
ELKOP,20151019,1.29,1.31,1.29,1.31,925
ELZAB,20151019,14.62,15.14,14.62,15.14,560
EMCINSMED,20151019,14.99,14.99,14.99,14.99,1
EMPERIA,20151019,65.30,66.30,65.30,66.30,16717
ENAP,20151019,0.85,0.88,0.85,0.88,105
ENEA,20151019,13.75,13.77,13.55,13.71,163529
ENELMED,20151019,11.49,11.50,11.49,11.49,201
ENERGA,20151019,17.40,17.59,17.30,17.30,437938
ENERGOINS,20151019,10.48,10.99,10.40,10.99,15361
ERBUD,20151019,32.90,32.90,32.90,32.90,1
ERG,20151019,21.95,21.95,21.30,21.30,65
ERGIS,20151019,5.18,5.18,5.01,5.09,41114
ESSYSTEM,20151019,2.95,2.95,2.89,2.94,3606
ETFDAX,20151019,411.54,416.00,411.54,416.00,33
ETFSP500,20151019,77.30,77.90,77.30,77.90,168
ETFW20L,20151019,245.11,245.11,242.63,242.85,204
EUCO,20151019,51.75,52.50,50.65,51.90,398
EUROCASH,20151019,47.25,48.98,47.25,48.80,452463
EUROHOLD,20151019,3.19,3.19,3.19,3.19,1
EUROTEL,20151019,17.40,17.44,17.40,17.44,336
EVEREST,20151019,1.58,1.58,1.50,1.50,1616
FAMUR,20151019,1.87,1.89,1.86,1.88,17261
FARMACOL,20151019,62.10,62.10,61.28,61.41,259
FASING,20151019,17.13,17.49,17.13,17.49,389
FASTFIN,20151019,0.70,0.70,0.65,0.65,13375
FEERUM,20151019,21.98,21.98,20.67,21.20,602
FERRO,20151019,11.04,11.30,11.04,11.30,3884
FERRUM,20151019,4.68,4.82,4.68,4.81,410
FON,20151019,0.62,0.66,0.62,0.66,27273
FORTE,20151019,53.48,53.48,52.40,52.50,10690
FOTA,20151019,0.80,0.82,0.66,0.68,483402
GETIN,20151019,1.67,1.67,1.65,1.66,114726
GETINOBLE,20151019,0.94,0.96,0.94,0.95,3410315
GINOROSSI,20151019,2.58,2.65,2.50,2.53,16830
GLCOSMED,20151019,4.31,4.42,4.31,4.42,4040
GPW,20151019,38.04,38.95,38.00,38.41,67294
GRAAL,20151019,32.60,32.60,31.46,31.47,857
GRAJEWO,20151019,25.92,26.98,25.91,26.90,109855
GREMMEDIA,20151019,1.85,1.88,1.85,1.85,4151
GROCLIN,20151019,14.39,14.65,14.01,14.40,52363
GRODNO,20151019,5.70,5.71,5.50,5.70,6560
GRUPAAZOTY,20151019,90.50,93.13,90.35,93.13,23845
GTC,20151019,7.03,7.08,7.00,7.00,116032
GTC-PDA,20151019,7.01,7.01,6.97,6.97,1686
HANDLOWY,20151019,86.95,87.95,86.11,87.95,94527
HARPER,20151019,1.95,1.95,1.95,1.95,1
HAWE,20151019,1.01,1.08,1.00,1.04,2370968
HELIO,20151019,4.19,4.19,4.03,4.19,523
HERKULES,20151019,4.20,4.20,4.00,4.14,29067
HUBSTYLE,20151019,1.11,1.11,1.11,1.11,200
HYDROTOR,20151019,37.50,37.50,37.50,37.50,2
HYPERION,20151019,3.64,3.64,3.33,3.33,91172
IDEABANK,20151019,25.55,25.55,25.55,25.55,2212
IDMSA,20151019,1.55,1.57,1.47,1.55,1184
IFCAPITAL,20151019,3.03,3.33,3.03,3.33,92939
IFSA,20151019,0.69,0.73,0.63,0.72,142555
IMCOMPANY,20151019,6.70,6.80,6.65,6.80,1439
IMMOBILE,20151019,2.39,2.39,2.38,2.38,70
IMPEL,20151019,27.90,27.90,27.60,27.90,51
IMPERA,20151019,1.55,1.60,1.55,1.55,799
IMPEXMET,20151019,2.68,2.69,2.66,2.68,63427
IMS,20151019,2.05,2.06,2.05,2.05,2695
INC,20151019,2.24,2.24,2.24,2.24,50
INDATA,20151019,0.90,0.91,0.87,0.90,72565
INDYGO,20151019,0.95,1.01,0.93,1.00,874807
INDYKPOL,20151019,95.00,96.90,95.00,95.45,320
INGBSK,20151019,126.90,128.70,126.90,128.70,11146
INPOST,20151019,24.10,24.12,24.04,24.05,6565
INSTALKRK,20151019,11.30,12.66,11.30,12.66,18098
INTEGERPL,20151019,118.15,119.45,116.80,119.30,1283
INTERAOLT,20151019,17.55,18.00,17.25,18.00,180
INTERBUD,20151019,2.19,2.82,2.13,2.63,184089
INTERCARS,20151019,245.00,245.50,240.00,240.20,1063
INTERSPPL,20151019,3.00,3.19,2.71,2.76,108526
INTROL,20151019,9.90,9.90,9.89,9.89,33
INVFIZ,20151019,930.00,930.00,930.00,930.00,10
INVISTA,20151019,2.18,2.27,2.15,2.21,7209
IPOPEMA,20151019,2.99,2.99,2.99,2.99,19
IQP,20151019,0.84,0.84,0.79,0.84,2427
IVMX,20151019,5.96,5.96,5.96,5.96,1
IZOBLOK,20151019,115.00,115.00,113.00,115.00,1340
IZOLACJA,20151019,1.25,1.25,1.25,1.25,808
IZOSTAL,20151019,4.44,4.45,4.44,4.45,504
JHMDEV,20151019,1.44,1.44,1.40,1.44,7086
JSW,20151019,12.30,12.65,12.30,12.39,86195
JWCONSTR,20151019,4.92,5.15,4.92,5.09,82306
K2INTERNT,20151019,14.15,14.15,13.80,14.00,4145
KANIA,20151019,2.93,2.93,2.91,2.91,54589
KBDOM,20151019,3.00,3.00,3.00,3.00,863
KERDOS,20151019,0.62,0.63,0.59,0.61,1365860
KERNEL,20151019,54.70,55.30,54.00,54.70,142759
KETY,20151019,279.00,279.50,276.50,276.50,568
KGHM,20151019,92.20,94.80,90.60,91.20,769180
KINOPOL,20151019,14.19,14.79,14.17,14.55,4540
KOFOLA,20151019,56.40,56.40,56.40,56.40,1
KOGENERA,20151019,71.92,71.92,71.90,71.90,151
KOMPUTRON,20151019,8.89,8.95,8.85,8.88,11248
KONSSTALI,20151019,33.85,34.50,33.80,34.50,2755
KOPEX,20151019,6.08,6.08,5.96,6.00,2292
KPPD,20151019,26.00,26.00,26.00,26.00,2340
KRAKCHEM,20151019,4.10,4.20,4.00,4.19,52597
KREC,20151019,7.73,7.73,7.73,7.73,1
KREDYTIN,20151019,26.99,27.00,26.90,26.90,775
KREZUS,20151019,4.55,4.65,4.54,4.56,5667
KRKA,20151019,252.00,268.00,252.00,268.00,499
KRUK,20151019,179.50,182.00,179.50,182.00,3200
KRUSZWICA,20151019,49.20,49.21,47.52,48.00,3249
KSGAGRO,20151019,1.24,1.26,1.18,1.22,45511
LCCORP,20151019,2.00,2.00,1.96,1.99,8686
LENA,20151019,4.40,4.46,4.36,4.46,6003
LENTEX,20151019,8.93,8.93,8.89,8.89,888
LIBET,20151019,2.45,2.48,2.40,2.42,3743
LIVECHAT,20151019,36.20,36.30,35.50,35.70,2577
LOTOS,20151019,29.55,29.99,29.55,29.91,72297
LPP,20151019,7600.05,7649.00,7550.55,7620.00,1465
LSISOFT,20151019,4.45,4.45,4.39,4.39,1711
LUBAWA,20151019,1.10,1.11,1.07,1.11,130136
MABION,20151019,48.94,48.95,48.26,48.83,689
MAGELLAN,20151019,61.21,61.21,60.56,60.56,541
MAKARONPL,20151019,5.78,5.78,5.78,5.78,150
MARVIPOL,20151019,6.85,6.85,6.84,6.85,993
MBANK,20151019,385.00,389.85,381.20,388.50,14078
MCI,20151019,12.30,12.30,12.00,12.00,6493
MCLOGIC,20151019,39.30,41.00,38.03,41.00,959
MEDIATEL,20151019,1.06,1.08,1.06,1.08,553
MEDICALG,20151019,224.00,225.70,220.15,222.00,4543
MENNICA,20151019,13.85,13.85,13.69,13.69,418
MERCATOR,20151019,18.70,18.98,18.14,18.50,3577
MERCOR,20151019,9.51,9.75,9.46,9.70,5619
MEXPOLSKA,20151019,4.18,4.19,4.11,4.11,2830
MFO,20151019,12.09,12.09,12.00,12.00,11
MIDAS,20151019,0.61,0.62,0.59,0.61,418602
MILKILAND,20151019,1.93,2.09,1.82,1.82,310879
MILLENNIUM,20151019,6.34,6.59,6.34,6.57,615073
MIRACULUM,20151019,2.70,2.73,2.62,2.73,15909
MIRBUD,20151019,1.07,1.10,1.07,1.09,70593
MLPGROUP,20151019,35.67,35.67,34.82,34.85,1060
MNI,20151019,0.85,0.88,0.85,0.85,14686
MOBRUK,20151019,7.70,7.70,7.66,7.66,1000
MOL,20151019,181.10,181.10,177.90,180.00,19
MONNARI,20151019,17.00,17.04,16.76,16.81,12015
MOSTALPLC,20151019,15.90,15.90,15.90,15.90,1
MOSTALWAR,20151019,14.00,14.30,13.36,14.18,1865
MOSTALZAB,20151019,1.85,1.86,1.83,1.83,14538
MUZA,20151019,3.18,3.18,3.18,3.18,3
MWTRADE,20151019,15.75,16.00,15.75,16.00,796
NETIA,20151019,5.42,5.53,5.41,5.42,134366
NETMEDIA,20151019,5.32,5.32,5.30,5.30,1797
NEUCA,20151019,343.00,343.00,337.30,343.00,1001
NEWAG,20151019,16.18,16.65,16.17,16.40,9028
NFIEMF,20151019,3.10,3.20,3.10,3.20,34
NORTCOAST,20151019,5.60,5.70,5.60,5.70,762
NOVITA,20151019,51.00,51.69,51.00,51.48,100
NOWAGALA,20151019,1.30,1.34,1.30,1.34,13463
NTTSYSTEM,20151019,2.40,2.40,2.40,2.40,1011
OPENFIN,20151019,3.95,3.99,3.95,3.96,1284
OPERA3GR,20151019,270.00,270.00,270.00,270.00,5
OPONEO.PL,20151019,21.80,23.50,21.80,22.98,37179
OPTEAM,20151019,10.30,10.68,10.30,10.50,840
ORANGEPL,20151019,7.43,7.59,7.34,7.35,3172881
ORBIS,20151019,60.65,60.92,58.80,58.80,6992
ORCOGROUP,20151019,1.08,1.10,1.08,1.08,1715
OTMUCHOW,20151019,6.30,6.45,6.30,6.45,786
OVOSTAR,20151019,89.11,89.11,89.11,89.11,47
PAGED,20151019,53.29,53.29,53.24,53.25,101
PAMAPOL,20151019,1.51,1.51,1.51,1.51,80
PANOVA,20151019,18.87,19.00,18.43,19.00,400
PBG,20151019,2.24,2.35,2.13,2.35,56682
PCCEXOL,20151019,3.12,3.15,3.12,3.15,40
PCCINTER,20151019,2.22,2.22,2.22,2.22,28
PCCROKITA,20151019,39.61,39.80,39.60,39.75,1449
PCM,20151019,43.47,43.47,42.50,43.10,156
PEGAS,20151019,111.55,122.00,111.55,120.75,128
PEKABEX,20151019,11.51,11.95,11.51,11.90,28920
PEKAES,20151019,12.22,12.78,12.22,12.74,1693
PEKAO,20151019,155.50,156.80,154.25,154.40,180472
PELION,20151019,64.50,64.50,64.50,64.50,21
PEP,20151019,25.55,25.60,25.41,25.51,2369
PEPEES,20151019,0.53,0.53,0.53,0.53,4135
PGE,20151019,14.45,14.50,14.17,14.29,1304870
PGNIG,20151019,6.72,6.84,6.69,6.80,3203604
PGODLEW,20151019,5.11,5.11,5.10,5.10,24
PHN,20151019,19.20,19.20,19.00,19.20,16235
PKNORLEN,20151019,64.95,65.00,63.32,64.75,872398
PKOBP,20151019,30.04,30.56,29.62,29.90,2625326
PKOGS,20151019,101.38,101.38,101.38,101.38,200
PKPCARGO,20151019,65.41,65.41,64.80,65.41,3102
PLASTBOX,20151019,2.27,2.27,2.27,2.27,10
PLATYNINW,20151019,3.00,3.28,3.00,3.28,5187
PMPG,20151019,1.42,1.42,1.41,1.41,805
POLICE,20151019,24.66,24.70,24.58,24.70,291
POLMED,20151019,3.25,3.25,3.18,3.24,1961
POLNA,20151019,25.48,25.98,25.48,25.48,2007
POLNORD,20151019,12.52,12.86,12.52,12.75,38364
POLWAX,20151019,16.10,16.10,15.90,16.00,598
POZBUD,20151019,6.17,6.18,6.04,6.04,6983
PRAGMAFA,20151019,12.79,12.89,12.79,12.89,12
PRAGMAINK,20151019,12.10,12.10,12.05,12.09,36
PRAIRIE,20151019,1.02,1.04,0.95,0.95,190204
PRESCO,20151019,5.10,5.10,4.92,5.08,2965
PRIMAMODA,20151019,1.42,1.70,1.35,1.44,26883
PROCAD,20151019,1.69,1.69,1.67,1.67,1519
PROCHEM,20151019,16.04,16.39,16.04,16.39,99
PROCHNIK,20151019,1.23,1.25,1.19,1.21,333478
PROJPRZEM,20151019,7.15,7.15,7.15,7.15,326
PROTEKTOR,20151019,3.06,3.10,3.04,3.10,5010
PROVIDENT,20151019,24.00,24.00,24.00,24.00,2
PSG,20151019,0.68,0.73,0.68,0.68,17779
PTI,20151019,0.56,0.59,0.46,0.51,3969185
PULAWY,20151019,175.00,176.00,172.00,174.80,705
PZU,20151019,388.00,390.00,382.25,383.00,203572
QUERCUS,20151019,6.20,6.34,6.20,6.34,34651
QUMAK,20151019,10.28,10.28,10.15,10.15,2224
RADPOL,20151019,6.67,6.67,6.50,6.67,1858
RAFAKO,20151019,6.70,6.84,6.61,6.67,29780
RAFAMET,20151019,14.51,14.51,14.51,14.51,10
RAINBOW,20151019,25.60,25.98,25.20,25.87,1821
RANKPROGR,20151019,1.59,1.62,1.55,1.55,25219
RAWLPLUG,20151019,9.00,9.00,8.72,8.72,948
RCCOFAOPEN,20151019,2.85,2.85,2.85,2.85,1014
RCCORAOPEN,20151019,10.64,10.64,10.64,10.64,200
RCCRUAOPEN,20151019,9.45,9.45,9.25,9.25,7176
RCGBSH10916,20151019,933.72,933.72,933.72,933.72,100
RCGBSH11116,20151019,1060.09,1060.09,1060.09,1060.09,100
RCGBSH21116,20151019,945.96,945.96,945.96,945.96,15
RCGLDAOPEN,20151019,437.04,437.40,437.04,437.40,32
RCLNAGOPEN,20151019,6.65,6.65,6.60,6.60,531
RCNIKAOPEN,20151019,56.69,56.69,56.69,56.69,21
RCSCRAOPEN,20151019,332.78,332.78,332.78,332.78,2
RCSDAXOPEN,20151019,135.53,135.53,135.53,135.53,1
RCSDGP0717,20151019,1088.43,1088.43,1088.43,1088.43,56
RCSDGP0720,20151019,996.64,996.64,996.64,996.64,1
RCSFW2OPEN,20151019,106.26,106.26,106.26,106.26,757
RCSILAOPEN,20151019,59.58,59.58,59.58,59.58,20
RCTHYAOPEN,20151019,17.38,17.38,17.38,17.38,4
RCWHTAOPEN,20151019,8.15,8.15,8.15,8.15,200
REDAN,20151019,2.36,2.36,2.30,2.36,10503
REDWOOD,20151019,5.66,5.85,5.60,5.60,480
REINHOLD,20151019,0.54,0.54,0.50,0.54,24276
RELPOL,20151019,6.18,6.33,6.18,6.31,5524
REMAK,20151019,21.50,21.95,21.25,21.95,1464
RESBUD,20151019,1.43,1.48,1.37,1.48,23640
ROBYG,20151019,2.47,2.47,2.46,2.46,17775
RONSON,20151019,1.38,1.39,1.33,1.33,25004
ROPCZYCE,20151019,22.00,22.00,21.40,22.00,1053
RUBICON,20151019,1.31,1.31,1.21,1.21,88
SANOK,20151019,59.00,59.00,58.00,58.30,1006
SANTANDER,20151019,22.87,22.87,22.87,22.87,4
SCOPAK,20151019,3.18,3.18,3.03,3.13,3799
SEKO,20151019,5.67,5.72,5.67,5.72,368
SELVITA,20151019,21.10,21.29,21.00,21.00,916
SERINUS,20151019,2.10,2.18,2.05,2.09,64448
SFINKS,20151019,3.87,3.87,3.72,3.79,38022
SILVANO,20151019,5.47,5.47,5.31,5.33,3864
SIMPLE,20151019,9.42,9.42,9.35,9.35,2414
SKARBIEC,20151019,31.79,33.67,31.00,32.20,3855
SKOK,20151019,1.60,1.60,1.60,1.60,10
SKOTAN,20151019,0.61,0.61,0.57,0.58,1483543
SMT,20151019,17.00,17.00,16.02,17.00,32569
SNIEZKA,20151019,52.42,52.42,52.42,52.42,1
SOBIESKI,20151019,77.55,77.55,77.55,77.55,2
SOHODEV,20151019,1.20,1.22,1.20,1.22,562
SOLAR,20151019,1.43,1.43,1.38,1.42,37511
SONEL,20151019,12.68,12.68,12.68,12.68,10
STALEXP,20151019,3.17,3.20,3.11,3.16,24148
STALPROD,20151019,327.95,327.95,327.95,327.95,2
STALPROFI,20151019,11.41,11.87,11.41,11.87,201
STAPORKOW,20151019,5.20,5.20,5.20,5.20,657
STARHEDGE,20151019,0.79,0.79,0.75,0.77,2400
SUNEX,20151019,0.22,0.25,0.21,0.23,4447881
SUWARY,20151019,10.70,10.70,10.70,10.70,2
SWISSMED,20151019,1.90,1.90,1.87,1.87,1082
SYGNITY,20151019,9.12,9.12,9.01,9.01,6302
SYNEKTIK,20151019,16.00,16.00,15.65,15.99,2466
SYNTHOS,20151019,3.81,3.84,3.80,3.82,867663
TALEX,20151019,18.14,18.14,17.80,18.13,508
TARCZYNSKI,20151019,13.31,13.51,13.31,13.51,1825
TATRY,20151019,100.00,100.00,99.00,99.00,70
TAURONPE,20151019,3.26,3.28,3.21,3.23,2265787
TELL,20151019,11.99,11.99,11.96,11.96,709
TERMOREX,20151019,2.80,2.87,2.80,2.80,12230
TESGAS,20151019,3.50,3.70,3.50,3.70,11715
TFONE,20151019,2.87,2.89,2.84,2.85,3715
TIM,20151019,8.56,8.69,8.18,8.69,2268
TORPOL,20151019,11.65,11.65,11.40,11.63,1120
TOYA,20151019,5.94,5.94,5.70,5.70,17855
TRAKCJA,20151019,9.98,9.98,9.76,9.80,30094
TRANSPOL,20151019,4.55,4.85,4.55,4.85,723
TRIGONPP,20151019,115.20,115.20,115.20,115.20,13
TRITON,20151019,1.97,1.97,1.97,1.97,125
ULMA,20151019,78.40,78.40,78.40,78.40,1
UNIBEP,20151019,11.10,11.10,10.95,10.95,4571
UNIMA,20151019,2.28,2.28,2.27,2.28,480
UNISYS1AB,20151019,959.90,969.90,959.90,969.90,18
UNIWHEELS,20151019,114.00,114.00,111.80,113.05,3863
URSUS,20151019,2.84,2.86,2.83,2.85,44850
VANTAGE,20151019,2.53,2.53,2.48,2.53,483
VARIANT,20151019,1.60,1.78,1.60,1.78,29530
VIGOSYS,20151019,255.00,265.00,255.00,265.00,76
VINDEXUS,20151019,5.62,5.63,5.54,5.63,8718
VISTAL,20151019,11.43,11.43,11.43,11.43,50
VISTULA,20151019,2.87,2.92,2.85,2.85,124193
VOTUM,20151019,16.25,16.67,16.25,16.67,130
VOXEL,20151019,17.15,17.15,17.00,17.00,25
WADEX,20151019,4.50,4.50,4.50,4.50,15
WARIMPEX,20151019,3.06,3.07,3.06,3.07,1118
WASKO,20151019,1.92,1.92,1.90,1.90,20030
WAWEL,20151019,1300.00,1300.00,1260.05,1260.05,53
WDX,20151019,5.25,5.25,5.25,5.25,752
WIELTON,20151019,7.49,7.49,7.33,7.33,5854
WIKANA,20151019,1.60,1.70,1.60,1.70,204
WILBO,20151019,1.30,1.30,1.28,1.28,15147
WINDMOBIL,20151019,7.90,7.90,7.80,7.90,3167
WINVEST,20151019,4.10,4.10,4.00,4.00,461
WIRTUALNA,20151019,39.42,39.70,39.42,39.57,1992
WOJAS,20151019,6.69,7.09,6.69,7.09,14638
WORKSERV,20151019,15.05,15.43,15.05,15.43,105840
YAWAL,20151019,4.77,4.77,4.77,4.77,830
ZAMET,20151019,1.91,1.93,1.90,1.93,2673
ZASTAL,20151019,0.65,0.66,0.65,0.66,7428
ZEPAK,20151019,13.60,13.60,13.01,13.01,35449
ZETKAMA,20151019,90.49,90.49,89.51,89.76,120
ZUE,20151019,8.00,8.28,8.00,8.28,2496
ZYWIEC,20151019,400.00,400.00,400.00,400.00,76
INVESTORMS,20151019,3760.86,3760.86,3756.39,3756.39,80547.733
MWIG40,20151019,3749.49,3766.49,3748.14,3766.32,59796.870
NCINDEX30,20151019,1038.72,1046.53,1027.99,1037.27,6641.358
RESPECT,20151019,2630.43,2645.67,2621.49,2628.79,325487.995
SWIG80,20151019,13463.24,13476.22,13406.51,13425.46,22502.900
WIG,20151019,51381.67,51594.67,51178.89,51264.77,572006.330
WIG-BANKI,20151019,6868.02,6868.02,6836.03,6836.03,147304.567
WIG-BUDOW,20151019,3077.96,3096.61,3077.96,3096.61,5338.339
WIG-CEE,20151019,756.59,756.92,756.59,756.64,8881.583
WIG-CHEMIA,20151019,15018.82,15259.20,15018.82,15259.20,7148.837
WIG-DEWEL,20151019,1482.84,1482.84,1479.52,1482.24,2334.572
WIG-ENERG,20151019,3412.29,3412.29,3394.12,3394.12,36501.375
WIG-INFO,20151019,1661.44,1661.44,1651.49,1656.68,13867.572
WIG-MEDIA,20151019,4561.07,4561.07,4324.97,4393.28,16627.527
WIG-PALIWA,20151019,4670.38,4737.29,4670.38,4737.29,80423.891
WIG-POLAND,20151019,52528.82,52528.82,52346.25,52399.20,562440.806
WIG-SPOZYW,20151019,3763.73,3763.73,3743.47,3743.47,9423.891
WIG-SUROWC,20151019,2919.74,2919.74,2857.38,2858.92,74043.304
WIG-TELKOM,20151019,887.36,889.69,884.73,884.73,27277.284
WIG-UKRAIN,20151019,396.55,396.55,393.54,393.54,8624.912
WIG20,20151019,2124.66,2134.36,2107.63,2111.04,475197.404
WIG20LEV,20151019,662.98,669.03,652.37,654.49,475197.404
WIG20SHORT,20151019,3704.71,3734.48,3687.76,3728.52,475197.404
WIG20TR,20151019,3481.98,3481.98,3466.02,3468.10,475197.404
WIG30,20151019,2360.17,2372.63,2348.48,2353.29,505573.801
WIG30TR,20151019,3832.36,3832.36,3817.95,3821.94,505573.801
WIGDIV,20151019,1098.30,1104.00,1092.30,1093.58,319932.324
08OCTAVA,20151019,1.30,1.30,1.24,1.24,2144
AMPLI,20151019,0.24,0.24,0.24,0.24,40
ARCUS,20151019,0.95,0.95,0.95,0.95,1048
BEDZIN,20151019,15.50,15.50,15.50,15.50,7800
BERLING,20151019,4.35,4.35,4.35,4.35,500
CASHFLOW,20151019,0.18,0.19,0.18,0.19,14318
CCENERGY,20151019,0.06,0.07,0.06,0.07,25418
CFI,20151019,9.99,9.99,9.99,9.99,5
COALENERG,20151019,0.69,0.69,0.69,0.69,6005
COMPERIA,20151019,18.41,18.41,18.41,18.41,15
DREWEX,20151019,1.20,1.20,1.20,1.20,2508
EFH,20151019,0.05,0.06,0.05,0.06,7699
EKANCELAR,20151019,0.03,0.03,0.03,0.03,861820
FAM,20151019,1.49,1.49,1.49,1.49,2000
HUTMEN,20151019,4.98,4.98,4.98,4.98,430
IDEON,20151019,0.02,0.02,0.02,0.02,10001
KCI,20151019,0.03,0.04,0.03,0.04,1062931
KDMSHIPNG,20151019,4.00,4.00,4.00,4.00,2
MIT,20151019,0.15,0.15,0.14,0.14,7100
MSXRESOUR,20151019,0.50,0.50,0.50,0.50,16584
NEWWORLDR,20151019,0.04,0.04,0.03,0.03,1052473
PBOANIOLA,20151019,0.14,0.14,0.13,0.13,591
PBSFINANSE,20151019,3.50,3.50,3.50,3.50,185
PEIXIN,20151019,5.02,5.02,5.02,5.02,116
PETROLINV,20151019,0.15,0.15,0.15,0.15,303216
PLAZACNTR,20151019,0.14,0.14,0.13,0.13,59602
POLIMEXMS,20151019,5.87,5.87,5.84,5.84,31413
REGNON,20151019,1.22,1.22,1.22,1.22,785
ROVESE,20151019,1.25,1.39,1.25,1.39,1745
SANWIL,20151019,0.82,0.82,0.82,0.82,7484
SKYLINE,20151019,0.54,0.54,0.54,0.54,6
SKYSTONE,20151019,3.31,3.50,3.31,3.50,1476
ZREMB,20151019,1.14,1.14,1.14,1.14,2400
01CYBATON,20151019,3.06,3.43,3.00,3.28,152716
11BIT,20151019,70.11,70.48,68.50,69.40,5013
2CPARTNER,20151019,0.62,0.62,0.62,0.62,24
2INTELLECT,20151019,0.43,0.43,0.43,0.43,30
ABPOL,20151019,0.25,0.25,0.23,0.24,145248
ABSINVEST,20151019,1.87,1.87,1.80,1.86,17320
ACARTUS,20151019,0.26,0.29,0.26,0.29,1000
ACREBIT,20151019,1.97,2.06,1.97,2.06,540
ADFORM,20151019,8.48,8.48,8.48,8.48,5
ADMASSIVE,20151019,0.37,0.37,0.37,0.37,50
ADMIRAL,20151019,0.31,0.37,0.29,0.35,1714442
ADVOCULAR,20151019,2.30,2.45,2.30,2.45,276
AEDES,20151019,0.76,0.76,0.76,0.76,50
AERFINANC,20151019,0.40,0.40,0.33,0.33,5593
AFHOL,20151019,1.83,2.00,1.83,1.90,1003
AGROLIGA,20151019,15.78,15.78,15.58,15.75,1280
AGROTOUR,20151019,0.47,0.47,0.47,0.47,20
AIRWAY,20151019,1.52,1.52,1.52,1.52,1000
AITON,20151019,1.11,1.11,1.10,1.10,1383
AKCEPTFIN,20151019,0.44,0.47,0.44,0.47,12633
ALDA,20151019,1.47,1.47,1.47,1.47,5
ALEJA,20151019,0.25,0.25,0.25,0.25,10
ALUMAST,20151019,0.92,0.92,0.86,0.92,30246
APANET,20151019,4.89,5.50,4.80,5.08,322
AQUABB,20151019,14.00,14.00,13.58,13.58,25
ARAMUS,20151019,0.85,0.87,0.81,0.82,1850
ARI,20151019,0.55,0.55,0.50,0.50,180
ARRINERA,20151019,11.00,12.95,10.05,11.90,1606
ARTBIZNES,20151019,0.35,0.35,0.35,0.35,30
ARTNEWMED,20151019,0.04,0.04,0.04,0.04,300
ARTNEWS,20151019,1.72,1.72,1.60,1.71,566
ARTP,20151019,0.10,0.10,0.10,0.10,100
ASMGROUP,20151019,2.26,2.28,2.26,2.28,1450
ASSETUS,20151019,1.05,1.05,0.86,0.90,5897
ASTORIA,20151019,3.75,3.75,3.30,3.30,471
ATCCARGO,20151019,2.96,2.96,2.91,2.91,8
ATONHT,20151019,0.18,0.18,0.18,0.18,1100
AUTOSPA,20151019,3.78,4.20,3.78,4.20,435
AZTEC,20151019,2.84,2.84,2.84,2.84,5
B2BPARTNER,20151019,0.16,0.16,0.15,0.15,76658
BALTICINV,20151019,0.83,0.91,0.83,0.89,76037
BALTICON,20151019,14.25,14.25,14.25,14.25,1
BBCONSULT,20151019,3.80,3.80,3.80,3.80,10
BDF,20151019,19.90,21.00,19.90,21.00,62
BGE,20151019,0.27,0.27,0.27,0.27,100
BGSENERGY,20151019,0.92,0.92,0.92,0.92,1087
BINARY,20151019,0.22,0.23,0.19,0.23,139744
BIOERG,20151019,0.23,0.23,0.23,0.23,100
BIOGENED,20151019,12.30,12.30,12.30,12.30,1
BIOMASS,20151019,1.66,1.66,1.62,1.66,5446
BIOMAX,20151019,0.19,0.22,0.19,0.21,217510
BIOMAXIMA,20151019,4.00,4.10,4.00,4.10,263
BIOPLANET,20151019,15.00,15.00,14.00,14.00,2182
BLACKPOIN,20151019,0.44,0.44,0.40,0.43,3101
BLIRT,20151019,1.79,1.79,1.79,1.79,22
BLOOBER,20151019,35.30,36.50,34.90,35.60,2927
BLUMERANG,20151019,1.04,1.04,1.04,1.04,10
BOA,20151019,0.33,0.33,0.33,0.33,100
BOMEDIA,20151019,1.00,1.00,0.95,1.00,6369
BOOMERANG,20151019,0.38,0.38,0.38,0.38,24355
BORUTA,20151019,0.26,0.26,0.23,0.25,1190207
BPC,20151019,0.48,0.51,0.48,0.51,2993
BROADGATE,20151019,0.78,0.78,0.78,0.78,27
BVT,20151019,1.88,1.95,1.73,1.73,66063
CALESCO,20151019,1.32,1.32,1.32,1.32,15
CCS,20151019,1.10,1.10,1.03,1.10,5027
CCTOOLS,20151019,0.26,0.26,0.26,0.26,52
CDE,20151019,0.14,0.15,0.14,0.14,8000
CENTURION,20151019,0.30,0.30,0.30,0.30,100
CEREALPLT,20151019,12.19,12.19,12.19,12.19,1
CFBPS,20151019,6.29,6.29,6.29,6.29,1
CLOUD,20151019,95.60,95.60,95.60,95.60,1
COLUMBUS,20151019,0.26,0.33,0.26,0.30,890401
COMECO,20151019,0.36,0.36,0.31,0.36,4400
COMPRESS,20151019,0.15,0.17,0.15,0.17,6000
COPERNIC,20151019,13.50,13.50,13.50,13.50,20
CTE,20151019,5.35,5.35,5.35,5.35,452
CWPE,20151019,0.17,0.17,0.14,0.14,28119
DANKS,20151019,0.85,0.85,0.85,0.85,8800
DASE,20151019,0.44,0.44,0.44,0.44,30
DEKTRA,20151019,9.68,9.68,9.66,9.66,191
DENTAMDC,20151019,0.01,0.01,0.01,0.01,300
DEVORAN,20151019,0.44,0.50,0.44,0.50,1980
DIGITAL,20151019,0.21,0.21,0.21,0.21,1000
DOMLEK,20151019,17.70,17.70,17.70,17.70,1
EASTSIDE,20151019,1.69,1.69,1.69,1.69,1
EASYCALL,20151019,2.55,2.55,2.55,2.55,378
EC2,20151019,1.14,1.14,0.98,0.98,30363
ECA,20151019,1.44,1.46,1.44,1.46,4550
ECERAMICS,20151019,0.01,0.01,0.01,0.01,1875621
ECOTECH,20151019,1.15,1.15,1.15,1.15,10
EDISON,20151019,1.17,1.17,1.17,1.17,1000
EFICOM,20151019,0.51,0.53,0.47,0.53,25196
EFIXDM,20151019,13.55,13.55,13.55,13.55,2
EKIOSK,20151019,0.66,0.66,0.66,0.66,15000
EKOPOL,20151019,3.14,3.14,3.03,3.03,382
EMMERSON,20151019,0.03,0.04,0.03,0.04,128
EMONT,20151019,1.05,1.05,1.05,1.05,15
EONET,20151019,5.39,5.86,5.39,5.86,3828
EPIGON,20151019,0.17,0.17,0.17,0.17,2000
EQUITIER,20151019,1.89,2.00,1.89,2.00,420
ERNE,20151019,4.69,4.85,4.65,4.77,36263
ERS,20151019,0.28,0.28,0.28,0.28,50
ESKIMOS,20151019,0.32,0.32,0.32,0.32,50
EUROCENT,20151019,10.40,10.49,10.20,10.44,192
EUROTAX,20151019,2.60,2.60,2.60,2.60,275
EXAMOBILE,20151019,2.90,2.90,2.90,2.90,5
EXCELLENC,20151019,1.64,1.64,1.64,1.64,10
EZO,20151019,5.40,5.55,5.20,5.55,17906
FABRYKAKD,20151019,1.20,1.20,1.20,1.20,205
FACHOWCY,20151019,0.18,0.18,0.18,0.18,250
FARM51,20151019,13.61,13.78,12.55,13.56,245134
FHDOM,20151019,2.29,2.29,2.29,2.29,219
FLUID,20151019,0.90,0.91,0.88,0.88,15756
FLYPL,20151019,0.29,0.36,0.25,0.35,11529607
FOREVEREN,20151019,0.53,0.53,0.48,0.51,130241
FUTURIS,20151019,0.93,0.93,0.93,0.93,20
GALVO,20151019,1.47,1.64,1.47,1.64,1775
GCINVEST,20151019,0.47,0.53,0.42,0.52,5185
GEKOPLAST,20151019,9.40,9.48,9.40,9.40,2200
GENOMED,20151019,16.51,16.51,16.50,16.50,82
GENRG,20151019,0.12,0.14,0.12,0.14,298734
GEOTRANS,20151019,6.50,6.64,5.80,6.46,9885
GLGPHARMA,20151019,0.08,0.08,0.08,0.08,20000
GLOBALTR,20151019,0.05,0.05,0.05,0.05,3900
GOLAB,20151019,0.35,0.35,0.35,0.35,50
GONTYNIEC,20151019,1.36,1.36,1.35,1.35,8106
GRAPHIC,20151019,0.53,0.63,0.50,0.60,32660
GREMPCO,20151019,0.13,0.13,0.13,0.13,150
GRJAGUAR,20151019,0.82,0.85,0.77,0.85,6771
GRUPAEMM,20151019,0.18,0.18,0.15,0.15,2555
GRUPAHRC,20151019,2.86,2.86,2.86,2.86,10
GRUPAREC,20151019,11.99,13.20,11.35,12.89,607
GTRINITY,20151019,5.50,5.50,5.50,5.50,15
GWARANT,20151019,3.25,3.25,3.25,3.25,403
HAMBURGER,20151019,1.23,1.23,1.23,1.23,10
HEFAL,20151019,0.25,0.25,0.25,0.25,100
HETAN,20151019,0.75,0.76,0.75,0.76,1000
HMINWEST,20151019,9.00,9.00,9.00,9.00,55
HOLLYWOOD,20151019,5.00,5.00,5.00,5.00,100
HYDROPHI,20151019,0.20,0.20,0.19,0.19,6049
I3D,20151019,0.68,0.72,0.68,0.72,17631
IAI,20151019,5.50,5.50,5.50,5.50,10
IAP,20151019,0.53,0.55,0.53,0.55,2388
IGORIA,20151019,1.00,1.17,1.00,1.17,201
IMAGIS,20151019,0.36,0.36,0.33,0.36,9153
INBOOK,20151019,0.43,0.43,0.43,0.43,30
INDEXMEDI,20151019,2.45,2.45,2.45,2.45,510
INFOSCAN,20151019,4.22,4.22,4.21,4.22,266
INFRA,20151019,0.91,0.91,0.83,0.90,14276
INNOGENE,20151019,8.17,8.49,8.11,8.49,1140
INTELIWIS,20151019,1.88,1.88,1.88,1.88,10
INVENTI,20151019,1.78,1.78,1.52,1.52,4779
INVICO,20151019,0.20,0.20,0.20,0.20,100
IPODS,20151019,0.21,0.25,0.21,0.25,10700
IPOSA,20151019,0.06,0.06,0.06,0.06,150
ISIAG,20151019,1.60,1.60,1.60,1.60,1
JANTAR,20151019,0.47,0.47,0.47,0.47,892
JRHOLDING,20151019,0.53,0.55,0.53,0.55,40
JUJUBEE-PDA,20151019,7.29,7.35,6.14,7.20,42065
KANCELWEC,20151019,0.45,0.45,0.45,0.45,30
KKHERBAL,20151019,0.34,0.34,0.31,0.34,12740
KLASZTORNE,20151019,0.13,0.13,0.11,0.11,65683
KLEBAINV,20151019,3.90,3.90,3.90,3.90,2407
KLON,20151019,1.60,1.60,1.60,1.60,40
KME,20151019,3.25,3.25,3.20,3.20,262
KORBANK,20151019,1.69,1.69,1.69,1.69,10
KUPIEC,20151019,2.79,2.79,2.75,2.75,55
LABOPRINT,20151019,15.80,16.00,15.60,15.60,1033
LAURENPES,20151019,0.03,0.03,0.03,0.03,300
LEASINGEX,20151019,0.46,0.48,0.37,0.37,34753
LEONIDAS,20151019,0.34,0.34,0.34,0.34,27
LETUS,20151019,0.16,0.17,0.14,0.15,163165
LKDESIGN,20151019,6.66,6.71,6.66,6.71,230
LOKATYBUD,20151019,0.22,0.22,0.22,0.22,2100
LOYD,20151019,0.36,0.40,0.33,0.39,44535
LSTECHHOM,20151019,1.01,1.09,1.00,1.09,50679
LUG,20151019,3.45,3.45,3.45,3.45,5
LUXIMA,20151019,0.04,0.04,0.04,0.04,300
LZMO,20151019,1.48,1.49,1.44,1.49,5700
MADKOM,20151019,1.86,1.86,1.86,1.86,10
MAKOLAB,20151019,3.62,3.89,3.62,3.89,32
MAKORA,20151019,1.02,1.14,0.99,1.13,3850
MARKA,20151019,2.49,2.49,2.35,2.35,50
MARSOFT,20151019,0.13,0.13,0.13,0.13,500
MAXIPIZZA,20151019,0.67,0.70,0.66,0.70,16938
MBPARTNER,20151019,0.03,0.03,0.03,0.03,48
MED,20151019,5.15,5.15,5.15,5.15,2
MEDIACAP,20151019,2.40,2.45,2.40,2.44,8234
MEDIANPOL,20151019,0.44,0.44,0.44,0.44,30
MEGASONIC,20151019,6.30,6.30,5.37,6.28,651
MENNICASK,20151019,2.30,2.30,2.30,2.30,500
MERA,20151019,1.59,1.59,1.59,1.59,20
MERIT,20151019,0.28,0.28,0.28,0.28,70
MGAMES,20151019,0.04,0.04,0.04,0.04,2000
MILESTONE,20151019,7.50,7.67,7.23,7.67,431
MILKPOL,20151019,0.22,0.22,0.22,0.22,3108
MINOX,20151019,0.08,0.08,0.07,0.08,833230
MODE,20151019,0.57,0.57,0.57,0.57,10
MOLMEDICA,20151019,0.01,0.02,0.01,0.02,1184009
MOMO,20151019,2.70,2.70,2.70,2.70,294
MORIZON,20151019,1.46,1.46,1.46,1.46,1
MOTORICUS,20151019,0.45,0.54,0.40,0.52,11162
MPAY,20151019,0.44,0.50,0.44,0.50,2713
NANOTEL,20151019,2.85,2.85,2.85,2.85,1
NEPTIS,20151019,29.98,29.98,29.00,29.00,152
NETWISE,20151019,4.15,4.15,4.15,4.15,5
NFPL,20151019,0.18,0.18,0.18,0.18,1300
NOTORIA,20151019,5.30,5.70,5.30,5.55,400
NOVATIS,20151019,0.40,0.40,0.40,0.40,60
NOVAVIS,20151019,1.23,1.23,1.14,1.19,18124
NOVINA,20151019,0.59,0.60,0.56,0.56,15908
NWAI,20151019,2.00,2.30,2.00,2.30,10880
OPENNET,20151019,1.82,1.82,1.82,1.82,75
OPTIZENLB,20151019,0.42,0.42,0.42,0.42,100
ORGANIC,20151019,4.35,4.50,4.35,4.50,307
ORIONINV,20151019,98.96,98.96,98.96,98.96,1
PARTNER,20151019,0.07,0.07,0.07,0.07,150
PATFUND,20151019,0.35,0.35,0.30,0.30,3250
PFMEDICAL,20151019,37.90,37.90,33.68,33.81,76
PGPPOLONI,20151019,1.35,1.50,1.35,1.50,1500
PGSSOFT,20151019,7.94,7.96,7.80,7.80,683
PHARMENA,20151019,20.65,20.65,19.55,19.55,490
PHOTON,20151019,0.72,0.78,0.72,0.75,15652
PIK,20151019,0.42,0.44,0.39,0.39,8734
PILAB,20151019,42.10,42.50,40.91,41.99,799
PLASMA,20151019,13.34,13.70,13.34,13.70,6
PLATIGE,20151019,12.50,12.50,12.50,12.50,1
PPRICE,20151019,0.05,0.05,0.05,0.05,300
PREFABET,20151019,10.00,10.05,10.00,10.05,87
PRESTO,20151019,0.65,0.70,0.65,0.70,25487
PRIME,20151019,30.65,32.26,30.00,30.11,5343
PROMISE,20151019,3.40,3.59,3.40,3.58,5355
PRYMUS,20151019,5.07,5.07,5.07,5.07,10
PYLON,20151019,0.20,0.21,0.20,0.21,6899
RAJDY4X4,20151019,0.06,0.06,0.06,0.06,200
ROBINSON,20151019,11.00,11.80,11.00,11.80,215
ROCCA,20151019,0.40,0.40,0.40,0.40,30
RSY,20151019,6.93,6.93,5.60,6.93,187
RUCHCHORZ,20151019,0.24,0.24,0.24,0.24,50
SAPLING,20151019,0.27,0.28,0.22,0.28,2405
SARE,20151019,29.50,29.50,27.68,27.68,98
SFD,20151019,0.52,0.58,0.44,0.50,2444
SFERANET,20151019,0.72,0.72,0.72,0.72,20
SFKPOLKAP,20151019,6.40,6.58,6.30,6.58,10572
SILVACG,20151019,0.01,0.01,0.01,0.01,608
SMOKESHOP,20151019,0.33,0.33,0.33,0.33,100
SPC,20151019,0.05,0.05,0.05,0.05,150
STANDREW,20151019,6.85,8.22,6.40,8.22,766
STANUSCH,20151019,8.50,8.50,8.49,8.50,90
STEMCELLS,20151019,1.22,1.22,1.22,1.22,10
SUMMALING,20151019,5.50,5.50,5.50,5.50,3
SURFLAND,20151019,0.80,0.82,0.80,0.82,100
SZAR,20151019,0.07,0.07,0.06,0.07,25535
T2INVEST,20151019,1.75,1.75,1.64,1.64,232
TABLEO,20151019,0.71,0.73,0.57,0.57,2434
TAMEX,20151019,0.52,0.53,0.49,0.53,9838
TAXNET,20151019,0.66,0.66,0.43,0.46,37197
TAXUSFUND,20151019,0.07,0.07,0.06,0.06,110661
TECHMADEX,20151019,20.30,23.07,20.20,23.07,269
TELIANI,20151019,0.41,0.41,0.40,0.40,9500
TERMOEXP,20151019,1.80,1.80,1.80,1.80,10
TILIA,20151019,1.25,1.32,1.25,1.32,120
TRICEPS,20151019,0.46,0.51,0.46,0.51,5043
TROPHYRES,20151019,3.16,3.16,3.16,3.16,5
UNIMOT,20151019,13.00,13.30,13.00,13.30,10
UNITED,20151019,0.62,0.64,0.56,0.59,26697
VAKOMTEK,20151019,0.95,1.02,0.95,1.02,1685
VCP,20151019,0.29,0.29,0.29,0.29,50
VELTO,20151019,0.28,0.31,0.28,0.31,5918
VENTUREIN,20151019,2.20,2.20,2.20,2.20,220
VERBICOM,20151019,2.38,2.38,2.38,2.38,170
VIATRON,20151019,4.70,5.20,4.70,5.20,205
VISION,20151019,0.01,0.01,0.01,0.01,1236
VIVID,20151019,6.75,6.96,6.64,6.88,96830
WBAY,20151019,4.25,4.25,4.25,4.25,10
WDBBU,20151019,2.96,2.96,2.96,2.96,6
WESTREAL,20151019,1.65,1.69,1.65,1.69,1400
WIERZYCL,20151019,0.46,0.46,0.46,0.46,50
XPLUS,20151019,0.12,0.12,0.12,0.12,100
XSYSTEM,20151019,0.80,0.92,0.79,0.92,5527
YELLOWHAT,20151019,0.34,0.34,0.33,0.34,20782
YOURIMAGE,20151019,0.39,0.39,0.36,0.37,14710
NCINDEX,20151019,288.08,289.25,287.31,289.25,10806.094
2CP0316,20151019,94.70,94.70,94.62,94.62,13
2CP0416,20151019,87.00,88.00,85.20,87.00,308
2CP0517,20151019,84.97,89.00,84.97,89.00,13
ALR0421,20151019,103.08,103.08,103.08,103.08,1
BPS0718,20151019,96.50,96.80,96.50,96.50,43
BS20118,20151019,100.00,100.00,100.00,100.00,54
BSC0621,20151019,93.00,93.00,93.00,93.00,11
BSS0418,20151019,100.00,100.00,100.00,100.00,1
BST0516,20151019,101.00,101.00,101.00,101.00,51
CAP0917,20151019,100.50,100.50,100.50,100.50,100
CPS0721,20151019,101.40,101.40,101.40,101.40,315
DAY0916,20151019,29.99,34.99,29.99,34.99,16
DS0726,20151019,97.30,97.42,97.30,97.42,6036
DS1015,20151019,99.99,100.00,99.99,100.00,437
DS1017,20151019,106.94,106.94,106.94,106.94,4219
DS1019,20151019,113.60,113.60,113.15,113.15,4387
DS1020,20151019,114.50,115.10,114.50,115.10,17
ECH0318,20151019,102.04,102.04,102.03,102.03,1130
ERC0617,20151019,100.82,100.82,100.82,100.82,19
ERC0916,20151019,100.85,100.85,100.85,100.85,37
EVC0418,20151019,100.80,100.80,100.80,100.80,10
FFI0116,20151019,93.30,93.40,93.30,93.40,153
FKD0516,20151019,94.98,94.98,94.90,94.90,6
GHC0619,20151019,100.69,100.69,100.69,100.69,45
GHE0418,20151019,101.20,101.20,101.20,101.20,28
GHE0619,20151019,97.00,98.79,97.00,98.40,300
GHI0619,20151019,100.05,100.22,100.05,100.22,3151
GHJ0718,20151019,100.57,100.60,100.57,100.60,7
GNB0218,20151019,98.24,98.24,97.40,97.99,77
GNB0220,20151019,94.49,94.49,94.49,94.49,7
GNB0221,20151019,91.95,91.95,91.95,91.95,6
GNB0318,20151019,97.00,97.89,97.00,97.89,15
GNB0819,20151019,95.76,95.76,95.75,95.75,12
GNB0820,20151019,92.35,92.47,92.35,92.47,31
GNB1019,20151019,95.00,97.40,95.00,97.40,53
GNB1120,20151019,91.70,92.00,91.70,92.00,7
GRA0816,20151019,97.51,97.51,97.51,97.51,6
GTB1117,20151019,92.20,92.20,92.20,92.20,4
INV1215,20151019,100.00,100.00,99.00,99.00,13
KME0916,20151019,99.99,100.30,99.99,100.30,52
KOS1117,20151019,99.87,99.87,99.87,99.87,1
KRI0116,20151019,99.62,99.62,99.61,99.61,5
KRS0316,20151019,73.00,73.00,73.00,73.00,30
KRU0620,20151019,100.45,100.50,100.45,100.50,1163
KRU1217,20151019,102.80,102.80,102.80,102.80,34
LZM1116,20151019,88.50,88.50,88.50,88.50,4
MBR0816,20151019,93.00,93.00,93.00,93.00,12
MER0616,20151019,99.20,99.20,99.20,99.20,1
MRB0717,20151019,88.00,88.00,88.00,88.00,1227
MUL1116,20151019,100.00,100.00,100.00,100.00,227
MUR0418,20151019,99.70,100.00,99.70,100.00,151
MWT0416,20151019,99.80,99.80,99.80,99.80,853
PBD0116,20151019,98.89,98.89,98.89,98.89,1
PBD0616,20151019,90.50,90.50,90.50,90.50,25
PCR0416,20151019,101.00,101.00,101.00,101.00,88
PCR0419,20151019,100.80,100.80,100.11,100.80,221
PCR0517,20151019,103.00,103.00,103.00,103.00,1
PCR0620,20151019,100.19,100.19,100.19,100.19,23
PCR1019,20151019,100.80,100.80,100.20,100.80,218
PKN1117,20151019,100.81,100.81,100.81,100.81,595
PND0618,20151019,99.80,99.80,99.50,99.50,510
PRC1215,20151019,99.01,99.01,99.01,99.01,1
PRF0218,20151019,100.32,100.32,100.32,100.32,5
PRF1216,20151019,99.35,99.35,99.35,99.35,1
PS0416,20151019,101.75,101.75,101.75,101.75,29
PS0718,20151019,102.10,102.10,102.10,102.10,93
RBS1017,20151019,94.00,94.00,94.00,94.00,1
RON0119,20151019,99.71,99.71,99.71,99.71,150
SMS0418,20151019,99.50,99.50,99.50,99.50,5
WMO0317,20151019,102.00,102.00,101.95,101.95,150
WZ0118,20151019,99.50,99.50,99.50,99.50,1
WZ0124,20151019,97.50,97.50,97.50,97.50,69
