FCDRZ15,20151022,27.05,27.10,26.51,26.51,14,343
FCHF,20151022,396.36,396.36,394.00,395.32,133,2899
FCHFF16,20151022,395.51,395.51,395.51,395.51,1,1
FCHFH16,20151022,396.28,397.20,396.28,397.20,2,644
FCHFM16,20151022,399.50,400.00,399.50,400.00,5,267
FCHFWS,20151022,396.36,396.36,394.00,395.32,125,1673
FCHFZ15,20151022,396.36,396.36,394.00,395.32,125,1673
FEUR,20151022,429.95,429.99,427.25,428.17,2272,22672
FEURH16,20151022,431.14,431.14,429.52,429.52,1058,10498
FEURM16,20151022,432.47,432.47,431.00,431.00,3,396
FEURU16,20151022,433.99,434.34,432.55,432.55,38,162
FEURWS,20151022,427.00,427.00,427.00,427.00,1,4
FEURX15,20151022,427.00,427.00,427.00,427.00,1,4
FEURZ15,20151022,429.95,429.99,427.25,428.17,1172,11612
FGPWZ15,20151022,40.27,40.27,40.27,40.27,1,33
FJSWH16,20151022,12.70,12.70,12.70,12.70,2,98
FJSWZ15,20151022,12.46,12.86,12.46,12.86,140,2035
FKGHH16,20151022,95.60,95.60,95.60,95.60,1,50
FKGHZ15,20151022,92.49,95.68,92.10,95.57,1391,1876
FLTSZ15,20151022,29.19,29.19,28.90,28.90,10,159
FOPLH16,20151022,7.12,7.12,7.06,7.06,3,23
FOPLZ15,20151022,7.20,7.20,6.65,7.15,295,458
FPEOZ15,20151022,156.50,157.50,155.45,156.40,81,222
FPGEZ15,20151022,13.86,14.19,13.81,14.03,291,2505
FPGNZ15,20151022,6.75,6.83,6.72,6.79,48,393
FPKNH16,20151022,62.10,62.10,62.10,62.10,1,57
FPKNM16,20151022,61.50,61.80,61.50,61.80,2,7
FPKNZ15,20151022,63.01,63.20,61.55,62.85,1069,1917
FPKOH16,20151022,30.89,31.35,30.89,31.35,2,79
FPKOZ15,20151022,30.83,31.04,30.21,30.30,1025,2227
FPZUH16,20151022,378.00,378.00,378.00,378.00,1,4
FPZUZ15,20151022,379.55,379.55,373.30,375.00,225,1154
FSNSZ15,20151022,3.76,3.76,3.72,3.74,7,12
FTPEH16,20151022,3.15,3.18,3.15,3.16,21,63
FTPEZ15,20151022,3.16,3.18,3.13,3.16,220,1247
FUSD,20151022,378.99,383.49,378.49,382.77,6649,24425
FUSDF16,20151022,380.06,380.06,380.06,380.06,250,250
FUSDH16,20151022,379.98,384.00,379.47,383.13,103,2471
FUSDM16,20151022,380.79,385.18,380.79,385.18,30,93
FUSDU16,20151022,381.30,385.30,381.30,385.30,11,52
FUSDWS,20151022,379.38,380.00,379.38,380.00,254,250
FUSDX15,20151022,379.38,380.00,379.38,380.00,254,250
FUSDZ15,20151022,378.99,383.49,378.49,382.77,6001,21309
FW20,20151022,2107,2119,2096,2110,13765,55427
FW20H1620,20151022,2112,2123,2106,2120,35,332
FW20M1620,20151022,2096,2110,2090,2110,19,138
FW20U1620,20151022,2082,2098,2081,2089,20,128
FW20WS,20151022,2107,2119,2096,2110,13691,54829
FW20Z1520,20151022,2107,2119,2096,2110,13691,54829
FW40Z15,20151022,3685,3695,3656,3677,300,2401
OW20C162000,20151022,169.00,169.00,165.80,165.80,2,122
OW20C162200,20151022,70.60,70.60,70.60,70.60,1,28
OW20C162300,20151022,35.00,35.00,35.00,35.00,1,56
OW20C162400,20151022,16.93,16.93,16.93,16.93,1,86
OW20C162500,20151022,6.33,6.49,6.33,6.49,3,69
OW20C162600,20151022,2.43,2.43,2.43,2.43,1,207
OW20F162000,20151022,179.00,179.00,179.00,179.00,1,28
OW20F162400,20151022,26.00,26.00,26.00,26.00,1,16
OW20F162500,20151022,12.89,12.89,12.89,12.89,1,38
OW20F162600,20151022,6.13,6.30,6.13,6.13,3,80
OW20I162000,20151022,184.00,184.00,184.00,184.00,2,15
OW20I162300,20151022,55.80,55.80,55.80,55.80,1,15
OW20I162400,20151022,34.33,34.33,34.33,34.33,1,19
OW20I162500,20151022,19.55,19.55,19.55,19.55,1,20
OW20I162600,20151022,10.52,11.20,10.52,11.20,3,111
OW20K152075,20151022,58.00,60.40,58.00,60.40,2,71
OW20K152100,20151022,46.00,46.00,44.00,44.00,2,15
OW20K152125,20151022,34.00,34.00,34.00,34.00,1,14
OW20K152150,20151022,23.48,26.00,22.00,26.00,20,62
OW20K152200,20151022,11.11,11.97,9.36,11.91,32,122
OW20K152225,20151022,5.55,5.55,5.55,5.55,4,25
OW20K152250,20151022,4.02,4.02,3.53,3.64,20,54
OW20K152275,20151022,2.47,2.47,2.47,2.47,10,76
OW20K152300,20151022,1.65,1.99,1.50,1.50,24,207
OW20K152350,20151022,0.50,0.85,0.50,0.85,4,200
OW20L152000,20151022,141.00,141.00,141.00,141.00,1,31
OW20L152050,20151022,96.55,103.00,96.55,103.00,3,57
OW20L152100,20151022,69.00,74.00,69.00,74.00,22,199
OW20L152150,20151022,48.00,48.00,48.00,48.00,20,134
OW20L152200,20151022,27.30,31.75,26.50,31.75,22,1241
OW20L152250,20151022,15.05,18.50,15.05,18.50,11,108
OW20L152300,20151022,8.03,9.20,8.03,8.79,8,498
OW20L152350,20151022,4.30,4.30,4.15,4.15,8,91
OW20L152400,20151022,2.05,2.05,2.00,2.00,109,314
OW20L152450,20151022,1.39,1.39,1.39,1.39,10,114
OW20M162000,20151022,43.02,43.02,43.02,43.02,1,1
OW20O161700,20151022,9.00,9.00,9.00,9.00,1,130
OW20O162000,20151022,57.15,57.15,57.15,57.15,2,97
OW20O162100,20151022,103.50,103.50,91.15,91.15,2,44
OW20R162000,20151022,76.20,76.20,76.20,76.20,1,14
OW20U161900,20151022,61.35,61.35,61.35,61.35,1,12
OW20W151800,20151022,1.10,1.10,1.10,1.10,7,98
OW20W151825,20151022,1.35,1.35,1.35,1.35,1,37
OW20W151850,20151022,2.01,2.32,2.00,2.06,36,210
OW20W151900,20151022,4.03,4.21,3.58,3.58,16,45
OW20W151925,20151022,5.32,5.32,5.32,5.32,5,19
OW20W151950,20151022,8.12,8.37,6.70,6.70,22,64
OW20W152000,20151022,13.39,14.99,11.47,12.50,24,95
OW20W152025,20151022,18.00,18.00,14.41,14.41,9,13
OW20W152050,20151022,25.25,25.71,22.00,22.00,43,62
OW20W152100,20151022,41.48,41.48,38.00,38.00,22,78
OW20W152125,20151022,49.56,50.45,49.56,50.45,2,5
OW20W152150,20151022,74.35,74.35,73.30,73.30,20,90
OW20X151700,20151022,2.40,2.40,2.40,2.40,3,526
OW20X151800,20151022,6.00,6.00,6.00,6.00,2,395
OW20X151850,20151022,9.50,9.50,9.50,9.50,2,82
OW20X151900,20151022,15.90,15.90,13.40,13.40,2,3640
OW20X152000,20151022,32.47,33.00,31.00,31.00,22,613
OW20X152050,20151022,44.77,44.77,41.00,41.55,13,106
OW20X152100,20151022,67.00,67.00,60.00,60.00,13,1148
OW20X152200,20151022,113.50,114.15,113.50,114.15,2,1226
OW20X152300,20151022,210.45,210.45,203.75,203.75,11,2605
06MAGNA,20151022,1.85,1.92,1.85,1.92,24
4FUNMEDIA,20151022,5.15,5.15,4.86,5.06,4764
AATHOLD,20151022,21.62,21.80,21.00,21.50,2978
ABCDATA,20151022,3.15,3.17,3.14,3.17,8033
ABPL,20151022,36.33,36.87,36.32,36.87,3223
ACE,20151022,11.91,11.91,11.61,11.87,5030
ACTION,20151022,26.75,26.75,24.85,25.10,33602
ADIUVO,20151022,26.20,26.20,26.00,26.00,388
ADIUVO-PDA,20151022,26.10,26.10,26.10,26.10,2
AGORA,20151022,11.20,11.33,11.20,11.23,4597
AGROTON,20151022,1.36,1.42,1.34,1.39,126559
ALCHEMIA,20151022,4.87,4.91,4.87,4.91,26511
ALIOR,20151022,82.47,83.06,81.77,82.75,69981
ALMA,20151022,9.05,9.35,9.04,9.35,427
ALTA,20151022,2.18,2.18,2.09,2.17,5022
ALTUSTFI,20151022,10.62,11.20,10.62,11.15,23203
ALUMETAL,20151022,50.93,51.38,48.83,50.24,4698
AMBRA,20151022,8.21,8.21,8.10,8.18,2787
AMICA,20151022,165.05,165.05,163.55,163.60,1281
AMREST,20151022,179.00,179.70,178.95,179.50,969
APATOR,20151022,32.25,32.90,32.17,32.39,1425
APLISENS,20151022,12.75,12.75,12.20,12.20,40
APSENERGY,20151022,5.25,5.25,4.80,5.24,13633
ARCTIC,20151022,3.11,3.17,3.11,3.13,16115
ARTERIA,20151022,14.98,15.15,14.63,14.94,611
ASBIS,20151022,1.21,1.31,1.20,1.26,1494052
ASSECOBS,20151022,15.38,15.38,15.35,15.35,862
ASSECOPOL,20151022,55.35,55.40,54.70,55.18,60967
ASSECOSEE,20151022,9.96,10.27,9.96,10.20,7122
ASSECOSLO,20151022,17.85,18.00,17.85,18.00,225
ASTARTA,20151022,31.21,32.00,31.20,31.20,4756
ATAL,20151022,21.75,21.75,21.00,21.70,6065
ATENDE,20151022,2.75,2.75,2.71,2.71,6795
ATLANTAPL,20151022,9.10,9.10,8.90,9.10,553
ATLANTIS,20151022,0.77,0.78,0.70,0.77,80966
ATLASEST,20151022,0.96,0.96,0.96,0.96,400
ATM,20151022,9.42,9.52,9.40,9.52,1013
ATMGRUPA,20151022,3.44,3.44,3.13,3.35,18897
ATREM,20151022,4.80,4.80,4.79,4.79,200
AVIAAML,20151022,5.12,5.12,5.12,5.12,1
AVIASG,20151022,20.75,20.75,20.75,20.75,1
AWBUD,20151022,3.00,3.00,2.95,2.95,2000
BALTONA,20151022,7.60,7.60,7.34,7.34,1000
BANKBPH,20151022,36.38,36.38,36.05,36.05,1173
BBIDEV,20151022,1.01,1.01,0.98,0.99,15243
BENEFIT,20151022,434.00,434.00,427.05,430.00,2120
BEST,20151022,17.70,17.70,17.02,17.70,402
BETACOM,20151022,10.34,10.34,10.34,10.34,15
BGZBNPP,20151022,50.00,50.90,50.00,50.85,2500
BIOMEDLUB,20151022,3.00,3.00,2.95,2.98,5502
BIOTON,20151022,10.83,10.95,10.76,10.90,25434
BOGDANKA,20151022,57.50,57.50,55.65,57.50,31377
BORYSZEW,20151022,5.02,5.11,5.02,5.10,148478
BOS,20151022,22.75,22.79,22.61,22.62,798
BOWIM,20151022,2.24,2.24,2.02,2.02,20814
BPHFIZSN,20151022,48.00,48.00,48.00,48.00,49
BRASTER,20151022,14.35,14.35,13.95,14.26,4858
BRIJU,20151022,13.89,13.89,13.80,13.89,943
BSCDRUK,20151022,34.67,34.67,34.20,34.20,30
BUDIMEX,20151022,213.50,213.50,210.20,210.20,1452
BUMECH,20151022,0.78,0.79,0.77,0.78,15439
BYTOM,20151022,3.06,3.10,3.05,3.08,30562
BZWBK,20151022,316.95,318.00,313.15,314.15,68429
CALATRAVA,20151022,0.68,0.68,0.64,0.65,116490
CAMMEDIA,20151022,6.05,6.05,6.05,6.05,5
CAPITAL,20151022,2.24,2.27,2.24,2.27,5060
CCC,20151022,173.00,174.85,172.75,173.90,33948
CDPROJEKT,20151022,26.94,26.97,26.65,26.80,124967
CDRL,20151022,19.00,19.25,19.00,19.00,1401
CELTIC,20151022,4.72,4.72,4.72,4.72,650
CEZ,20151022,76.09,76.09,74.66,74.66,32014
CHEMOS,20151022,1.62,1.63,1.56,1.58,41156
CIECH,20151022,73.48,73.48,72.50,72.94,29046
CIGAMES,20151022,23.31,23.39,22.21,22.70,88863
CNT,20151022,8.45,8.45,8.45,8.45,11
COGNOR,20151022,1.24,1.24,1.22,1.24,21230
COLIAN,20151022,4.51,4.51,4.44,4.48,6605
COMARCH,20151022,120.30,121.95,120.30,120.50,6196
COMP,20151022,56.00,57.00,56.00,56.90,503
CORMAY,20151022,1.86,1.93,1.83,1.88,191066
CPGROUP,20151022,6.00,6.00,6.00,6.00,81186
CUBEITG,20151022,4.91,5.11,4.91,5.11,395
CYFRPLSAT,20151022,24.59,25.00,24.27,25.00,515994
CZTOREBKA,20151022,1.15,1.23,1.10,1.22,241486
DBDAIM1218,20151022,106.54,106.54,106.54,106.54,100
DEBICA,20151022,87.00,87.98,85.11,87.98,1684
DECORA,20151022,7.22,7.30,7.22,7.29,331
DELKO,20151022,8.66,9.25,8.50,9.15,4835
DGA,20151022,5.70,5.70,5.70,5.70,1
DMWDM,20151022,0.33,0.35,0.33,0.35,10024
DOMDEV,20151022,51.59,51.59,49.20,51.00,72
DROZAPOL,20151022,2.14,2.24,2.14,2.24,3642
DTP,20151022,4.55,4.55,4.46,4.54,9650
DUDA,20151022,6.10,6.10,5.80,5.80,6986
DUON,20151022,3.33,3.33,3.17,3.23,717036
ECHO,20151022,6.95,6.99,6.95,6.98,6781
EDINVEST,20151022,2.29,2.29,2.29,2.29,1
EFEKT,20151022,15.78,15.78,15.78,15.78,2
EKOEXPORT,20151022,14.75,14.86,14.27,14.77,14165
ELBUDOWA,20151022,154.00,154.00,151.00,151.00,845
ELEKTROTI,20151022,18.66,18.84,18.45,18.79,9961
ELEMENTAL,20151022,4.32,4.44,4.30,4.32,118913
ELKOP,20151022,1.33,1.40,1.32,1.37,3905
ELZAB,20151022,15.14,15.20,15.14,15.20,1000
EMCINSMED,20151022,14.97,14.97,13.58,13.62,401
EMPERIA,20151022,68.93,69.00,67.01,68.51,21080
ENAP,20151022,0.94,0.94,0.89,0.89,898
ENEA,20151022,13.50,13.64,13.36,13.55,218457
ENELMED,20151022,10.70,10.70,10.70,10.70,710
ENERGA,20151022,16.92,17.37,16.82,16.98,698511
ENERGOINS,20151022,11.27,11.37,11.09,11.29,8695
ERBUD,20151022,32.29,33.20,32.20,33.14,1549
ERG,20151022,21.50,21.50,20.61,20.61,166
ERGIS,20151022,4.85,4.90,4.84,4.88,37230
ESSYSTEM,20151022,2.94,2.94,2.90,2.90,2512
ETFDAX,20151022,424.00,430.00,423.50,428.88,84
ETFSP500,20151022,78.60,78.60,78.47,78.49,148
ETFW20L,20151022,243.67,244.21,242.50,243.50,338
EUCO,20151022,50.60,51.75,49.77,50.00,709
EUROCASH,20151022,47.23,49.34,47.23,49.15,1697450
EUROTEL,20151022,16.92,17.43,16.92,17.43,1009
EVEREST,20151022,1.57,1.65,1.50,1.65,101
FAMUR,20151022,1.90,1.91,1.89,1.90,26879
FARMACOL,20151022,63.20,63.20,63.00,63.00,255
FASING,20151022,17.59,17.60,17.59,17.60,505
FASTFIN,20151022,0.62,0.65,0.60,0.65,44435
FEERUM,20151022,21.97,21.97,21.94,21.94,51
FERRO,20151022,11.20,11.20,11.20,11.20,1590
FERRUM,20151022,4.84,4.84,4.60,4.78,757
FON,20151022,0.68,0.69,0.66,0.69,41584
FORTE,20151022,53.90,54.50,53.80,53.80,3868
FORTUNA,20151022,11.95,11.95,11.95,11.95,1
FOTA,20151022,0.73,0.73,0.66,0.68,182036
GETIN,20151022,1.67,1.67,1.62,1.62,162846
GETINOBLE,20151022,0.95,0.95,0.91,0.92,4155152
GINOROSSI,20151022,2.50,2.54,2.50,2.53,16659
GLCOSMED,20151022,4.40,4.40,4.30,4.40,432
GPW,20151022,39.89,40.33,39.61,40.08,111194
GRAAL,20151022,31.51,31.70,31.25,31.70,2290
GRAJEWO,20151022,26.50,26.50,25.00,25.00,140737
GREMMEDIA,20151022,1.75,1.92,1.75,1.89,15184
GROCLIN,20151022,14.18,14.18,13.50,13.60,31838
GRODNO,20151022,5.49,5.49,5.49,5.49,700
GRUPAAZOTY,20151022,93.45,93.70,91.51,92.10,27364
GTC,20151022,6.82,6.99,6.82,6.98,25465
GTC-PDA,20151022,6.79,6.99,6.79,6.99,1310
HANDLOWY,20151022,86.69,86.69,81.49,81.83,44684
HARPER,20151022,1.90,1.90,1.89,1.89,701
HAWE,20151022,1.04,1.04,0.93,0.93,9172371
HELIO,20151022,4.46,4.46,4.46,4.46,110
HERKULES,20151022,4.06,4.12,4.06,4.12,42325
HUBSTYLE,20151022,1.00,1.04,0.93,1.01,9848
HYDROTOR,20151022,37.50,37.50,37.20,37.50,772
HYPERION,20151022,3.44,3.44,3.19,3.19,3195
IDMSA,20151022,1.48,1.58,1.48,1.48,1265
IFCAPITAL,20151022,3.55,3.83,2.88,2.88,391932
IFSA,20151022,0.92,1.00,0.83,0.85,461438
IIAAV,20151022,9.94,10.00,9.92,10.00,8644
IMCOMPANY,20151022,6.39,6.39,6.32,6.32,300
IMMOBILE,20151022,2.39,2.39,2.39,2.39,109
IMPEL,20151022,27.90,27.90,27.43,27.90,2234
IMPERA,20151022,1.55,1.55,1.55,1.55,53
IMPEXMET,20151022,2.68,2.70,2.68,2.68,35664
IMS,20151022,2.09,2.10,2.09,2.10,30
INC,20151022,2.20,2.24,2.19,2.24,827
INDATA,20151022,0.93,0.94,0.91,0.93,44857
INDYGO,20151022,0.99,1.01,0.96,0.96,516519
INDYKPOL,20151022,96.70,97.50,96.40,96.40,93
INGBSK,20151022,129.10,129.65,126.45,128.50,20998
INPOST,20151022,22.99,22.99,22.05,22.25,10501
INPRO,20151022,3.89,3.89,3.89,3.89,1
INSTALKRK,20151022,12.90,13.00,12.15,12.80,24035
INTEGERPL,20151022,120.90,121.00,119.00,120.00,2541
INTERBUD,20151022,2.51,2.53,2.40,2.52,9064
INTERCARS,20151022,236.15,236.80,235.00,235.00,304
INTERSPPL,20151022,2.90,2.90,2.87,2.89,2171
INTROL,20151022,9.60,9.89,9.60,9.89,86
INVISTA,20151022,2.17,2.27,2.17,2.27,858
INVPEFIZ,20151022,935.00,990.00,930.10,954.99,348
IPERMFIZ,20151022,63.15,63.15,60.11,60.11,239
IPOPEMA,20151022,2.82,2.88,2.80,2.80,1392
IQP,20151022,0.84,0.84,0.84,0.84,1
IVMX,20151022,5.96,5.96,5.95,5.95,1253
IZOBLOK,20151022,119.10,119.10,117.00,118.50,329
IZOLACJA,20151022,1.25,1.35,1.25,1.35,9174
IZOSTAL,20151022,4.50,4.55,4.39,4.55,8005
JHMDEV,20151022,1.49,1.65,1.47,1.65,85214
JSW,20151022,12.78,12.96,12.61,12.96,308408
JWCONSTR,20151022,5.01,5.05,4.86,4.96,13229
K2INTERNT,20151022,14.09,14.09,14.03,14.03,2
KANIA,20151022,2.87,2.87,2.82,2.82,17822
KBDOM,20151022,3.15,3.29,3.15,3.29,3792
KERDOS,20151022,0.59,0.61,0.57,0.58,717972
KERNEL,20151022,54.67,54.67,49.21,51.36,438821
KETY,20151022,273.50,276.00,271.10,271.10,5536
KGHM,20151022,92.58,95.72,92.05,95.70,859688
KINOPOL,20151022,14.09,14.09,14.09,14.09,42
KOGENERA,20151022,70.00,71.92,69.01,71.92,2173
KOMPUTRON,20151022,9.04,9.04,8.82,8.90,7804
KONSSTALI,20151022,36.40,36.40,36.40,36.40,1
KOPEX,20151022,5.97,5.98,5.95,5.97,3937
KRAKCHEM,20151022,4.20,4.20,4.17,4.20,358
KREC,20151022,7.28,7.59,7.28,7.59,120
KREDYTIN,20151022,26.72,26.72,26.00,26.10,1534
KREZUS,20151022,4.50,4.68,4.50,4.60,3598
KRKA,20151022,272.95,273.00,256.00,257.15,1110
KRUK,20151022,185.00,185.45,182.70,183.70,8006
KRUSZWICA,20151022,50.20,50.20,50.05,50.05,240
KSGAGRO,20151022,1.20,1.30,1.16,1.23,80435
LCCORP,20151022,1.99,2.00,1.96,1.96,98524
LENA,20151022,4.45,4.45,4.41,4.45,2181
LENTEX,20151022,9.00,9.01,8.94,8.94,6663
LIBET,20151022,2.49,2.49,2.45,2.45,13861
LIVECHAT,20151022,35.60,35.60,34.42,34.90,3420
LMCSFIZ,20151022,1180.00,1180.00,1180.00,1180.00,22
LMDSFIZ,20151022,1150.00,1150.00,1150.00,1150.00,10
LOTOS,20151022,29.14,29.20,28.65,28.65,235192
LPP,20151022,7639.95,7639.95,7530.30,7560.75,1161
LSISOFT,20151022,4.05,4.39,3.99,4.12,4320
LUBAWA,20151022,1.07,1.08,1.05,1.07,125154
MABION,20151022,47.70,48.00,47.10,47.89,2171
MAGELLAN,20151022,59.60,59.98,59.00,59.49,368
MAKARONPL,20151022,5.84,5.85,5.84,5.85,409
MARVIPOL,20151022,6.52,6.70,6.52,6.70,1851
MBANK,20151022,388.75,388.80,382.80,386.50,25840
MCI,20151022,12.23,12.23,12.01,12.04,11980
MCLOGIC,20151022,39.00,40.40,39.00,40.40,1028
MEDIATEL,20151022,1.08,1.08,1.02,1.02,16045
MEDICALG,20151022,229.75,231.00,227.65,230.15,7036
MENNICA,20151022,13.21,13.74,13.21,13.74,41
MERCATOR,20151022,18.01,18.23,18.01,18.22,5510
MERCOR,20151022,9.52,9.70,9.52,9.53,174
MEXPOLSKA,20151022,3.55,3.85,3.31,3.75,116496
MFO,20151022,11.90,11.99,11.90,11.99,91
MIDAS,20151022,0.63,0.63,0.62,0.62,299629
MILKILAND,20151022,1.98,2.03,1.90,1.93,76571
MILLENNIUM,20151022,6.50,6.57,6.38,6.43,992888
MIRACULUM,20151022,2.71,2.71,2.62,2.71,342
MIRBUD,20151022,1.07,1.17,1.07,1.15,1312747
MLPGROUP,20151022,35.48,35.48,34.40,35.00,130202
MNI,20151022,0.91,0.91,0.88,0.91,3146
MOBRUK,20151022,8.15,8.15,8.15,8.15,200
MONNARI,20151022,16.21,16.30,16.01,16.15,179491
MOSTALPLC,20151022,15.60,15.60,15.60,15.60,1
MOSTALWAR,20151022,14.15,14.30,14.15,14.20,18253
MOSTALZAB,20151022,1.83,1.83,1.80,1.82,58449
MWTRADE,20151022,16.40,16.40,16.40,16.40,607
NETIA,20151022,5.47,5.52,5.45,5.52,79177
NETMEDIA,20151022,5.32,5.32,4.90,4.90,7609
NEUCA,20151022,335.00,335.00,331.00,333.30,1591
NEWAG,20151022,16.42,16.42,16.10,16.20,3313
NFIEMF,20151022,3.17,3.34,3.17,3.34,1611
NORTCOAST,20151022,5.70,5.88,5.70,5.88,1894
NOVITA,20151022,51.91,51.91,51.85,51.85,26
NOWAGALA,20151022,1.46,1.46,1.41,1.42,19950
NTTSYSTEM,20151022,2.43,2.43,2.29,2.43,1011
ODLEWNIE,20151022,2.35,2.36,2.35,2.36,4049
OPENFIN,20151022,3.93,3.99,3.90,3.95,25984
OPONEO.PL,20151022,24.49,24.49,23.46,23.50,16464
OPTEAM,20151022,10.23,10.23,9.41,9.45,5280
ORANGEPL,20151022,6.91,7.16,6.90,7.14,4466906
ORBIS,20151022,58.21,59.55,58.00,58.05,1841
ORCOGROUP,20151022,1.08,1.08,1.08,1.08,613
ORZBIALY,20151022,7.16,7.16,7.15,7.16,381
OTMUCHOW,20151022,6.48,6.79,6.40,6.40,2730
OVOSTAR,20151022,88.99,91.00,87.00,87.00,302
PAGED,20151022,51.48,51.50,51.00,51.49,525
PAMAPOL,20151022,1.50,1.50,1.42,1.48,5099
PANOVA,20151022,19.00,19.00,19.00,19.00,630
PBG,20151022,2.35,2.38,2.23,2.27,73495
PCCINTER,20151022,2.25,2.25,2.25,2.25,23
PCCROKITA,20151022,40.30,40.45,40.00,40.30,271
PCM,20151022,43.00,43.00,43.00,43.00,172
PEGAS,20151022,130.00,130.00,123.30,123.30,20
PEKABEX,20151022,11.30,11.50,11.30,11.50,25502
PEKAES,20151022,12.50,12.74,12.11,12.60,4792
PEKAO,20151022,156.50,157.55,155.15,156.45,312628
PELION,20151022,62.21,63.17,60.70,60.70,1651
PEMANAGER,20151022,133.00,133.00,128.15,128.15,33
PEP,20151022,25.50,25.80,25.20,25.50,3624
PEPEES,20151022,0.53,0.53,0.51,0.52,13766
PGE,20151022,13.81,14.21,13.76,14.00,2409623
PGNIG,20151022,6.77,6.85,6.71,6.80,3022479
PGODLEW,20151022,5.22,5.22,5.22,5.22,34
PHN,20151022,20.50,20.99,20.12,20.75,5649
PKNORLEN,20151022,62.90,63.20,61.42,62.80,1703769
PKOBP,20151022,30.78,31.09,30.15,30.30,3404494
PKOGS,20151022,101.60,101.67,101.60,101.67,687
PKOSO,20151022,99.57,99.57,99.57,99.57,100
PKPCARGO,20151022,66.60,67.00,64.02,64.60,58566
PLASTBOX,20151022,2.26,2.26,2.26,2.26,35
PLATYNINW,20151022,3.08,3.38,3.06,3.38,5820
POLICE,20151022,24.55,24.88,24.45,24.88,126
POLMED,20151022,3.27,3.31,3.27,3.31,185
POLNA,20151022,25.87,25.90,25.87,25.90,1138
POLNORD,20151022,13.15,13.24,12.50,12.50,203282
POLWAX,20151022,15.98,15.98,15.45,15.80,6836
POZBUD,20151022,6.10,6.10,5.90,5.90,3441
PRAIRIE,20151022,0.98,0.98,0.89,0.90,116618
PRESCO,20151022,4.99,4.99,4.90,4.99,7701
PRIMAMODA,20151022,1.62,1.62,1.57,1.57,1550
PROCAD,20151022,1.67,1.79,1.66,1.74,5473
PROCHEM,20151022,16.38,17.90,16.01,17.74,18784
PROCHNIK,20151022,1.18,1.20,1.18,1.19,76300
PROJPRZEM,20151022,7.10,7.20,7.05,7.20,4548
PROTEKTOR,20151022,3.05,3.06,3.04,3.06,434
PROVIDENT,20151022,24.55,24.56,24.55,24.56,700
PSG,20151022,0.69,0.69,0.64,0.66,13666
PTI,20151022,0.47,0.47,0.42,0.44,838578
PULAWY,20151022,172.00,172.00,170.10,171.95,289
PWRMEDIA,20151022,1.25,1.25,1.21,1.21,760
PZU,20151022,379.85,379.85,373.35,375.00,171410
PZUAKORD,20151022,97.00,97.00,97.00,97.00,100
QUANTUM,20151022,6.01,6.02,5.96,5.96,932
QUERCUS,20151022,6.36,6.36,6.30,6.30,54192
QUMAK,20151022,10.15,10.15,10.10,10.15,1139
RADPOL,20151022,6.55,6.55,6.43,6.52,871
RAFAKO,20151022,6.79,6.79,6.70,6.74,14433
RAINBOW,20151022,25.06,25.12,24.90,25.12,4505
RANKPROGR,20151022,1.53,1.53,1.42,1.50,25431
RAWLPLUG,20151022,8.90,9.09,8.90,9.09,316
RCBSX5E0320,20151022,917.88,917.88,917.88,917.88,27
RCCRUAOPEN,20151022,9.35,9.35,9.35,9.35,200
RCGBSH10520,20151022,944.86,944.86,944.86,944.86,24
RCGLDAOPEN,20151022,448.00,448.00,448.00,448.00,3
RCKGH11116,20151022,825.09,825.09,825.09,825.09,22
RCLNAGOPEN,20151022,6.54,6.55,6.54,6.55,530
RCPZU11116,20151022,835.44,835.44,829.87,829.87,6
RCSCEAOPEN,20151022,75.30,75.30,75.30,75.30,22
RCSDGP0717,20151022,1097.03,1097.03,1097.03,1097.03,60
RCSDGP0720,20151022,979.08,979.08,978.28,978.28,200
RCSILAOPEN,20151022,59.80,60.79,59.78,60.79,350
RCSUGAOPEN,20151022,3.50,3.50,3.50,3.50,300
RCTWW20002,20151022,1130.00,1130.00,1130.00,1130.00,100
REDAN,20151022,2.40,2.40,2.28,2.31,12002
REDWOOD,20151022,5.58,5.95,5.58,5.58,439
REINHOLD,20151022,0.51,0.52,0.50,0.51,34322
RELPOL,20151022,6.50,6.69,6.50,6.69,5500
REMAK,20151022,22.50,22.80,21.70,22.10,613
RESBUD,20151022,1.82,2.11,1.82,2.00,79082
ROBYG,20151022,2.55,2.56,2.52,2.54,119303
RONSON,20151022,1.37,1.37,1.37,1.37,1758
ROPCZYCE,20151022,22.30,22.30,21.00,21.01,3486
RUBICON,20151022,1.23,1.24,1.23,1.24,946
SANOK,20151022,57.01,58.15,57.01,58.15,1881
SANTANDER,20151022,20.80,22.49,20.80,22.49,80
SCOPAK,20151022,3.09,3.09,3.01,3.05,2339
SECOGROUP,20151022,20.01,20.89,20.01,20.89,51
SELENAFM,20151022,18.00,18.47,18.00,18.47,201
SELVITA,20151022,21.90,21.90,21.10,21.55,1161
SERINUS,20151022,2.03,2.08,2.03,2.07,19200
SFINKS,20151022,3.68,3.68,3.40,3.59,31924
SILVANO,20151022,5.35,5.37,5.35,5.37,1589
SIMPLE,20151022,9.37,9.37,9.01,9.16,2682
SKARBIEC,20151022,33.49,33.50,32.51,33.30,612
SKOK,20151022,1.67,1.67,1.60,1.60,817
SKOTAN,20151022,0.60,0.61,0.58,0.59,384095
SMT,20151022,16.87,17.00,16.80,16.80,2211
SNIEZKA,20151022,55.00,55.00,55.00,55.00,20
SOBIESKI,20151022,78.49,78.49,78.49,78.49,1
SOHODEV,20151022,1.15,1.21,1.15,1.21,3767
SOLAR,20151022,1.52,1.52,1.45,1.45,18943
SONEL,20151022,12.39,12.80,12.39,12.80,9565
STALEXP,20151022,3.11,3.11,3.02,3.06,97418
STALPROD,20151022,319.50,324.95,319.50,324.95,89
STALPROFI,20151022,11.51,12.00,11.51,12.00,199
STAPORKOW,20151022,5.28,5.48,4.90,4.90,42238
STARHEDGE,20151022,0.79,0.79,0.75,0.75,2699
SUNEX,20151022,0.24,0.25,0.22,0.23,1905785
SUWARY,20151022,10.70,10.70,10.70,10.70,2
SWISSMED,20151022,1.84,1.90,1.84,1.90,4321
SYGNITY,20151022,8.88,9.49,8.80,9.30,25350
SYNEKTIK,20151022,16.02,16.02,15.70,15.95,651
SYNTHOS,20151022,3.79,3.79,3.73,3.73,553043
TALEX,20151022,18.13,18.13,18.13,18.13,5
TARCZYNSKI,20151022,12.85,13.18,12.85,13.18,2073
TATRY,20151022,102.20,103.00,102.20,103.00,105
TAURONPE,20151022,3.15,3.16,3.12,3.13,2323038
TELL,20151022,11.80,11.80,11.62,11.62,1047
TERMOREX,20151022,3.10,3.10,3.00,3.05,3762
TESGAS,20151022,3.70,3.70,3.56,3.70,745
TFONE,20151022,3.42,3.49,3.20,3.32,54773
TIM,20151022,9.29,9.29,9.29,9.29,11
TORPOL,20151022,12.62,12.80,12.60,12.68,115658
TOYA,20151022,5.28,5.28,5.28,5.28,64
TRAKCJA,20151022,10.20,10.37,10.20,10.30,98411
TRANSPOL,20151022,4.64,4.64,4.60,4.60,276
TRAVELPL,20151022,3.89,3.89,3.89,3.89,1000
TRIGONPP,20151022,114.41,114.41,114.40,114.40,100
TRITON,20151022,2.00,2.00,2.00,2.00,1250
ULMA,20151022,78.40,78.50,78.40,78.50,36
UNIBEP,20151022,10.90,10.97,10.64,10.65,1633
UNICREDIT,20151022,26.06,26.10,26.06,26.10,268
UNIMA,20151022,2.50,2.54,2.49,2.50,7626
UNISYS1AB,20151022,969.00,969.00,969.00,969.00,8
UNIWHEELS,20151022,115.50,118.10,115.50,118.10,1483
URSUS,20151022,2.95,3.28,2.90,3.22,3075627
VANTAGE,20151022,2.61,2.61,2.60,2.60,224
VARIANT,20151022,1.65,1.69,1.57,1.69,3537
VIGOSYS,20151022,265.00,265.00,253.50,264.50,69
VINDEXUS,20151022,6.17,6.17,5.72,5.99,59408
VISTAL,20151022,11.30,11.30,11.01,11.01,1927
VISTULA,20151022,2.88,2.88,2.83,2.84,146015
VOTUM,20151022,16.80,16.80,16.68,16.68,330
VOXEL,20151022,17.14,17.49,17.14,17.15,240
WARIMPEX,20151022,3.20,3.20,3.20,3.20,50
WASKO,20151022,1.95,1.98,1.93,1.97,18082
WAWEL,20151022,1260.00,1260.00,1252.05,1256.00,30
WDX,20151022,5.24,5.24,5.16,5.23,139
WIELTON,20151022,7.38,7.45,7.35,7.42,13008
WIKANA,20151022,1.51,1.68,1.42,1.68,3774
WILBO,20151022,1.33,1.33,1.28,1.30,5809
WINDMOBIL,20151022,7.80,7.80,7.56,7.80,4600
WINDMOBIL-PDA,20151022,7.80,7.90,7.80,7.90,1185
WINVEST,20151022,3.72,4.00,3.72,4.00,168
WIRTUALNA,20151022,39.60,39.69,39.60,39.65,1300
WOJAS,20151022,7.30,7.37,7.28,7.36,6296
WORKSERV,20151022,15.55,15.55,15.40,15.50,27274
YAWAL,20151022,4.36,4.36,4.03,4.29,9593
ZAMET,20151022,1.98,1.98,1.92,1.95,971
ZASTAL,20151022,0.70,0.70,0.70,0.70,3500
ZEPAK,20151022,12.95,13.18,12.60,12.67,24576
ZETKAMA,20151022,89.13,90.00,89.00,90.00,398
ZUE,20151022,8.80,8.80,8.15,8.50,3722
ZYWIEC,20151022,400.00,400.00,400.00,400.00,10
INVESTORMS,20151022,3747.68,3747.68,3743.21,3743.21,129345.208
MWIG40,20151022,3766.97,3767.49,3727.74,3734.01,93176.884
NCINDEX30,20151022,1035.85,1041.91,1026.23,1040.20,3003.270
RESPECT,20151022,2601.64,2611.33,2585.87,2604.47,411079.024
SWIG80,20151022,13487.22,13492.66,13381.10,13432.49,36530.796
WIG,20151022,51216.90,51255.64,50919.24,51094.29,809991.390
WIG-BANKI,20151022,6896.19,6896.19,6854.86,6854.86,207373.556
WIG-BUDOW,20151022,3109.74,3120.01,3109.74,3110.57,6397.361
WIG-CEE,20151022,751.09,751.09,740.73,740.73,25765.231
WIG-CHEMIA,20151022,15193.81,15193.81,15100.55,15100.55,6953.054
WIG-DEWEL,20151022,1491.15,1491.15,1482.38,1490.75,8847.400
WIG-ENERG,20151022,3310.55,3327.60,3310.55,3327.60,58739.186
WIG-INFO,20151022,1663.00,1663.19,1662.59,1663.19,11895.871
WIG-MEDIA,20151022,4478.24,4505.73,4451.37,4505.73,12998.791
WIG-PALIWA,20151022,4614.26,4637.62,4614.26,4637.62,135805.298
WIG-POLAND,20151022,52199.93,52243.07,52172.52,52243.07,781930.334
WIG-SPOZYW,20151022,3606.83,3615.96,3597.74,3615.96,23369.093
WIG-SUROWC,20151022,2897.85,2975.73,2897.85,2975.73,86912.696
WIG-TELKOM,20151022,861.23,868.39,851.26,868.39,40963.344
WIG-UKRAIN,20151022,383.99,383.99,382.26,382.26,23024.587
WIG20,20151022,2101.44,2116.42,2094.40,2106.27,661439.933
WIG20LEV,20151022,648.45,657.71,644.10,651.44,661439.933
WIG20SHORT,20151022,3746.29,3758.78,3719.69,3737.71,661439.933
WIG20TR,20151022,3451.76,3460.28,3451.76,3460.28,661439.933
WIG30,20151022,2346.26,2352.75,2332.22,2343.11,714224.684
WIG30TR,20151022,3797.92,3805.40,3797.92,3805.40,714224.684
WIGDIV,20151022,1086.37,1094.02,1083.16,1090.59,427294.269
08OCTAVA,20151022,1.24,1.24,1.24,1.24,62
ADVADIS,20151022,0.01,0.01,0.01,0.01,10545
ARCUS,20151022,0.98,0.98,0.98,0.98,464
B3SYSTEM,20151022,0.61,0.61,0.61,0.61,225
BERLING,20151022,4.03,4.03,4.03,4.03,168
CASHFLOW,20151022,0.15,0.17,0.15,0.17,1124
CCENERGY,20151022,0.07,0.07,0.07,0.07,54000
CFI,20151022,9.91,10.00,9.91,10.00,205
COALENERG,20151022,0.68,0.68,0.68,0.68,5166
COMPERIA,20151022,18.40,18.40,18.40,18.40,100
DROP,20151022,1.40,1.40,1.40,1.40,15
EFH,20151022,0.07,0.07,0.07,0.07,47280
EKANCELAR,20151022,0.03,0.03,0.03,0.03,192452
FAM,20151022,1.40,1.40,1.26,1.26,5078
HUTMEN,20151022,4.97,5.00,4.97,5.00,13760
IDEON,20151022,0.01,0.02,0.01,0.02,77000
KCI,20151022,0.03,0.03,0.03,0.03,1204639
KDMSHIPNG,20151022,4.35,4.35,4.35,4.35,1002
MIT,20151022,0.15,0.15,0.15,0.15,125101
MSXRESOUR,20151022,0.48,0.48,0.48,0.48,11920
NEWWORLDR,20151022,0.04,0.04,0.04,0.04,426000
PBSFINANSE,20151022,3.43,3.43,3.42,3.42,400
PEIXIN,20151022,5.30,5.30,5.30,5.30,189
PETROLINV,20151022,0.15,0.15,0.15,0.15,327183
PLAZACNTR,20151022,0.13,0.13,0.13,0.13,5957
POLIMEXMS,20151022,5.50,5.51,5.50,5.51,53107
REGNON,20151022,1.48,1.48,1.45,1.45,1370
ROVESE,20151022,1.39,1.39,1.39,1.39,27484
SANWIL,20151022,0.83,0.84,0.83,0.84,9500
SKYLINE,20151022,0.53,0.54,0.53,0.54,1586
SKYSTONE,20151022,3.45,3.45,3.45,3.45,28
ZREMB,20151022,1.14,1.14,1.14,1.14,1771
01CYBATON,20151022,3.14,3.18,3.01,3.13,14501
11BIT,20151022,67.00,69.70,67.00,69.70,5692
2CPARTNER,20151022,0.62,0.62,0.62,0.62,28
2INTELLECT,20151022,0.43,0.43,0.43,0.43,30
ABPOL,20151022,0.23,0.23,0.20,0.22,270467
ABSINVEST,20151022,1.83,1.87,1.83,1.85,20661
ACARTUS,20151022,0.27,0.27,0.27,0.27,100
ADFORM,20151022,8.00,8.00,8.00,8.00,2
ADMASSIVE,20151022,0.36,0.36,0.36,0.36,50
ADMIRAL,20151022,0.33,0.33,0.33,0.33,125931
ADVOCULAR,20151022,2.65,2.65,2.45,2.50,556
AEDES,20151022,0.72,0.73,0.72,0.73,140
AERFINANC,20151022,0.32,0.33,0.32,0.33,4534
AGROLIGA,20151022,15.59,15.59,15.59,15.59,1
AGROTOUR,20151022,0.46,0.46,0.46,0.46,20
AIRWAY,20151022,1.53,1.66,1.53,1.66,29542
AITON,20151022,1.20,1.20,1.20,1.20,25
AKCEPTFIN,20151022,0.52,0.52,0.50,0.50,8920
ALDA,20151022,1.47,1.47,1.47,1.47,5
ALEJA,20151022,0.23,0.26,0.22,0.26,8438
APANET,20151022,4.67,4.88,4.67,4.80,457
APIS,20151022,0.02,0.02,0.02,0.02,37443
ARAMUS,20151022,0.85,0.85,0.82,0.82,52
ARI,20151022,0.50,0.50,0.50,0.50,50
ARRINERA,20151022,10.99,10.99,10.99,10.99,201
ARTBIZNES,20151022,0.35,0.35,0.31,0.31,2830
ARTNEWMED,20151022,0.04,0.04,0.04,0.04,600
ARTNEWS,20151022,1.70,1.70,1.69,1.69,735
ARTP,20151022,0.10,0.10,0.10,0.10,100
ASMGROUP,20151022,2.26,2.28,2.24,2.26,2051
ASSETUS,20151022,1.00,1.00,0.99,1.00,215
ASTORIA,20151022,3.75,3.75,3.02,3.75,520
ASTRO,20151022,2.00,2.00,2.00,2.00,34
ATCCARGO,20151022,2.95,2.95,2.44,2.60,1604
ATONHT,20151022,0.18,0.18,0.16,0.16,670
AUTOSPA,20151022,4.49,4.49,4.48,4.48,33
AZTEC,20151022,2.95,2.95,2.87,2.94,240
B2BPARTNER,20151022,0.18,0.18,0.18,0.18,5
BALTICINV,20151022,0.87,0.88,0.84,0.84,111477
BALTICON,20151022,14.25,14.25,14.25,14.25,1
BBCONSULT,20151022,3.53,3.72,3.50,3.72,990
BDF,20151022,23.80,25.20,23.80,25.20,66
BETOMAX,20151022,2.80,3.00,2.74,3.00,1140
BGE,20151022,0.28,0.28,0.28,0.28,250
BINARY,20151022,0.23,0.23,0.19,0.19,64
BIOERG,20151022,0.22,0.22,0.22,0.22,2000
BIOGENED,20151022,12.30,12.30,12.30,12.30,1
BIOMASS,20151022,1.60,1.64,1.55,1.55,35895
BIOMAX,20151022,0.19,0.20,0.19,0.20,30205
BIOMAXIMA,20151022,4.10,4.10,3.82,4.09,1678
BIOPLANET,20151022,15.00,15.00,15.00,15.00,1
BLACKPOIN,20151022,0.38,0.41,0.38,0.41,501
BLIRT,20151022,1.79,1.79,1.79,1.79,47
BLOOBER,20151022,34.70,35.60,34.70,35.55,770
BLUMERANG,20151022,1.10,1.10,1.10,1.10,9010
BOA,20151022,0.33,0.33,0.33,0.33,40
BOMEDIA,20151022,1.01,1.01,1.01,1.01,1004
BOOMERANG,20151022,0.39,0.39,0.39,0.39,10694
BORUTA,20151022,0.23,0.25,0.23,0.23,584216
BPC,20151022,0.52,0.52,0.52,0.52,150
BROADGATE,20151022,0.78,0.78,0.78,0.78,27
BVT,20151022,1.67,1.74,1.61,1.69,13416
CALESCO,20151022,1.33,1.33,1.33,1.33,10
CCS,20151022,1.10,1.10,1.10,1.10,600
CCTOOLS,20151022,0.25,0.29,0.25,0.29,11088
CDE,20151022,0.15,0.15,0.15,0.15,42450
CENTURION,20151022,0.24,0.28,0.24,0.25,9120
CFBPS,20151022,6.29,6.29,6.29,6.29,1
CLOUD,20151022,95.50,95.50,95.50,95.50,2
COLUMBUS,20151022,0.32,0.34,0.30,0.32,247658
COMECO,20151022,0.35,0.36,0.35,0.36,4050
CORELENS,20151022,0.61,0.61,0.61,0.61,855
CSY,20151022,3.64,3.70,3.64,3.70,542
CTE,20151022,5.35,5.35,5.25,5.35,1502
CWPE,20151022,0.16,0.16,0.16,0.16,250
DANKS,20151022,0.82,0.88,0.80,0.88,6500
DASE,20151022,0.44,0.44,0.44,0.44,30
DEKTRA,20151022,9.60,9.60,9.60,9.60,2
DENTAMDC,20151022,0.01,0.02,0.01,0.01,4660650
DEVORAN,20151022,0.53,0.54,0.52,0.54,2330
DOMLEK,20151022,17.70,17.70,17.70,17.70,1
DORADCY24,20151022,0.01,0.01,0.01,0.01,41500
EASTSIDE,20151022,1.62,1.62,1.55,1.62,2454
EBC,20151022,0.93,0.93,0.90,0.90,3783
EC2,20151022,1.11,1.11,0.90,0.95,17562
ECA,20151022,1.45,1.45,1.45,1.45,10
ECERAMICS,20151022,0.01,0.01,0.01,0.01,241143
ECOTECH,20151022,1.15,1.15,1.15,1.15,10
EDISON,20151022,1.25,1.25,1.25,1.25,150
EFENERGII,20151022,1.05,1.05,1.05,1.05,800
EFICOM,20151022,0.50,0.53,0.50,0.53,2190
EGB,20151022,3.98,4.27,3.96,3.99,1174
EKIOSK,20151022,0.70,0.72,0.70,0.72,300
EMMERSON,20151022,0.05,0.05,0.05,0.05,56
EMONT,20151022,1.05,1.05,1.05,1.05,10
EONET,20151022,6.65,6.65,6.63,6.63,24
ERNE,20151022,4.90,5.23,4.86,5.10,92626
ERS,20151022,0.28,0.28,0.28,0.28,50
ESKIMOS,20151022,0.32,0.32,0.32,0.32,200
EUROCENT,20151022,10.40,10.40,10.40,10.40,10
EUROTAX,20151022,2.60,2.60,2.60,2.60,1
EXCELLENC,20151022,1.64,1.64,1.64,1.64,10
EZO,20151022,5.06,5.06,4.90,5.05,5722
FACHOWCY,20151022,0.19,0.19,0.19,0.19,100
FARM51,20151022,13.00,13.80,12.61,13.70,25285
FLUID,20151022,0.89,0.91,0.88,0.90,32259
FLYPL,20151022,0.33,0.35,0.30,0.31,4743471
FOREVEREN,20151022,0.47,0.49,0.47,0.49,5909
FUTURIS,20151022,0.93,0.93,0.83,0.85,423
GALVO,20151022,1.50,1.50,1.21,1.48,2000
GCINVEST,20151022,0.56,0.56,0.45,0.46,39465
GEKOPLAST,20151022,9.35,9.35,9.30,9.30,30
GENRG,20151022,0.16,0.17,0.15,0.15,319011
GEOTRANS,20151022,5.90,6.22,5.50,6.22,18459
GLGPHARMA,20151022,0.08,0.08,0.08,0.08,12900
GLOBALTR,20151022,0.05,0.05,0.05,0.05,100
GOLAB,20151022,0.36,0.36,0.36,0.36,50
GRAPHIC,20151022,0.55,0.55,0.44,0.55,14739
GREENENER,20151022,0.05,0.05,0.05,0.05,1000
GREMPCO,20151022,0.12,0.12,0.12,0.12,500
GRJAGUAR,20151022,0.80,0.88,0.78,0.78,3126
GRUPAEMM,20151022,0.13,0.13,0.10,0.11,161316
GRUPAHRC,20151022,2.86,2.86,2.86,2.86,10
GRUPAREC,20151022,13.19,13.19,13.19,13.19,2
GWARANT,20151022,3.12,3.12,3.12,3.12,77
HAMBURGER,20151022,1.21,1.21,1.21,1.21,10
HETAN,20151022,0.75,0.75,0.75,0.75,100
HYDRAPRES,20151022,0.34,0.34,0.34,0.34,100000
HYDROPHI,20151022,0.20,0.21,0.20,0.20,31300
I3D,20151022,0.67,0.67,0.67,0.67,250
IAI,20151022,5.29,5.29,5.29,5.29,10
ICPGROUP,20151022,4.00,4.00,4.00,4.00,30
IGORIA,20151022,1.00,1.19,1.00,1.19,1052
IMAGIS,20151022,0.35,0.35,0.35,0.35,964
INCANA,20151022,0.66,0.66,0.66,0.66,30
INDEXMEDI,20151022,2.45,2.45,2.45,2.45,10
INFOSCAN,20151022,4.35,4.35,4.35,4.35,10
INFRA,20151022,1.41,1.69,1.30,1.69,157399
INNOGENE,20151022,7.89,7.91,7.45,7.55,1465
INTELIWIS,20151022,1.70,1.70,1.62,1.62,750
INVENTI,20151022,1.81,1.96,1.75,1.75,3836
INVESTEKO,20151022,1.80,1.90,1.80,1.90,660
INVICO,20151022,0.20,0.20,0.17,0.17,1298
IPODS,20151022,0.31,0.36,0.31,0.36,1801
IPOSA,20151022,0.06,0.07,0.06,0.07,41458
IU,20151022,2.75,2.95,2.75,2.95,3635
JANTAR,20151022,0.60,0.60,0.60,0.60,1217
JRHOLDING,20151022,0.54,0.54,0.54,0.54,10000
JUJUBEE,20151022,6.90,7.00,6.55,6.72,2557
KANCELWEC,20151022,0.45,0.45,0.37,0.45,1048
KKHERBAL,20151022,0.33,0.33,0.33,0.33,50
KLASZTORNE,20151022,0.10,0.11,0.10,0.10,92535
KLEBAINV,20151022,3.90,3.90,3.85,3.85,9
KLON,20151022,1.74,1.74,1.74,1.74,75
KOMPLEKS,20151022,0.93,0.93,0.93,0.93,50
KORBANK,20151022,1.69,1.69,1.69,1.69,50
KUPIEC,20151022,2.69,2.69,2.42,2.65,3475
LABOPRINT,20151022,15.00,15.00,15.00,15.00,34
LAURENPES,20151022,0.03,0.03,0.03,0.03,300
LEASINGEX,20151022,0.40,0.40,0.38,0.38,2000
LEONIDAS,20151022,0.34,0.34,0.28,0.34,1342
LETUS,20151022,0.14,0.15,0.13,0.15,9200
LGTRADE,20151022,0.55,0.55,0.55,0.55,97
LOYD,20151022,0.34,0.34,0.34,0.34,100
LSTECHHOM,20151022,1.05,1.07,0.99,1.04,25670
LUG,20151022,3.44,3.44,3.36,3.36,1555
LUXIMA,20151022,0.04,0.04,0.04,0.04,300
LZMO,20151022,1.45,1.45,1.45,1.45,686
MAGNIFICO,20151022,0.21,0.21,0.18,0.18,4775
MAKOLAB,20151022,3.86,3.89,3.86,3.89,1086
MAKORA,20151022,1.07,1.15,1.00,1.07,13460
MARKA,20151022,2.55,2.58,2.55,2.58,50
MARSOFT,20151022,0.13,0.14,0.13,0.14,77299
MAXIPIZZA,20151022,0.71,0.71,0.69,0.69,7000
MBFGROUP,20151022,6.30,6.70,6.08,6.70,411
MBPARTNER,20151022,0.03,0.03,0.03,0.03,85
MED,20151022,5.50,5.50,5.50,5.50,5
MEDIACAP,20151022,2.55,2.85,2.54,2.85,27490
MEDIANPOL,20151022,0.41,0.41,0.41,0.41,360
MEGASONIC,20151022,6.20,6.20,5.70,5.70,600
MERIT,20151022,0.27,0.27,0.27,0.27,50
MGAMES,20151022,0.04,0.04,0.04,0.04,500
MILKPOL,20151022,0.23,0.23,0.20,0.22,23410
MINERAL,20151022,0.52,0.53,0.52,0.53,4222
MINOX,20151022,0.08,0.08,0.07,0.07,129918
MOBINI,20151022,0.38,0.43,0.37,0.43,6020
MODE,20151022,0.57,0.57,0.57,0.57,77
MOLMEDICA,20151022,0.02,0.02,0.02,0.02,191301
MOMO,20151022,2.70,2.70,2.70,2.70,236
MORIZON,20151022,1.46,1.46,1.46,1.46,1
MOTORICUS,20151022,0.48,0.51,0.44,0.44,2012
MPAY,20151022,0.47,0.47,0.47,0.47,250
NANOTEL,20151022,2.85,2.85,2.85,2.85,1
NEPTIS,20151022,29.00,29.95,29.00,29.95,251
NETWISE,20151022,4.15,4.15,4.15,4.15,5
NFPL,20151022,0.18,0.18,0.18,0.18,100
NOVAVIS,20151022,1.15,1.18,1.10,1.13,16274
NOVINA,20151022,0.56,0.56,0.56,0.56,106
ONICO,20151022,39.95,39.95,39.95,39.95,3
OPENNET,20151022,1.82,1.82,1.82,1.82,100
ORGANIC,20151022,4.49,4.49,4.49,4.49,327
ORIONINV,20151022,98.81,98.81,85.20,98.80,20
PARTNER,20151022,0.07,0.07,0.07,0.07,100
PFMEDICAL,20151022,36.99,36.99,35.11,35.11,530
PGPPOLONI,20151022,1.70,1.75,1.70,1.75,350
PGSSOFT,20151022,8.19,8.19,7.95,7.96,2653
PHARMENA,20151022,19.85,19.85,18.00,19.74,988
PHOTON,20151022,0.77,0.77,0.74,0.74,10055
PILAB,20151022,39.10,40.90,38.00,40.88,3261
PLASMA,20151022,13.45,14.40,13.40,14.40,25156
PLATIGE,20151022,12.87,12.87,12.31,12.40,528
PPRICE,20151022,0.04,0.05,0.04,0.05,25500
PRESTO,20151022,0.71,0.71,0.71,0.71,7921
PRIME,20151022,30.90,31.10,30.00,30.61,10310
PROLOG,20151022,8.90,8.90,8.80,8.80,510
PROMISE,20151022,3.58,3.58,3.58,3.58,1000
PRYMUS,20151022,5.07,5.07,5.07,5.07,10
RAJDY4X4,20151022,0.05,0.06,0.05,0.06,105025
READGENE,20151022,1.53,1.57,1.53,1.57,150
ROBINSON,20151022,11.55,11.55,11.55,11.55,4
ROCCA,20151022,0.40,0.40,0.40,0.40,20
ROVITA,20151022,0.24,0.24,0.24,0.24,50
RSY,20151022,6.93,6.93,6.93,6.93,5
RUCHCHORZ,20151022,0.24,0.24,0.24,0.24,30
RUNICOM,20151022,0.56,0.56,0.56,0.56,20
SAPLING,20151022,0.29,0.29,0.29,0.29,1
SARE,20151022,26.60,28.50,26.60,28.50,21
SEAMASTER,20151022,3.85,3.85,3.85,3.85,53
SEKA,20151022,6.00,6.16,5.75,6.16,121
SFERANET,20151022,0.73,0.73,0.73,0.73,20
SFKPOLKAP,20151022,6.00,6.15,5.60,5.70,13959
SILVACG,20151022,0.01,0.01,0.01,0.01,200
SMOKESHOP,20151022,0.33,0.33,0.33,0.33,57
SPC,20151022,0.05,0.05,0.05,0.05,100
STANUSCH,20151022,8.50,8.50,8.50,8.50,10
STEMCELLS,20151022,1.19,1.19,1.19,1.19,20
SUMMALING,20151022,4.00,4.00,4.00,4.00,2
SURFLAND,20151022,1.04,1.05,0.93,1.03,10200
SWISSPSM,20151022,0.30,0.30,0.26,0.26,4870
SZAR,20151022,0.07,0.07,0.07,0.07,200
T2INVEST,20151022,1.64,1.64,1.64,1.64,10
TABLEO,20151022,0.90,0.95,0.84,0.94,24595
TAMEX,20151022,0.60,0.60,0.56,0.56,1811
TAXNET,20151022,0.50,0.54,0.50,0.54,3080
TAXUSFUND,20151022,0.06,0.06,0.05,0.05,6421
TECHMADEX,20151022,20.50,20.50,20.50,20.50,2
TELGAM,20151022,0.24,0.25,0.23,0.23,126353
TERMOEXP,20151022,1.57,1.57,1.57,1.57,10
TILIA,20151022,1.53,1.72,1.53,1.72,390
UNITED,20151022,0.61,0.61,0.58,0.58,7720
VAKOMTEK,20151022,1.19,1.19,1.19,1.19,3
VCP,20151022,0.29,0.29,0.29,0.29,50
VELTO,20151022,0.30,0.30,0.28,0.28,5150
VENITI,20151022,0.72,0.72,0.69,0.69,3170
VENTUREIN,20151022,2.20,2.20,2.20,2.20,90
VERBICOM,20151022,2.40,2.41,2.40,2.40,2812
VISION,20151022,0.01,0.01,0.01,0.01,50000
VIVID,20151022,7.29,7.29,7.04,7.13,36636
WBAY,20151022,4.25,4.25,4.25,4.25,5
WDBBU,20151022,2.96,2.96,2.96,2.96,1
WIERZYCL,20151022,0.46,0.46,0.46,0.46,30
WODKAN,20151022,5.89,5.89,5.89,5.89,220
XPLUS,20151022,0.12,0.12,0.11,0.11,175
YELLOWHAT,20151022,0.27,0.27,0.25,0.25,3035
YOURIMAGE,20151022,0.43,0.44,0.35,0.38,106059
NCINDEX,20151022,288.16,289.17,287.12,288.79,5096.122
2CP0317,20151022,92.80,92.80,92.80,92.80,5
2CP0416,20151022,92.20,92.20,92.20,92.20,6
2CP0517,20151022,88.99,88.99,88.99,88.99,3
ALR0421,20151022,103.00,103.09,102.75,102.75,8
BBI0217,20151022,100.00,100.40,100.00,100.40,15
BBI0218,20151022,100.50,100.50,100.50,100.50,5
BSC0621,20151022,89.00,89.00,89.00,89.00,12
BST0319,20151022,99.50,99.50,99.50,99.50,60
BSW0424,20151022,93.00,93.00,93.00,93.00,1
CAP0617,20151022,100.00,100.00,100.00,100.00,60
CAS1216,20151022,99.75,99.75,99.70,99.70,648
CHS0318,20151022,101.00,101.00,101.00,101.00,10
CMP0620,20151022,100.50,100.50,100.50,100.50,50
CPS0721,20151022,101.40,101.40,101.31,101.31,1305
DS0725,20151022,105.05,105.05,105.05,105.05,13
DS1019,20151022,112.70,113.15,112.70,113.15,151
DS1020,20151022,113.90,113.90,113.90,113.90,7
ECH0318,20151022,102.20,102.26,102.20,102.25,446
ECH0418,20151022,102.59,102.59,102.59,102.59,21
ECH0716,20151022,100.82,100.82,100.80,100.80,510
EFM1216,20151022,100.00,100.00,100.00,100.00,20
FFI0116,20151022,93.00,93.00,93.00,93.00,86
GHC0619,20151022,100.50,100.69,100.50,100.69,103
GHE0619,20151022,97.50,97.50,97.25,97.25,95
GHJ0718,20151022,100.60,100.60,100.60,100.60,2
GNB0218,20151022,97.30,97.50,97.30,97.40,113
GNB0221,20151022,91.00,91.00,91.00,91.00,48
GNB0318,20151022,97.01,97.01,96.65,96.65,64
GNB0321,20151022,91.55,91.55,91.50,91.50,12
GNB0421,20151022,91.50,91.50,91.50,91.50,19
GNB0720,20151022,92.00,92.00,92.00,92.00,5
GNB0819,20151022,96.30,96.39,96.30,96.39,14
GNB1019,20151022,97.35,97.50,97.35,97.50,105
GNB1120,20151022,92.00,92.00,92.00,92.00,6
GNB1219,20151022,94.80,94.80,94.80,94.80,10
GNB1220,20151022,91.49,91.49,91.49,91.49,5
GPW0117,20151022,101.01,101.01,101.01,101.01,686
GTB0617,20151022,94.99,94.99,94.99,94.99,2
IVO0616,20151022,94.38,96.09,94.38,96.09,7
KAN0318,20151022,102.00,102.00,102.00,102.00,8
KOS1117,20151022,99.87,99.87,99.87,99.87,1
KRU0317,20151022,103.79,103.80,103.79,103.80,25
KRU0620,20151022,100.35,100.35,100.35,100.35,15
KRU1220,20151022,103.89,103.89,103.89,103.89,3
MBK1223,20151022,101.90,101.90,101.90,101.90,1
MRB0717,20151022,90.45,90.48,90.45,90.48,810
MUR1115,20151022,99.98,100.00,99.98,100.00,15
MWT0216,20151022,99.80,99.80,99.80,99.80,9
MWT0416,20151022,99.80,99.80,99.80,99.80,160
OK0717,20151022,97.11,97.11,97.11,97.11,15
PBD0116,20151022,98.49,98.50,98.49,98.50,60
PBS0720,20151022,99.89,99.89,99.89,99.89,20
PCR0419,20151022,100.83,100.83,100.83,100.83,10
PCR0517,20151022,103.00,103.00,103.00,103.00,1
PCR0620,20151022,100.19,100.19,100.19,100.19,1
PCR1019,20151022,100.80,100.80,100.80,100.80,1020
PKN0418,20151022,101.11,101.40,101.11,101.40,5844
PKN0617,20151022,100.70,100.70,100.70,100.70,10
PND0618,20151022,99.65,99.65,99.65,99.65,101
PRE1117,20151022,100.10,100.10,100.10,100.10,3
PRF1216,20151022,99.45,100.50,99.45,100.50,10
PRI1117,20151022,99.50,99.50,99.50,99.50,1
PS0416,20151022,101.60,101.60,101.60,101.60,12
PS0718,20151022,101.20,101.80,101.20,101.80,120
RNK0616,20151022,91.00,91.00,91.00,91.00,3
ROB0616,20151022,101.60,101.60,101.60,101.60,10
RON0518,20151022,100.00,100.00,100.00,100.00,24
UNI0618,20151022,100.17,100.17,100.17,100.17,250
VOL0716,20151022,99.40,99.40,99.40,99.40,4
VOX0716,20151022,99.19,99.19,99.19,99.19,2
WMO0317,20151022,102.00,102.00,102.00,102.00,1180
WRL0516,20151022,95.00,95.00,95.00,95.00,3
WS0437,20151022,129.00,129.00,129.00,129.00,2
WZ0121,20151022,98.80,98.80,98.80,98.80,1
