FACPH16,20151013,54.29,54.29,54.29,54.29,1,1
FACPZ15,20151013,54.94,55.13,54.94,55.13,5,25
FCDRZ15,20151013,26.89,27.00,26.70,26.72,16,356
FCHF,20151013,387.85,390.45,387.85,389.20,88,2051
FCHFH16,20151013,391.58,392.00,391.58,391.85,5,634
FCHFWS,20151013,387.85,390.45,387.85,389.20,83,866
FCHFZ15,20151013,387.85,390.45,387.85,389.20,83,866
FEUR,20151013,423.56,425.29,423.56,424.48,699,22771
FEURH16,20151013,425.88,426.17,425.88,426.17,6,10285
FEURM16,20151013,427.39,428.61,427.39,427.56,20,368
FEURU16,20151013,430.10,430.10,428.84,428.84,3,96
FEURWS,20151013,423.56,425.29,423.56,424.48,670,11522
FEURZ15,20151013,423.56,425.29,423.56,424.48,670,11522
FJSWH16,20151013,12.25,12.56,12.25,12.56,3,103
FJSWZ15,20151013,12.78,12.79,12.17,12.43,219,1918
FKGHH16,20151013,92.25,93.81,92.00,93.81,4,52
FKGHM16,20151013,92.22,93.22,92.22,93.20,4,83
FKGHZ15,20151013,92.50,94.26,91.60,94.26,1332,1836
FLTSZ15,20151013,30.11,30.11,29.16,29.48,73,142
FLWBZ15,20151013,55.20,55.80,54.70,54.70,7,137
FOPLZ15,20151013,7.59,7.66,7.54,7.66,8,238
FPEOZ15,20151013,153.75,153.75,151.35,153.50,62,246
FPGEH16,20151013,14.85,14.85,14.85,14.85,1,73
FPGEM16,20151013,14.81,14.81,14.81,14.81,1,22
FPGEZ15,20151013,14.61,14.89,14.50,14.62,728,2174
FPGNZ15,20151013,6.70,6.77,6.58,6.63,154,430
FPKNH16,20151013,64.41,64.41,62.40,62.40,4,57
FPKNM16,20151013,61.47,61.47,61.47,61.47,1,4
FPKNZ15,20151013,64.60,65.28,61.70,62.07,1587,2533
FPKOH16,20151013,31.10,31.10,31.10,31.10,1,62
FPKOZ15,20151013,31.15,31.15,30.46,30.69,722,1864
FPZUZ15,20151013,389.65,391.40,383.00,385.05,259,864
FSENZ15,20151013,2.12,2.12,2.11,2.11,4,29
FTPEZ15,20151013,3.36,3.36,3.28,3.29,123,753
FUSD,20151013,372.22,373.37,371.79,372.88,2428,22298
FUSDH16,20151013,373.08,374.00,373.08,373.40,116,2351
FUSDM16,20151013,374.05,375.23,374.05,375.23,4,78
FUSDWS,20151013,372.22,373.37,371.79,372.88,2308,19325
FUSDZ15,20151013,372.22,373.37,371.79,372.88,2308,19325
FW20,20151013,2136,2137,2113,2126,16151,51740
FW20H1620,20151013,2141,2141,2125,2133,48,290
FW20M1620,20151013,2120,2120,2109,2120,7,121
FW20U1620,20151013,2104,2104,2095,2098,5,75
FW20WS,20151013,2136,2137,2113,2126,16091,51254
FW20Z1520,20151013,2136,2137,2113,2126,16091,51254
FW40Z15,20151013,3693,3695,3652,3684,502,2313
OW20C162100,20151013,119.80,120.00,119.80,120.00,2,19
OW20C162200,20151013,78.65,78.65,76.45,76.45,4,28
OW20C162400,20151013,19.48,19.48,18.47,18.49,9,77
OW20C162500,20151013,8.87,8.87,8.87,8.87,1,63
OW20C162600,20151013,3.60,3.60,3.60,3.60,2,194
OW20C162700,20151013,1.50,1.50,1.50,1.50,2,209
OW20F162400,20151013,29.49,29.49,29.49,29.49,1,15
OW20F162500,20151013,15.90,16.29,15.90,16.29,2,34
OW20F162600,20151013,8.30,8.33,8.30,8.33,2,74
OW20I162100,20151013,135.00,135.00,135.00,135.00,1,3
OW20I162600,20151013,13.61,13.61,13.61,13.61,10,84
OW20J152075,20151013,47.47,47.47,40.48,40.74,10,81
OW20J152100,20151013,26.89,27.90,21.83,25.24,63,147
OW20J152125,20151013,17.60,17.60,10.00,13.00,60,183
OW20J152150,20151013,7.08,7.08,3.05,4.18,141,274
OW20J152175,20151013,2.50,2.50,1.00,1.00,28,100
OW20J152200,20151013,0.60,0.60,0.60,0.60,4,192
OW20J152450,20151013,0.01,0.01,0.01,0.01,2,56
OW20K152100,20151013,56.85,56.85,56.85,56.85,2,18
OW20K152150,20151013,33.68,34.84,31.27,34.84,8,39
OW20K152200,20151013,15.40,15.40,14.75,14.75,12,39
OW20K152250,20151013,5.86,5.86,5.86,5.86,10,40
OW20K152300,20151013,2.37,2.37,2.15,2.15,11,29
OW20L152050,20151013,111.65,111.65,111.65,111.65,1,48
OW20L152100,20151013,82.50,84.00,80.45,81.30,70,229
OW20L152150,20151013,56.00,56.75,54.25,56.75,74,147
OW20L152200,20151013,35.96,35.96,33.30,33.30,7,1251
OW20L152250,20151013,19.50,19.50,19.50,19.50,1,73
OW20L152300,20151013,10.75,11.20,10.40,11.20,22,429
OW20L152400,20151013,2.40,2.94,2.40,2.94,54,333
OW20L152450,20151013,2.00,2.00,2.00,2.00,31,114
OW20L152500,20151013,1.25,1.35,1.25,1.35,13,1044
OW20O161700,20151013,7.99,8.00,7.99,8.00,2,66
OW20O161800,20151013,16.40,16.50,16.40,16.50,3,106
OW20O162100,20151013,95.00,95.00,93.00,93.00,3,45
OW20R161700,20151013,16.50,16.50,16.50,16.50,1,43
OW20R162200,20151013,168.40,168.40,168.40,168.40,1,14
OW20R162300,20151013,236.50,236.50,236.50,236.50,1,4
OW20V152000,20151013,1.00,1.00,1.00,1.00,6,209
OW20V152025,20151013,1.00,1.00,1.00,1.00,26,106
OW20V152050,20151013,2.01,2.52,1.50,1.50,73,144
OW20V152075,20151013,5.21,6.10,4.04,4.24,46,100
OW20V152100,20151013,6.00,14.54,6.00,7.87,128,235
OW20V152125,20151013,14.50,25.00,14.50,17.64,52,101
OW20V152150,20151013,31.58,40.00,31.58,40.00,5,78
OW20V152175,20151013,60.25,67.10,60.25,67.10,5,53
OW20V152200,20151013,90.00,90.00,90.00,90.00,1,41
OW20W151800,20151013,2.00,2.19,2.00,2.00,60,121
OW20W151900,20151013,4.85,4.85,4.85,4.85,1,10
OW20W151950,20151013,8.05,8.05,8.05,8.05,1,25
OW20W152000,20151013,11.94,13.80,11.94,13.80,4,13
OW20W152050,20151013,20.23,27.97,20.23,25.36,11,30
OW20W152100,20151013,39.99,40.82,39.99,40.11,8,20
OW20W152150,20151013,64.05,64.05,64.05,64.05,1,13
OW20W152350,20151013,231.15,231.15,231.15,231.15,2,0
OW20X151650,20151013,1.95,1.99,1.95,1.99,15,60
OW20X151700,20151013,2.83,3.01,2.83,3.00,21,446
OW20X151750,20151013,4.37,4.37,4.37,4.37,1,102
OW20X151800,20151013,6.18,6.60,6.18,6.38,6,311
OW20X151900,20151013,13.20,14.40,13.00,13.00,16,3609
OW20X151950,20151013,19.35,19.35,19.35,19.35,1,56
OW20X152000,20151013,29.37,31.70,29.37,31.70,17,560
OW20X152050,20151013,45.11,45.11,45.11,45.11,10,77
OW20X152100,20151013,51.55,62.00,51.55,57.05,32,1142
OW20X152150,20151013,80.75,80.75,80.75,80.75,1,31
OW20X152200,20151013,115.95,115.95,115.95,115.95,1,1230
06MAGNA,20151013,1.85,1.93,1.85,1.93,513
4FUNMEDIA,20151013,5.20,5.50,5.20,5.36,21261
AATHOLD,20151013,23.85,23.85,23.85,23.85,1264
ABCDATA,20151013,3.19,3.19,3.17,3.17,3820
ABMSOLID,20151013,0.60,0.60,0.60,0.60,5000
ABPL,20151013,37.00,37.50,36.72,37.50,380
ACAUTOGAZ,20151013,30.44,30.45,30.44,30.45,48
ACE,20151013,11.38,11.89,11.10,11.10,34065
ACTION,20151013,24.98,24.98,24.17,24.70,13652
ADIUVO,20151013,24.45,24.45,24.45,24.45,2
ADIUVO-PDA,20151013,24.30,24.30,24.00,24.24,3545
AGORA,20151013,11.19,11.19,10.70,10.80,3307
AGROTON,20151013,1.16,1.25,1.07,1.19,100267
AGROWILL,20151013,0.96,0.96,0.96,0.96,50
ALCHEMIA,20151013,4.95,4.95,4.75,4.93,72490
ALIOR,20151013,83.30,83.83,82.29,83.45,76599
ALMA,20151013,10.12,10.12,9.55,9.79,5442
ALTA,20151013,1.85,1.95,1.85,1.95,896
ALTUSTFI,20151013,10.90,10.90,10.75,10.80,2069
ALUMETAL,20151013,46.00,46.78,45.10,46.78,23452
AMBRA,20151013,8.70,8.70,8.67,8.67,4215
AMICA,20151013,162.85,167.50,162.85,165.00,1479
AMREST,20151013,177.40,177.40,171.50,176.50,7966
APATOR,20151013,35.70,35.70,34.43,34.43,23233
APLISENS,20151013,12.75,12.75,12.75,12.75,1
APSENERGY,20151013,5.60,5.70,5.50,5.50,5188
ARCTIC,20151013,3.27,3.28,3.25,3.25,1588
ARK2FRN15,20151013,69.90,69.90,69.90,69.90,13
ARKASWE17,20151013,74.45,74.45,74.45,74.45,48
ARTERIA,20151013,15.00,15.00,15.00,15.00,5
ASBIS,20151013,1.15,1.15,1.11,1.13,218423
ASSECOBS,20151013,14.50,14.50,14.50,14.50,61
ASSECOPOL,20151013,55.00,55.20,54.60,54.60,87826
ASSECOSEE,20151013,9.75,9.80,9.75,9.80,810
ASTARTA,20151013,31.47,31.47,30.33,31.11,997
ATAL,20151013,21.59,21.59,21.59,21.59,205
ATENDE,20151013,2.62,2.62,2.53,2.60,3029
ATLANTAPL,20151013,8.40,8.40,8.19,8.20,2736
ATLANTIS,20151013,0.61,0.67,0.58,0.66,206756
ATM,20151013,9.33,9.33,9.22,9.22,11
ATMGRUPA,20151013,3.55,3.55,3.40,3.47,38553
ATREM,20151013,4.90,4.90,4.77,4.88,334
AVIAAML,20151013,5.59,5.59,5.58,5.58,371
AVIASG,20151013,20.80,20.80,20.80,20.80,1
AWBUD,20151013,3.01,3.06,2.90,3.06,2399
BALTONA,20151013,7.98,7.98,7.61,7.61,961
BANKBPH,20151013,36.70,36.70,36.35,36.35,923
BBIDEV,20151013,0.88,0.90,0.88,0.90,21655
BENEFIT,20151013,420.00,420.00,408.75,412.00,3314
BEST,20151013,16.30,17.01,16.30,17.01,101
BETACOM,20151013,10.47,10.55,10.45,10.55,2274
BGZBNPP,20151013,51.00,51.00,49.90,51.00,601
BIOMEDLUB,20151013,2.98,2.98,2.80,2.90,870
BIOTON,20151013,10.89,10.89,10.51,10.51,116125
BMPAG,20151013,2.73,2.73,2.70,2.70,127
BOGDANKA,20151013,60.50,60.80,59.93,60.30,81981
BORYSZEW,20151013,5.12,5.17,5.07,5.10,242901
BOS,20151013,23.81,23.81,23.45,23.55,1655
BOWIM,20151013,2.27,2.28,2.19,2.28,34510
BRASTER,20151013,13.22,13.55,13.09,13.09,3710
BRIJU,20151013,13.25,13.99,12.80,13.19,2628
BSCDRUK,20151013,34.75,34.75,34.75,34.75,5
BUDIMEX,20151013,207.00,211.00,206.95,207.00,4737
BUMECH,20151013,0.81,0.82,0.78,0.80,36562
BYTOM,20151013,3.19,3.19,3.15,3.17,66133
BZWBK,20151013,310.65,316.55,310.65,315.30,29409
CALATRAVA,20151013,0.64,0.64,0.59,0.62,158586
CAMMEDIA,20151013,6.12,6.14,6.10,6.14,4600
CAPITAL,20151013,2.25,2.25,2.25,2.25,1800
CCC,20151013,167.00,170.00,166.00,170.00,28005
CDPROJEKT,20151013,27.10,27.10,26.62,26.92,59590
CDRL,20151013,19.09,19.09,18.70,18.80,7084
CEZ,20151013,81.57,81.57,78.50,79.25,28615
CHEMOS,20151013,1.81,2.00,1.79,2.00,601357
CIECH,20151013,71.90,71.90,71.00,71.50,43392
CIGAMES,20151013,21.40,21.88,21.30,21.72,40162
CNT,20151013,8.44,8.44,8.44,8.44,12
COGNOR,20151013,1.26,1.26,1.22,1.22,12467
COLIAN,20151013,4.41,4.41,4.30,4.41,6261
COMARCH,20151013,122.65,122.65,119.00,119.50,5119
COMP,20151013,56.50,58.00,56.00,57.00,2551
CORMAY,20151013,1.76,1.79,1.72,1.74,34695
CORMAY-PDA,20151013,1.71,1.74,1.71,1.74,5736
CPGROUP,20151013,5.80,5.80,5.68,5.79,1913
CUBEITG,20151013,5.20,5.38,4.90,5.38,7784
CYFRPLSAT,20151013,24.70,25.15,24.60,24.93,407889
CZTOREBKA,20151013,1.27,1.31,1.24,1.28,63436
DEBICA,20151013,79.33,80.25,79.33,80.25,1261
DECORA,20151013,6.60,6.90,6.60,6.90,1647
DELKO,20151013,8.18,8.18,8.18,8.18,23
DGA,20151013,5.48,5.80,5.48,5.48,28
DMWDM,20151013,0.35,0.35,0.35,0.35,3540
DOMDEV,20151013,50.02,50.70,50.02,50.70,147
DROZAPOL,20151013,2.10,2.26,2.06,2.07,967
DTP,20151013,4.51,4.51,4.51,4.51,1
DUDA,20151013,5.82,5.90,5.80,5.90,2445
DUON,20151013,3.29,3.34,3.22,3.33,88435
ECARD,20151013,3.95,3.95,3.95,3.95,232
ECHO,20151013,6.70,6.80,6.66,6.74,9584
EDINVEST,20151013,2.30,2.30,2.16,2.16,1300
EFEKT,20151013,15.74,15.74,15.35,15.35,499
EKOEXPORT,20151013,15.05,15.08,14.60,14.81,11507
ELBUDOWA,20151013,153.60,156.90,152.05,156.75,720
ELEKTROTI,20151013,17.85,17.85,17.31,17.71,3108
ELEMENTAL,20151013,4.21,4.45,4.18,4.25,49695
ELKOP,20151013,1.28,1.38,1.28,1.37,14857
ELZAB,20151013,14.60,15.18,14.02,15.18,850
EMCINSMED,20151013,15.00,15.00,15.00,15.00,1
EMPERIA,20151013,63.24,64.01,61.21,63.01,13079
ENAP,20151013,0.88,0.88,0.85,0.88,348
ENEA,20151013,13.30,13.80,13.30,13.79,438575
ENELMED,20151013,10.15,10.15,10.15,10.15,10
ENERGA,20151013,17.07,17.95,17.01,17.59,1286403
ENERGOINS,20151013,9.94,10.15,9.70,10.15,3137
ERBUD,20151013,33.39,33.39,32.75,32.75,332
ERG,20151013,21.00,21.00,21.00,21.00,358
ERGIS,20151013,6.18,6.18,6.10,6.15,3410
ESOTIQ,20151013,34.00,34.00,31.20,31.20,903
ESSYSTEM,20151013,2.94,2.94,2.94,2.94,8
ETFDAX,20151013,411.00,411.00,408.60,408.60,7
ETFSP500,20151013,76.55,76.72,76.53,76.72,141
ETFW20L,20151013,245.71,245.71,242.88,244.20,624
EUCO,20151013,48.00,48.00,46.50,46.50,5315
EUROCASH,20151013,45.00,46.26,44.95,46.00,459261
EUROTEL,20151013,17.14,17.14,16.50,17.10,110366
EVEREST,20151013,1.74,1.74,1.74,1.74,80
FAMUR,20151013,1.87,1.88,1.87,1.88,3420
FARMACOL,20151013,63.50,63.50,62.52,62.52,2908
FASING,20151013,17.30,17.49,17.20,17.49,301
FASTFIN,20151013,0.61,0.62,0.61,0.61,1616
FEERUM,20151013,22.18,22.18,22.18,22.18,11
FERRO,20151013,11.44,11.44,10.90,11.00,3332
FERRUM,20151013,4.77,4.86,4.51,4.86,9201
FON,20151013,0.58,0.65,0.58,0.64,60668
FORTE,20151013,52.82,52.82,52.13,52.30,781
FOTA,20151013,0.59,0.61,0.59,0.59,22746
GETIN,20151013,1.67,1.69,1.62,1.65,350275
GETINOBLE,20151013,0.96,0.97,0.94,0.94,5902396
GINOROSSI,20151013,2.49,2.49,2.44,2.45,16874
GLCOSMED,20151013,4.46,4.47,4.32,4.40,6587
GORENJE,20151013,21.50,21.50,21.50,21.50,1
GPW,20151013,38.51,38.78,37.90,37.90,54674
GRAAL,20151013,32.45,32.79,32.45,32.69,2576
GRAJEWO,20151013,25.68,26.10,25.05,25.21,2620
GREMMEDIA,20151013,1.79,1.79,1.79,1.79,120
GROCLIN,20151013,13.14,13.50,13.10,13.50,11333
GRODNO,20151013,5.21,5.70,5.21,5.70,2066
GRUPAAZOTY,20151013,91.01,91.50,89.52,90.90,20545
GTC,20151013,7.12,7.13,7.06,7.10,84190
GTC-PDA,20151013,6.96,7.18,6.95,7.18,6860
HANDLOWY,20151013,88.30,88.46,86.70,88.46,67656
HARPER,20151013,1.85,1.85,1.85,1.85,1650
HAWE,20151013,1.04,1.07,1.02,1.02,827209
HELIO,20151013,4.19,4.19,4.19,4.19,5
HERKULES,20151013,4.28,4.28,4.26,4.26,9400
HUBSTYLE,20151013,1.03,1.03,0.94,0.96,4027
HYDROTOR,20151013,37.80,37.80,37.80,37.80,4
HYPERION,20151013,3.53,3.53,3.53,3.53,10
IDEABANK,20151013,25.50,25.70,25.50,25.70,519
IDMSA,20151013,1.59,1.59,1.49,1.57,1506
IFCAPITAL,20151013,1.32,1.74,1.31,1.74,119458
IFSA,20151013,0.52,0.62,0.51,0.62,191112
IIAAV,20151013,9.40,9.40,9.38,9.38,60000
IMCOMPANY,20151013,6.60,6.80,6.60,6.60,5720
IMMOBILE,20151013,2.38,2.39,2.37,2.39,751
IMPEL,20151013,28.00,28.00,28.00,28.00,1
IMPERA,20151013,1.52,1.59,1.52,1.52,576
IMPEXMET,20151013,2.70,2.76,2.70,2.71,37572
IMS,20151013,2.22,2.22,2.05,2.22,13208
INC,20151013,2.31,2.31,2.31,2.31,1
INDATA,20151013,0.87,0.89,0.86,0.88,29480
INDYGO,20151013,1.02,1.04,0.97,1.03,1160707
INDYKPOL,20151013,97.00,97.40,97.00,97.40,54
INGBSK,20151013,127.00,127.50,125.60,127.50,1779
INPOST,20151013,24.70,25.25,24.10,24.26,47375
INSTALKRK,20151013,11.29,11.51,11.28,11.51,6406
INTEGERPL,20151013,120.00,120.00,118.00,118.10,1459
INTERBUD,20151013,2.14,2.17,2.08,2.16,5065
INTERCARS,20151013,240.50,244.40,240.00,242.00,551
INTERSPPL,20151013,2.45,2.55,2.28,2.46,62747
INTROL,20151013,9.65,9.99,9.65,9.99,41
INVISTA,20151013,2.24,2.24,2.24,2.24,3423
INVPEFIZ,20151013,906.10,906.10,906.10,906.10,2
IPERMFIZ,20151013,60.30,61.99,58.25,61.99,42
IPOPEMA,20151013,2.97,2.97,2.86,2.96,260
IQP,20151013,0.84,0.84,0.84,0.84,5
IVMX,20151013,5.95,5.95,5.94,5.94,400
IZOBLOK,20151013,108.50,108.50,108.50,108.50,6
IZOLACJA,20151013,1.13,1.30,1.13,1.23,34597
IZOSTAL,20151013,4.47,4.50,4.47,4.50,3680
JHMDEV,20151013,1.45,1.45,1.40,1.43,1128
JSW,20151013,12.60,12.69,12.12,12.32,187446
JWCONSTR,20151013,5.00,5.00,4.81,4.93,16119
K2INTERNT,20151013,13.28,13.39,12.75,13.36,26329
KANIA,20151013,2.87,2.89,2.85,2.89,4834
KBDOM,20151013,2.85,2.85,2.85,2.85,110
KERDOS,20151013,0.63,0.66,0.61,0.63,4134801
KERNEL,20151013,54.80,54.80,52.25,53.00,238969
KETY,20151013,282.75,285.85,282.75,284.95,6324
KGHM,20151013,92.62,94.36,91.51,94.35,593323
KINOPOL,20151013,13.40,13.40,13.40,13.40,58
KOFOLA,20151013,54.30,56.40,54.20,54.20,83
KOGENERA,20151013,68.91,70.00,68.91,70.00,220
KOMPUTRON,20151013,8.90,8.90,8.63,8.71,5994
KONSSTALI,20151013,31.39,31.39,30.00,30.51,442
KOPEX,20151013,6.41,6.49,6.20,6.21,7680
KRAKCHEM,20151013,4.24,4.24,4.10,4.10,751
KREC,20151013,7.20,7.25,7.20,7.25,420
KREDYTIN,20151013,27.34,27.64,27.33,27.62,158
KREZUS,20151013,4.52,4.64,4.52,4.58,11027
KRUK,20151013,180.00,180.40,180.00,180.20,2687
KRUSZWICA,20151013,52.00,52.00,50.60,51.10,409
KSGAGRO,20151013,1.06,1.10,1.02,1.10,38267
LCCORP,20151013,1.99,2.00,1.98,1.99,65072
LENA,20151013,4.38,4.40,4.38,4.40,2303
LENTEX,20151013,9.04,9.04,8.80,8.90,6780
LIBET,20151013,2.50,2.50,2.50,2.50,69
LIVECHAT,20151013,35.90,35.90,33.55,34.50,105319
LOTOS,20151013,30.10,30.12,29.03,29.38,154858
LPP,20151013,7525.05,7779.95,7525.05,7776.00,1427
LSISOFT,20151013,4.20,4.58,4.20,4.58,3401
LUBAWA,20151013,1.07,1.13,1.07,1.13,1045041
MABION,20151013,48.15,48.97,48.11,48.96,1353
MAGELLAN,20151013,56.80,57.75,56.80,57.20,3474
MAKARONPL,20151013,5.74,5.77,5.74,5.77,1755
MBANK,20151013,392.00,393.20,384.15,389.05,49381
MCI,20151013,12.27,12.27,11.70,11.95,16426
MEDIATEL,20151013,1.03,1.03,1.03,1.03,300
MEDICALG,20151013,210.00,210.00,207.00,208.00,117
MENNICA,20151013,13.39,13.40,13.25,13.29,612
MERCATOR,20151013,18.22,18.22,18.22,18.22,500
MERCOR,20151013,9.65,9.89,9.65,9.89,1160
MEXPOLSKA,20151013,4.30,4.30,4.20,4.30,1789
MFO,20151013,12.10,12.10,11.78,11.78,79
MIDAS,20151013,0.60,0.61,0.59,0.59,193358
MILKILAND,20151013,1.37,1.38,1.24,1.34,218408
MILLENNIUM,20151013,6.38,6.38,6.27,6.31,517320
MIRACULUM,20151013,2.69,2.78,2.68,2.68,14259
MIRBUD,20151013,1.10,1.10,1.09,1.10,20447
MLPGROUP,20151013,35.11,35.11,35.11,35.11,20
MNI,20151013,0.97,0.97,0.94,0.94,11300
MOL,20151013,181.50,181.50,178.55,179.15,146
MONNARI,20151013,17.31,17.31,16.90,16.90,29544
MOSTALPLC,20151013,15.90,15.90,15.90,15.90,1
MOSTALWAR,20151013,14.12,14.25,13.65,13.81,13264
MOSTALZAB,20151013,1.86,1.86,1.82,1.82,6180
MUZA,20151013,3.20,3.20,2.95,2.95,592
MWTRADE,20151013,16.35,16.35,15.76,16.34,303
NETIA,20151013,5.55,5.55,5.40,5.45,105456
NETMEDIA,20151013,5.50,5.50,5.32,5.36,734
NEUCA,20151013,345.50,351.00,345.50,347.10,483
NEWAG,20151013,16.02,16.18,16.00,16.11,18302
NFIEMF,20151013,3.00,3.00,3.00,3.00,150
NORTCOAST,20151013,5.88,5.88,5.88,5.88,30
NOVITA,20151013,51.45,51.45,50.20,51.45,53
NOWAGALA,20151013,1.31,1.31,1.31,1.31,1600
NTTSYSTEM,20151013,2.39,2.40,2.38,2.40,1215
ODLEWNIE,20151013,2.40,2.40,2.38,2.38,4021
OLYMPIC,20151013,7.50,7.50,7.50,7.50,240
OPENFIN,20151013,4.15,4.16,4.15,4.15,219
OPONEO.PL,20151013,19.50,19.70,19.50,19.70,423
OPTEAM,20151013,9.85,9.85,9.70,9.70,999
ORANGEPL,20151013,7.55,7.63,7.51,7.61,1898850
ORBIS,20151013,57.45,57.46,55.41,55.87,4072
ORCOGROUP,20151013,1.10,1.14,1.06,1.14,14600
OTMUCHOW,20151013,6.45,6.45,6.45,6.45,22
OVOSTAR,20151013,88.01,88.01,85.59,85.59,66
PAGED,20151013,52.80,52.80,52.80,52.80,10
PAMAPOL,20151013,1.59,1.59,1.55,1.58,18617
PANOVA,20151013,19.89,19.89,18.40,18.78,1169
PATENTUS,20151013,0.77,0.77,0.77,0.77,300
PBG,20151013,2.10,2.19,2.07,2.14,32017
PCCEXOL,20151013,3.19,3.19,3.19,3.19,22
PCCINTER,20151013,2.20,2.20,2.20,2.20,23
PCCROKITA,20151013,39.60,39.71,39.60,39.60,884
PCM,20151013,41.55,42.89,41.15,42.89,340
PEGAS,20151013,124.55,126.00,121.85,126.00,450
PEKABEX,20151013,10.90,11.45,10.90,11.45,18996
PEKAES,20151013,12.84,12.84,12.83,12.83,20
PEKAO,20151013,153.50,154.20,151.20,154.00,289701
PELION,20151013,65.10,65.10,63.55,64.01,859
PEMANAGER,20151013,125.50,125.50,125.30,125.30,60
PEP,20151013,26.69,26.69,25.70,25.82,8524
PEPEES,20151013,0.54,0.54,0.51,0.54,14220
PGE,20151013,14.55,14.90,14.48,14.55,5717189
PGNIG,20151013,6.80,6.80,6.58,6.63,4218668
PGODLEW,20151013,5.14,5.14,5.14,5.14,30
PHN,20151013,18.80,18.87,18.26,18.26,2513
PKNORLEN,20151013,63.80,64.53,61.53,62.07,2474913
PKOBP,20151013,31.05,31.21,30.42,30.98,1864425
PKOGS,20151013,101.00,101.00,101.00,101.00,1001
PKPCARGO,20151013,66.60,67.07,65.22,65.22,13437
PLASTBOX,20151013,2.20,2.22,2.18,2.18,1000
PLATYNINW,20151013,3.14,3.14,3.14,3.14,2
PMPG,20151013,1.46,1.46,1.45,1.45,3640
POLICE,20151013,24.69,26.00,24.69,25.40,7711
POLMED,20151013,3.34,3.34,3.23,3.28,7955
POLNA,20151013,24.89,24.89,24.50,24.50,4
POLNORD,20151013,12.85,12.92,12.53,12.75,124303
POLWAX,20151013,15.97,15.98,15.97,15.98,1335
POZBUD,20151013,5.80,5.86,5.57,5.86,79038
PRAGMAFA,20151013,12.80,12.80,12.80,12.80,16
PRAGMAINK,20151013,12.10,12.25,12.10,12.25,309
PRAIRIE,20151013,1.06,1.25,1.00,1.21,416575
PRESCO,20151013,5.28,5.28,5.15,5.15,67396
PRIMAMODA,20151013,1.45,1.45,1.35,1.42,1400
PROCAD,20151013,1.70,1.70,1.70,1.70,1600
PROCHEM,20151013,16.70,16.89,16.26,16.28,960
PROCHNIK,20151013,1.16,1.17,1.12,1.12,32573
PROJPRZEM,20151013,7.49,7.49,7.16,7.16,1820
PROTEKTOR,20151013,3.10,3.12,3.07,3.12,7434
PTI,20151013,0.90,0.96,0.73,0.73,710014
PULAWY,20151013,165.55,165.55,164.15,165.00,166
PWRMEDIA,20151013,1.30,1.30,1.29,1.29,1200
PZU,20151013,391.80,392.05,383.00,386.15,214168
QUERCUS,20151013,6.45,6.45,6.32,6.32,1050
QUMAK,20151013,10.78,10.78,10.30,10.31,206858
RADPOL,20151013,6.80,6.80,6.41,6.70,309
RAFAKO,20151013,6.69,6.69,6.58,6.65,19673
RAINBOW,20151013,24.70,24.76,24.50,24.60,1692
RANKPROGR,20151013,1.59,1.69,1.57,1.57,13350
RAWLPLUG,20151013,9.22,9.22,9.17,9.17,540
RCCRUAOPEN,20151013,9.53,9.54,9.39,9.39,4271
RCGBSH10919,20151013,930.40,930.40,930.40,930.40,3
RCGLDAOPEN,20151013,430.63,430.63,430.63,430.63,2
RCLNAGOPEN,20151013,6.78,6.78,6.78,6.78,200
RCSCEAOPEN,20151013,74.40,74.40,74.40,74.40,22
RCSCRAOPEN,20151013,328.00,328.00,328.00,328.00,150
RCSDGP0220,20151013,926.34,926.34,926.34,926.34,37
RCSILAOPEN,20151013,58.55,59.00,58.55,59.00,277
RCTWW20002,20151013,1120.15,1120.15,1120.15,1120.15,100
REDAN,20151013,2.33,2.39,2.28,2.37,37499
REDWOOD,20151013,5.55,6.00,5.55,6.00,281
REINHOLD,20151013,0.49,0.49,0.49,0.49,13000
RELPOL,20151013,6.40,6.40,6.30,6.35,5265
REMAK,20151013,18.50,18.98,18.12,18.98,53261
RESBUD,20151013,1.32,1.33,1.23,1.32,30942
ROBYG,20151013,2.52,2.52,2.45,2.49,5940
RONSON,20151013,1.40,1.40,1.38,1.38,6767
ROPCZYCE,20151013,20.50,20.50,20.50,20.50,515
RUBICON,20151013,1.18,1.23,1.17,1.17,2180
SANOK,20151013,57.18,57.85,57.16,57.85,79
SCOPAK,20151013,3.79,3.84,3.79,3.84,191
SECOGROUP,20151013,20.90,20.90,20.90,20.90,37
SELENAFM,20151013,18.25,18.99,18.25,18.99,76
SELVITA,20151013,21.75,21.75,21.50,21.50,1334
SERINUS,20151013,2.08,2.09,2.01,2.02,40565
SFINKS,20151013,3.56,3.56,3.52,3.56,11339
SILVANO,20151013,5.28,5.28,5.28,5.28,1017
SIMPLE,20151013,9.00,9.15,9.00,9.00,11431
SKARBIEC,20151013,32.65,32.65,31.12,31.47,3151
SKOK,20151013,1.60,1.60,1.54,1.59,317
SKOTAN,20151013,0.50,0.50,0.48,0.50,389207
SMT,20151013,17.16,17.16,17.02,17.02,673
SNIEZKA,20151013,53.10,54.89,53.10,53.37,433
SOBIESKI,20151013,74.53,75.84,74.53,75.84,301
SOHODEV,20151013,1.18,1.22,1.18,1.22,849
SOLAR,20151013,1.60,1.60,1.37,1.38,158879
SONEL,20151013,12.40,12.40,12.37,12.37,35
STALEXP,20151013,3.28,3.30,3.15,3.18,88531
STALPROD,20151013,328.00,328.00,327.00,328.00,42
STALPROFI,20151013,11.40,11.80,11.40,11.80,1367
STAPORKOW,20151013,5.18,5.19,5.02,5.04,2941
STARHEDGE,20151013,0.69,0.75,0.68,0.74,31964
SUNEX,20151013,0.30,0.34,0.28,0.34,13918145
SUWARY,20151013,11.00,11.00,11.00,11.00,2
SWISSMED,20151013,1.99,1.99,1.98,1.98,801
SYGNITY,20151013,8.88,9.20,8.70,9.01,24777
SYNEKTIK,20151013,15.90,16.00,15.71,16.00,2743
SYNTHOS,20151013,3.85,3.88,3.84,3.87,832027
TALEX,20151013,18.13,18.13,18.13,18.13,66
TARCZYNSKI,20151013,13.32,13.46,13.32,13.46,82
TATRY,20151013,99.90,102.00,99.90,102.00,119
TAURONPE,20151013,3.33,3.35,3.25,3.26,3761611
TELL,20151013,11.90,11.91,11.90,11.91,1486
TERMOREX,20151013,2.88,2.88,2.70,2.80,1132
TESGAS,20151013,3.45,3.45,3.36,3.36,2297
TFONE,20151013,2.93,2.93,2.91,2.93,2130
TIM,20151013,8.51,8.70,8.42,8.70,1278
TORPOL,20151013,11.37,11.39,11.10,11.39,1009
TOYA,20151013,5.55,5.60,5.55,5.60,400
TRAKCJA,20151013,9.87,9.87,9.60,9.68,42626
TRANSPOL,20151013,4.13,4.70,4.01,4.70,78550
TRIGONPP,20151013,114.40,114.50,114.40,114.50,459
TRITON,20151013,1.91,2.14,1.91,2.14,10154
ULMA,20151013,78.50,78.50,78.50,78.50,1
UNIBEP,20151013,11.60,11.60,11.59,11.59,41
UNICREDIT,20151013,24.38,24.38,24.38,24.38,437
UNIMA,20151013,2.05,2.05,2.02,2.02,250
UNIWHEELS,20151013,115.00,116.00,115.00,115.00,3113
URSUS,20151013,2.90,2.90,2.76,2.80,235137
VANTAGE,20151013,2.48,2.50,2.43,2.49,15740
VARIANT,20151013,1.62,1.69,1.46,1.60,21155
VINDEXUS,20151013,5.80,5.80,5.60,5.74,14391
VISTAL,20151013,11.47,11.47,11.04,11.22,3485
VISTULA,20151013,2.99,2.99,2.95,2.97,65325
VOTUM,20151013,16.00,16.70,16.00,16.59,322
VOXEL,20151013,16.22,16.57,16.00,16.57,531
WADEX,20151013,4.60,4.60,4.60,4.60,108
WASKO,20151013,1.94,1.96,1.88,1.94,24420
WAWEL,20151013,1301.05,1305.05,1300.00,1300.00,25
WDX,20151013,5.29,5.29,4.80,4.90,4417
WIELTON,20151013,7.38,7.50,7.38,7.50,7669
WIKANA,20151013,1.60,1.66,1.58,1.66,970
WILBO,20151013,1.18,1.24,1.17,1.20,188917
WINDMOBIL,20151013,7.85,8.00,7.80,7.80,15027
WINDMOBIL-PDA,20151013,7.77,7.77,7.77,7.77,72
WINVEST,20151013,4.00,4.00,4.00,4.00,1
WIRTUALNA,20151013,39.75,39.75,39.26,39.48,2286
WOJAS,20151013,6.64,6.79,6.40,6.50,28246
WORKSERV,20151013,14.40,14.87,14.40,14.58,1346
YAWAL,20151013,5.03,5.36,5.03,5.32,365
ZASTAL,20151013,0.60,0.60,0.59,0.60,8709
ZEPAK,20151013,14.14,14.17,14.01,14.01,6363
ZETKAMA,20151013,88.80,88.90,86.60,87.40,3491
ZPUE,20151013,367.00,367.00,355.05,361.15,19
ZUE,20151013,7.36,7.36,7.36,7.36,397
ZYWIEC,20151013,397.00,397.00,397.00,397.00,2
INVESTORMS,20151013,3749.25,3749.25,3738.08,3738.08,95439.856
MWIG40,20151013,3754.39,3756.66,3717.34,3730.98,62429.982
NCINDEX30,20151013,1003.15,1039.30,991.12,1039.30,5621.141
RESPECT,20151013,2639.26,2640.51,2615.40,2629.09,489610.776
SWIG80,20151013,13425.15,13434.31,13317.75,13341.79,20408.186
WIG,20151013,51455.24,51476.99,51036.01,51310.64,755938.664
WIG-BANKI,20151013,6835.45,6896.20,6835.45,6896.20,152193.329
WIG-BUDOW,20151013,3092.54,3093.93,3067.64,3067.64,2281.802
WIG-CEE,20151013,760.35,760.35,756.86,759.51,15550.821
WIG-CHEMIA,20151013,15011.83,15082.09,15011.83,15082.09,8443.479
WIG-DEWEL,20151013,1465.50,1469.80,1464.67,1469.80,3249.242
WIG-ENERG,20151013,3475.41,3475.41,3446.69,3446.69,127564.016
WIG-INFO,20151013,1646.06,1646.06,1636.76,1636.76,14610.255
WIG-MEDIA,20151013,4479.49,4493.91,4479.49,4483.09,10916.937
WIG-PALIWA,20151013,4614.11,4614.11,4566.42,4578.21,187220.977
WIG-POLAND,20151013,52299.43,52460.80,52245.84,52460.80,738684.539
WIG-SPOZYW,20151013,3687.93,3690.75,3686.94,3690.75,13696.954
WIG-SUROWC,20151013,2898.98,2952.48,2898.98,2952.48,62316.806
WIG-TELKOM,20151013,902.11,907.91,902.11,907.91,15921.962
WIG-UKRAIN,20151013,385.09,385.73,384.47,384.47,13160.466
WIG20,20151013,2129.58,2129.58,2108.16,2123.43,650837.111
WIG20LEV,20151013,666.32,666.32,652.89,662.46,650837.111
WIG20SHORT,20151013,3694.81,3731.83,3694.81,3705.44,650837.111
WIG20TR,20151013,3473.01,3488.47,3469.32,3488.47,650837.111
WIG30,20151013,2363.85,2366.09,2344.01,2361.15,685770.442
WIG30TR,20151013,3816.12,3834.71,3814.52,3834.71,685770.442
WIGDIV,20151013,1097.22,1099.50,1092.54,1098.88,406270.934
08OCTAVA,20151013,1.26,1.26,1.24,1.24,1715
AMPLI,20151013,0.24,0.24,0.24,0.24,800
ARCUS,20151013,0.91,0.91,0.91,0.91,3000
B3SYSTEM,20151013,0.68,0.68,0.68,0.68,713
CFI,20151013,10.00,10.00,10.00,10.00,215
COALENERG,20151013,0.68,0.70,0.68,0.70,137053
COMPERIA,20151013,18.40,18.99,18.40,18.99,1948
DREWEX,20151013,1.00,1.10,1.00,1.10,3010
EKANCELAR,20151013,0.06,0.06,0.05,0.05,952673
FAM,20151013,1.50,1.50,1.50,1.50,13199
HUTMEN,20151013,4.98,4.98,4.98,4.98,4600
IDEON,20151013,0.02,0.02,0.01,0.01,18800
INTERFERI,20151013,4.59,4.59,4.59,4.59,12
KCI,20151013,0.03,0.03,0.03,0.03,456767
KDMSHIPNG,20151013,3.14,3.14,3.14,3.14,300
KOMPAP,20151013,8.06,8.06,8.06,8.06,120
MIT,20151013,0.14,0.15,0.14,0.15,263686
MSXRESOUR,20151013,0.71,0.71,0.64,0.64,14343
NEWWORLDR,20151013,0.03,0.04,0.03,0.04,2934776
PBOANIOLA,20151013,0.08,0.08,0.08,0.08,1673
PBSFINANSE,20151013,3.52,3.52,3.51,3.51,1000
PEIXIN,20151013,5.29,5.29,5.29,5.29,603
PETROLINV,20151013,0.15,0.15,0.15,0.15,610832
PLAZACNTR,20151013,0.13,0.13,0.13,0.13,13532
POLCOLORIT,20151013,1.15,1.15,1.15,1.15,6620
REGNON,20151013,1.20,1.20,1.20,1.20,200
ROVESE,20151013,1.40,1.40,1.40,1.40,17170
SANWIL,20151013,0.81,0.81,0.81,0.81,1550
SKYLINE,20151013,0.52,0.52,0.52,0.52,2976
SKYSTONE,20151013,3.35,3.35,3.30,3.30,525
WISTIL,20151013,37.16,37.16,37.16,37.16,500
ZREMB,20151013,1.18,1.18,1.16,1.16,6554
01CYBATON,20151013,2.80,3.32,2.74,3.32,311805
11BIT,20151013,63.00,64.76,62.25,64.49,3009
2CPARTNER,20151013,0.60,0.60,0.58,0.60,1901
2INTELLECT,20151013,0.43,0.43,0.43,0.43,30
5THAVENUE,20151013,1.29,1.34,1.29,1.34,400
ABPOL,20151013,0.27,0.30,0.24,0.27,583548
ABSINVEST,20151013,1.88,1.88,1.79,1.87,3120
ACARTUS,20151013,0.27,0.29,0.27,0.29,1875
ACREBIT,20151013,2.06,2.06,2.06,2.06,10
ADFORM,20151013,8.50,8.50,8.50,8.50,5
ADMASSIVE,20151013,0.30,0.30,0.30,0.30,3786
ADMIRAL,20151013,0.26,0.26,0.24,0.24,72641
ADVOCULAR,20151013,2.52,2.60,2.46,2.46,582
AEDES,20151013,0.68,0.76,0.67,0.76,4209
AERFINANC,20151013,0.42,0.42,0.42,0.42,30
AFHOL,20151013,1.85,1.85,1.85,1.85,211
AGROLIGA,20151013,16.58,16.58,16.58,16.58,1
AGROTOUR,20151013,0.46,0.46,0.46,0.46,50
AIRWAY,20151013,1.40,1.40,1.40,1.40,200
AITON,20151013,1.10,1.11,1.10,1.10,1725
ALDA,20151013,1.47,1.47,1.47,1.47,1
ALEJA,20151013,0.23,0.26,0.22,0.25,21700
ALFASTAR,20151013,0.16,0.16,0.16,0.16,2830
APANET,20151013,4.80,4.80,4.80,4.80,134
APS,20151013,2.91,3.06,2.91,3.06,329
AQUABB,20151013,13.80,13.80,13.75,13.78,73
ARI,20151013,0.40,0.51,0.38,0.51,194749
ARRINERA,20151013,8.85,8.85,8.85,8.85,1
ARTBIZNES,20151013,0.30,0.36,0.30,0.36,1600
ARTNEWS,20151013,1.63,1.73,1.51,1.61,4929
ARTP,20151013,0.10,0.10,0.10,0.10,100
ASMGROUP,20151013,2.26,2.26,2.26,2.26,1000
ASSETUS,20151013,1.02,1.25,1.02,1.07,4553
ASTRO,20151013,2.09,2.24,2.09,2.24,242
ATCCARGO,20151013,2.63,2.63,2.57,2.57,984
ATONHT,20151013,0.16,0.16,0.15,0.15,6957
AUTOSPA,20151013,3.29,3.29,3.29,3.29,5
AZTEC,20151013,2.79,2.89,2.79,2.82,900
BALTICINV,20151013,0.87,0.91,0.85,0.90,137392
BBCONSULT,20151013,3.88,3.88,3.88,3.88,10
BDF,20151013,15.90,16.00,15.90,16.00,67
BETOMAX,20151013,3.00,3.00,3.00,3.00,1000
BGE,20151013,0.27,0.27,0.27,0.27,500
BINARY,20151013,0.22,0.25,0.22,0.24,5034
BIOERG,20151013,0.22,0.23,0.22,0.23,1216
BIOGENED,20151013,11.90,11.90,11.90,11.90,1
BIOMASS,20151013,1.60,1.75,1.60,1.74,19183
BIOMAX,20151013,0.17,0.20,0.15,0.19,621258
BIOMAXIMA,20151013,3.95,4.03,3.81,3.81,651
BIOPLANET,20151013,12.94,14.00,12.94,14.00,1222
BLIRT,20151013,1.81,1.81,1.81,1.81,2
BLOOBER,20151013,37.00,37.49,36.21,36.97,3639
BLUMERANG,20151013,1.09,1.09,1.09,1.09,10
BOA,20151013,0.33,0.33,0.33,0.33,100
BOOMERANG,20151013,0.43,0.43,0.39,0.39,6700
BORUTA,20151013,0.24,0.35,0.23,0.35,5609966
BPC,20151013,0.48,0.48,0.48,0.48,30
BROADGATE,20151013,0.82,0.82,0.82,0.82,10
BVT,20151013,1.89,1.89,1.72,1.76,33755
CALESCO,20151013,1.31,1.31,1.31,1.31,10
CCS,20151013,1.00,1.00,1.00,1.00,1000
CCTOOLS,20151013,0.27,0.27,0.27,0.27,65
CDE,20151013,0.14,0.18,0.13,0.17,172017
CENTURION,20151013,0.31,0.31,0.31,0.31,150
CEREALPLT,20151013,12.19,12.19,12.19,12.19,5
CFBPS,20151013,6.29,6.29,6.20,6.28,663
COLUMBUS,20151013,0.25,0.30,0.25,0.30,1244886
COMECO,20151013,0.34,0.36,0.34,0.36,1050
COPERNIC,20151013,14.10,14.94,13.17,14.94,1606
CSY,20151013,3.68,3.68,3.59,3.59,98
CTE,20151013,5.15,5.15,5.15,5.15,1
CWPE,20151013,0.16,0.18,0.16,0.18,48426
DANKS,20151013,0.90,0.90,0.90,0.90,2500
DASE,20151013,0.44,0.44,0.44,0.44,30
DEKTRA,20151013,9.60,9.60,9.25,9.25,27
DENTAMDC,20151013,0.01,0.01,0.01,0.01,300
DEVORAN,20151013,0.32,0.32,0.32,0.32,50
DIGITAL,20151013,0.20,0.21,0.20,0.21,4000
DOMENOMAN,20151013,0.44,0.49,0.44,0.49,17688
DOMLEK,20151013,17.70,17.70,17.70,17.70,1
DORADCY24,20151013,0.01,0.01,0.01,0.01,500020
EASTSIDE,20151013,1.69,1.69,1.69,1.69,1
EBC,20151013,0.93,0.93,0.93,0.93,891
EC2,20151013,1.47,1.49,1.18,1.27,29729
ECA,20151013,1.45,1.45,1.26,1.41,2220
ECERAMICS,20151013,0.01,0.01,0.01,0.01,335000
ECOTECH,20151013,1.15,1.15,1.15,1.15,10
EDISON,20151013,1.34,1.34,1.34,1.34,374
EFENERGII,20151013,1.26,1.26,1.26,1.26,100
EFICOM,20151013,0.65,0.65,0.56,0.56,5020
EFIXDM,20151013,13.80,13.80,13.80,13.80,10
EGB,20151013,3.84,3.84,3.84,3.84,50
EKIOSK,20151013,0.72,0.72,0.72,0.72,320
EMONT,20151013,1.03,1.03,1.03,1.03,15
EONET,20151013,5.29,5.29,5.29,5.29,10
EPIGON,20151013,0.17,0.17,0.16,0.17,60500
EQUITIER,20151013,1.90,1.90,1.90,1.90,28
ERNE,20151013,4.19,4.21,4.07,4.21,27422
ERS,20151013,0.28,0.28,0.28,0.28,50
ESKIMOS,20151013,0.30,0.30,0.30,0.30,100
EUROCENT,20151013,9.70,10.00,9.60,10.00,1625
EUROSNACK,20151013,1.22,1.22,1.22,1.22,1200
EUROTAX,20151013,2.65,2.65,2.65,2.65,1
EXCELLENC,20151013,1.64,1.64,1.64,1.64,10
EZO,20151013,5.39,5.39,5.08,5.30,761
FABRYKAKD,20151013,1.52,1.70,1.37,1.70,756
FACHOWCY,20151013,0.19,0.19,0.19,0.19,2209
FARM51,20151013,12.50,13.35,12.40,13.30,85596
FITEN,20151013,1.55,1.55,1.55,1.55,1300
FLUID,20151013,0.91,0.93,0.90,0.92,50346
FLYPL,20151013,0.36,0.43,0.30,0.43,21173236
FOREVEREN,20151013,0.57,0.57,0.53,0.54,117120
FUTURIS,20151013,0.94,0.94,0.94,0.94,20
GALVO,20151013,1.53,1.59,1.44,1.52,5777
GCINVEST,20151013,0.55,0.63,0.51,0.63,22462
GEKOPLAST,20151013,8.81,8.81,8.81,8.81,50
GENOMED,20151013,17.00,17.00,17.00,17.00,20
GENRG,20151013,0.14,0.17,0.14,0.15,613319
GEOTRANS,20151013,7.32,7.32,6.56,6.56,2108
GLOBALTR,20151013,0.04,0.04,0.04,0.04,25960
GOLAB,20151013,0.35,0.35,0.35,0.35,40
GONTYNIEC,20151013,1.40,1.40,1.40,1.40,300
GPPI,20151013,0.17,0.17,0.17,0.17,1015
GRAPHIC,20151013,0.28,0.31,0.28,0.30,3201
GREENENER,20151013,0.03,0.03,0.03,0.03,1080
GREMPCO,20151013,0.13,0.13,0.13,0.13,17090
GRJAGUAR,20151013,0.81,0.91,0.81,0.91,1100
GRUPAEMM,20151013,0.18,0.18,0.18,0.18,10
GRUPAHRC,20151013,2.86,2.86,2.86,2.86,10
GRUPAREC,20151013,12.69,12.69,12.07,12.68,97
GWARANT,20151013,3.15,3.25,3.15,3.18,859
HAMBURGER,20151013,1.23,1.23,1.23,1.23,10
HETAN,20151013,0.78,0.78,0.78,0.78,649
HMINWEST,20151013,9.10,9.10,9.10,9.10,3
HOTBLOK,20151013,0.03,0.05,0.03,0.05,647641
HYDROPHI,20151013,0.20,0.21,0.18,0.20,68805
I3D,20151013,0.70,0.70,0.65,0.65,120
IAI,20151013,5.49,5.49,5.49,5.49,10
IGORIA,20151013,1.00,1.00,1.00,1.00,40
IMAGIS,20151013,0.24,0.27,0.24,0.27,12635
INBOOK,20151013,0.42,0.44,0.42,0.44,2499
INCANA,20151013,0.67,0.67,0.67,0.67,30
INDEXMEDI,20151013,2.45,2.45,2.45,2.45,10
INFOSCAN,20151013,4.51,4.51,4.50,4.50,215
INFOSYS,20151013,0.89,0.89,0.89,0.89,100
INFRA,20151013,0.65,0.90,0.65,0.85,118066
INNOGENE,20151013,8.47,8.50,8.05,8.50,2773
INTELIWIS,20151013,1.85,1.85,1.85,1.85,10
INVENTI,20151013,2.00,2.03,1.84,2.02,1520
INVESTEKO,20151013,1.80,1.80,1.80,1.80,20
INWESTPL,20151013,0.30,0.30,0.30,0.30,1667
IPODS,20151013,0.24,0.24,0.24,0.24,800
IPOSA,20151013,0.06,0.06,0.05,0.05,13860
ISIAG,20151013,1.49,1.49,1.49,1.49,1
JANTAR,20151013,0.46,0.46,0.46,0.46,2531
JRHOLDING,20151013,0.57,0.57,0.50,0.54,19134
JUJUBEE-PDA,20151013,5.22,6.00,5.10,5.78,73037
KANCELWEC,20151013,0.46,0.47,0.37,0.47,1624
KBJ,20151013,5.26,5.26,5.26,5.26,30
KKHERBAL,20151013,0.34,0.35,0.34,0.35,45040
KLASZTORNE,20151013,0.11,0.15,0.10,0.13,1229444
KLEBAINV,20151013,4.00,4.00,3.92,3.92,53
KLON,20151013,1.70,1.70,1.60,1.60,775
KME,20151013,3.20,3.20,3.19,3.20,56
KORBANK,20151013,1.69,1.69,1.69,1.69,50
KUPIEC,20151013,2.80,2.80,2.50,2.64,8565
LABOPRINT,20151013,15.60,15.60,15.60,15.60,2
LAURENPES,20151013,0.04,0.04,0.04,0.04,20000
LEASINGEX,20151013,0.52,0.52,0.45,0.45,8920
LEONIDAS,20151013,0.34,0.34,0.29,0.33,1082
LETUS,20151013,0.12,0.18,0.12,0.18,934261
LIBERTY,20151013,0.01,0.01,0.01,0.01,5000
LKDESIGN,20151013,6.40,6.40,6.40,6.40,6
LOKATYBUD,20151013,0.22,0.22,0.22,0.22,2090
LOYD,20151013,0.38,0.39,0.38,0.39,1000
LSTECHHOM,20151013,1.02,1.02,0.92,1.02,5520
LUG,20151013,3.11,3.11,3.11,3.11,5
LUXIMA,20151013,0.04,0.04,0.04,0.04,300
LZMO,20151013,1.50,1.52,1.50,1.52,4768
M10,20151013,0.12,0.12,0.12,0.12,2053
MADKOM,20151013,1.71,1.79,1.70,1.79,2707
MAKOLAB,20151013,3.90,3.90,3.90,3.90,100
MAKORA,20151013,1.45,1.45,1.34,1.45,2844
MALKOWSKI,20151013,0.70,0.70,0.70,0.70,715
MARKA,20151013,2.37,2.37,2.37,2.37,5
MARSOFT,20151013,0.13,0.13,0.13,0.13,300
MAXIPIZZA,20151013,0.69,0.69,0.69,0.69,3000
MBFGROUP,20151013,6.55,6.85,6.30,6.30,2151
MED,20151013,5.42,5.42,5.42,5.42,5
MEDIANPOL,20151013,0.42,0.46,0.41,0.41,7890
MEGASONIC,20151013,6.20,6.30,6.20,6.30,81
MENNICASK,20151013,2.80,2.80,2.80,2.80,500
MERA,20151013,1.59,1.59,1.59,1.59,20
MERIT,20151013,0.23,0.23,0.23,0.23,50
MIDVEN,20151013,106.00,106.00,106.00,106.00,17
MILESTONE,20151013,7.50,8.34,7.50,8.29,1380
MILKPOL,20151013,0.22,0.22,0.21,0.21,78280
MINOX,20151013,0.08,0.08,0.07,0.08,367279
MOBINI,20151013,0.66,0.66,0.66,0.66,100
MODE,20151013,0.53,0.53,0.53,0.53,2
MODECOM,20151013,11.00,11.00,11.00,11.00,10
MOLMEDICA,20151013,0.02,0.03,0.02,0.03,3135728
MORIZON,20151013,1.46,1.46,1.46,1.46,1
MOTORICUS,20151013,0.54,0.54,0.44,0.47,6832
NANOTEL,20151013,2.82,2.82,2.82,2.82,1
NEPTIS,20151013,25.68,25.80,25.68,25.80,100
NETWISE,20151013,3.50,3.80,3.50,3.80,159
NFPL,20151013,0.16,0.16,0.15,0.16,7717
NOTORIA,20151013,5.65,5.65,5.65,5.65,270
NOVATIS,20151013,0.36,0.36,0.36,0.36,20
NOVAVIS,20151013,1.05,1.16,1.01,1.09,46332
NOVINA,20151013,0.59,0.61,0.58,0.60,15382
OPENNET,20151013,1.80,1.91,1.80,1.91,2660
OPTIZENLB,20151013,0.29,0.29,0.29,0.29,50
PARTNER,20151013,0.07,0.07,0.07,0.07,500
PATFUND,20151013,0.32,0.38,0.30,0.30,16300
PFMEDICAL,20151013,35.82,35.89,35.82,35.89,45
PGPPOLONI,20151013,1.10,1.32,0.88,1.32,32060
PGSSOFT,20151013,8.09,8.09,7.80,8.00,5849
PHARMENA,20151013,20.80,20.80,20.00,20.60,954
PHOTON,20151013,0.76,0.80,0.74,0.75,33836
PIK,20151013,0.38,0.38,0.38,0.38,100
PILAB,20151013,44.00,44.00,43.50,43.60,92
PLANETSOF,20151013,0.15,0.16,0.15,0.16,1000
PLASMA,20151013,13.34,13.34,13.34,13.34,50
PLATIGE,20151013,13.00,13.00,12.55,12.55,105
POLFA,20151013,0.31,0.33,0.30,0.33,13952
PPRICE,20151013,0.03,0.04,0.03,0.04,188052
PRESENT24,20151013,1.90,1.90,1.82,1.82,650
PRESTO,20151013,0.75,0.75,0.75,0.75,4365
PRIME,20151013,31.50,32.76,31.00,32.59,2352
PROMISE,20151013,3.28,3.59,3.28,3.59,3105
PRYMUS,20151013,4.92,5.09,4.89,5.09,2511
PYLON,20151013,0.19,0.19,0.19,0.19,21949
RAJDY4X4,20151013,0.05,0.05,0.05,0.05,191099
ROBINSON,20151013,12.00,12.00,10.60,11.50,172
ROCCA,20151013,0.40,0.40,0.40,0.40,30
ROVITA,20151013,0.24,0.24,0.24,0.24,100
RSY,20151013,6.88,6.88,6.88,6.88,5
RUNICOM,20151013,0.50,0.50,0.50,0.50,30
SAPLING,20151013,0.29,0.29,0.28,0.28,2001
SARE,20151013,28.00,29.00,28.00,28.01,114
SETANTA,20151013,16.00,16.00,16.00,16.00,10
SFD,20151013,0.47,0.55,0.47,0.55,2999
SFERANET,20151013,0.69,0.70,0.69,0.70,250
SFKPOLKAP,20151013,6.67,6.70,6.35,6.35,2985
SILESIA,20151013,0.01,0.01,0.01,0.01,100000
SILVACG,20151013,0.01,0.01,0.01,0.01,200
SITE,20151013,0.06,0.07,0.06,0.07,5500
SPC,20151013,0.05,0.05,0.05,0.05,500
STANDREW,20151013,8.77,8.77,8.77,8.77,5
STANUSCH,20151013,8.00,8.00,8.00,8.00,5
STOPKLA,20151013,9.00,9.50,8.80,9.50,681
SUMMALING,20151013,5.48,5.50,5.48,5.50,310
SURFLAND,20151013,0.75,0.86,0.75,0.83,7560
SWISSPSM,20151013,0.32,0.33,0.30,0.30,4700
SZAR,20151013,0.07,0.07,0.07,0.07,200
T2INVEST,20151013,1.85,1.85,1.85,1.85,10
TABLEO,20151013,1.05,1.10,1.05,1.09,4154
TAMEX,20151013,0.49,0.68,0.49,0.58,59623
TAXNET,20151013,0.43,0.43,0.43,0.43,30
TAXUSFUND,20151013,0.06,0.06,0.06,0.06,40000
TECHMADEX,20151013,20.30,20.30,20.30,20.30,1
TELESTR,20151013,11.92,12.30,11.92,12.30,270
TELGAM,20151013,0.25,0.25,0.25,0.25,7100
TILIA,20151013,0.97,0.97,0.97,0.97,100
UNITED,20151013,0.52,0.65,0.52,0.63,269374
VAKOMTEK,20151013,1.19,1.19,1.19,1.19,1
VCP,20151013,0.28,0.28,0.28,0.28,40
VELTO,20151013,0.34,0.39,0.28,0.39,87866
VENITI,20151013,0.71,0.71,0.70,0.70,740
VENTUREIN,20151013,2.20,2.20,2.17,2.17,462
VIVID,20151013,5.85,5.99,5.75,5.96,12491
WBAY,20151013,4.25,4.25,4.25,4.25,10
WDBBU,20151013,3.25,3.25,3.25,3.25,1
WEEDO,20151013,4.00,4.69,4.00,4.69,203
WESTREAL,20151013,1.53,1.53,1.53,1.53,654
WIERZYCL,20151013,0.48,0.48,0.48,0.48,50
XPLUS,20151013,0.12,0.12,0.12,0.12,100
XSYSTEM,20151013,0.95,0.95,0.87,0.93,6027
YELLOWHAT,20151013,0.35,0.35,0.35,0.35,32210
YOURIMAGE,20151013,0.39,0.42,0.38,0.40,122432
NCINDEX,20151013,285.03,288.74,284.09,288.74,13625.575
2CP0316,20151013,91.00,91.00,91.00,91.00,56
2CP0416,20151013,86.25,86.25,86.20,86.20,117
ALR0321,20151013,104.00,104.00,104.00,104.00,478
ALR0421,20151013,102.99,103.00,102.99,103.00,3
BPS1122,20151013,96.50,96.50,96.50,96.50,60
BST0319,20151013,99.07,99.50,99.07,99.50,20
BST0418,20151013,100.35,100.35,100.06,100.22,249
BST0516,20151013,101.15,101.15,101.15,101.15,20
BST1018,20151013,100.51,100.51,100.51,100.51,100
BSW0323,20151013,85.00,90.00,85.00,90.00,3
BSW0721,20151013,89.50,93.99,89.50,93.99,2
CAP0617,20151013,99.99,99.99,99.99,99.99,200
CAP1217,20151013,99.10,99.90,99.10,99.90,90
CAS1117,20151013,101.00,102.50,101.00,101.20,30
CAS1216,20151013,99.80,99.80,99.80,99.80,72
CCA0216,20151013,98.80,98.80,98.80,98.80,3
CHS0318,20151013,100.00,100.00,100.00,100.00,15
CPS0721,20151013,101.30,101.30,101.20,101.20,651
CZT0416,20151013,68.77,68.77,68.77,68.77,2
DAY0916,20151013,34.30,34.50,30.00,34.50,126
DS0725,20151013,104.70,104.70,104.70,104.70,1427
DS0726,20151013,97.50,97.50,97.49,97.49,1699
DS1015,20151013,100.00,100.00,100.00,100.00,31
DS1017,20151013,107.00,107.00,107.00,107.00,40
DS1019,20151013,112.80,113.10,112.80,113.10,72
DS1020,20151013,113.60,113.60,113.60,113.60,21
ECH0318,20151013,102.01,102.01,102.01,102.01,130
ECH0418,20151013,102.00,102.60,102.00,102.60,3521
ECH0716,20151013,100.80,100.80,100.80,100.80,75
EFM1216,20151013,100.00,100.00,100.00,100.00,3
ERC0617,20151013,100.82,100.82,100.82,100.82,11
ERC0916,20151013,100.85,100.85,100.85,100.85,30
FKD0516,20151013,94.98,94.98,94.98,94.98,3
FRR0517,20151013,103.45,103.49,103.45,103.49,9
GHE0619,20151013,97.00,97.00,97.00,97.00,50
GHE0718,20151013,100.99,100.99,100.99,100.99,1
GHI0619,20151013,99.94,100.00,99.94,100.00,293
GHJ0718,20151013,100.10,100.10,99.00,99.00,50
GHK0718,20151013,100.80,100.80,100.80,100.80,1
GNB0218,20151013,98.47,98.47,97.71,97.75,72
GNB0221,20151013,91.50,91.95,91.50,91.95,8
GNB0318,20151013,97.95,98.49,97.95,98.49,269
GNB0421,20151013,91.75,91.75,91.75,91.75,4
GNB0518,20151013,97.00,97.00,97.00,97.00,52
GNB0819,20151013,95.88,95.88,95.88,95.88,10
GNF0618,20151013,98.00,98.00,98.00,98.00,358
GPW0117,20151013,101.11,101.12,100.80,100.80,1674
GTB0617,20151013,94.99,94.99,94.99,94.99,5
IPP0620,20151013,101.00,101.00,100.80,100.80,45
KR20116,20151013,100.00,100.00,100.00,100.00,3
KRI0116,20151013,99.65,99.65,99.61,99.61,4
KRS0316,20151013,64.00,64.00,64.00,64.00,29
KRU0317,20151013,103.80,103.80,103.80,103.80,73
KRU0620,20151013,100.50,100.50,100.50,100.50,1
LKD1017,20151013,100.12,100.20,100.12,100.20,21
LZM1116,20151013,90.00,91.50,90.00,91.50,20
MCI1216,20151013,102.20,102.20,102.15,102.20,40
MRB0717,20151013,86.00,87.40,86.00,87.40,106
MUL1116,20151013,100.40,100.40,100.40,100.40,200
MWT0417,20151013,100.50,100.50,100.00,100.00,170
MWT0616,20151013,99.99,99.99,99.99,99.99,27
OK0116,20151013,99.45,99.45,99.45,99.45,16
OTS0217,20151013,101.89,101.89,101.89,101.89,3
OTS1118,20151013,101.75,101.75,101.75,101.75,1
PBS1021,20151013,95.99,95.99,95.99,95.99,10
PBS1024,20151013,99.10,99.10,99.10,99.10,8
PCR0416,20151013,100.60,100.60,100.50,100.55,151
PCR0419,20151013,100.80,100.80,100.80,100.80,85
PCR0620,20151013,100.26,100.26,100.26,100.26,1
PCR1019,20151013,100.80,100.80,100.50,100.80,42
PK11117,20151013,100.86,100.86,100.86,100.86,4059
PKN0418,20151013,101.10,101.11,101.10,101.10,4524
PKN0420,20151013,107.39,107.40,107.39,107.40,1313
PKN1117,20151013,100.71,100.71,100.71,100.71,1
PND0118,20151013,100.01,100.01,100.01,100.01,51
PND0618,20151013,99.90,99.90,99.80,99.80,51
PRE1117,20151013,99.99,100.00,99.99,100.00,8
PRF0418,20151013,99.98,99.98,99.98,99.98,1
PRF1216,20151013,99.30,99.30,99.30,99.30,1
PRI1117,20151013,98.80,98.80,98.55,98.55,9
PS0416,20151013,101.60,101.60,101.60,101.60,57
PS0718,20151013,101.30,102.10,101.20,101.20,88
PS1016,20151013,103.05,103.05,103.00,103.00,34
PTI1115,20151013,9.00,9.01,9.00,9.01,60
RNK0616,20151013,90.00,90.00,90.00,90.00,10
RON0518,20151013,100.00,100.00,100.00,100.00,500
SAF1115,20151013,99.00,99.00,99.00,99.00,13
SBK0923,20151013,99.70,99.70,99.70,99.70,91
SBK1020,20151013,101.40,101.40,101.40,101.40,5
VOL0716,20151013,99.70,99.70,99.70,99.70,3
VTG0617,20151013,100.85,101.00,100.84,101.00,31
WAW1019,20151013,115.90,115.90,115.90,115.90,30
WMO0317,20151013,102.68,103.50,102.00,102.00,252
WZ0119,20151013,99.10,99.10,99.10,99.10,282
WZ0121,20151013,97.90,98.25,97.90,98.20,57
WZ0126,20151013,96.50,96.50,96.50,96.50,47
