FACPZ15,20151030,57.10,57.10,57.10,57.10,2,22
FCDRZ15,20151030,26.65,26.88,26.56,26.88,23,332
FCHF,20151030,394.10,394.15,391.50,391.73,443,2510
FCHFH16,20151030,395.00,395.00,395.00,395.00,5,644
FCHFM16,20151030,396.40,396.40,396.40,396.40,1,266
FCHFU16,20151030,400.77,400.77,399.51,399.51,4,68
FCHFWS,20151030,394.10,394.15,391.50,391.73,433,1274
FCHFZ15,20151030,394.10,394.15,391.50,391.73,433,1274
FEUR,20151030,429.60,429.60,428.44,428.44,1238,21278
FEURH16,20151030,429.60,429.60,428.44,428.44,17,10528
FEURM16,20151030,430.69,430.69,430.28,430.28,2,424
FEURU16,20151030,432.40,432.40,431.79,431.79,5,147
FEURWS,20151030,428.30,428.30,426.50,426.90,1214,10178
FEURZ15,20151030,428.30,428.30,426.50,426.90,1214,10178
FGPWZ15,20151030,40.78,40.91,40.78,40.86,11,22
FJSWZ15,20151030,13.49,13.49,13.21,13.28,122,2205
FKGHH16,20151030,89.75,90.50,89.75,90.50,12,53
FKGHZ15,20151030,90.90,91.55,89.10,90.00,1146,1648
FLTSZ15,20151030,28.11,28.59,28.11,28.59,41,200
FLWBZ15,20151030,46.00,46.00,39.30,41.01,391,254
FOPLH16,20151030,7.14,7.14,7.14,7.14,1,25
FOPLZ15,20151030,6.99,7.09,6.99,7.07,19,509
FPEOZ15,20151030,150.00,151.05,148.20,151.00,52,208
FPGEZ15,20151030,13.97,14.35,13.82,14.26,263,2413
FPGNZ15,20151030,6.85,6.89,6.84,6.87,10,380
FPKNZ15,20151030,63.12,63.39,62.60,62.90,440,1810
FPKOH16,20151030,29.05,29.05,28.40,28.40,9,88
FPKOZ15,20151030,29.06,29.10,28.20,28.80,692,3000
FPZUH16,20151030,375.55,375.55,374.80,374.80,2,4
FPZUZ15,20151030,373.60,376.70,370.90,375.10,117,1217
FTPEH16,20151030,3.05,3.05,2.98,3.05,19,74
FTPEM16,20151030,3.07,3.07,3.07,3.07,10,12
FTPEZ15,20151030,3.04,3.04,2.94,3.04,365,1751
FUSD,20151030,389.76,389.99,385.30,385.74,5954,31982
FUSDH16,20151030,389.55,389.60,387.49,387.49,29,4722
FUSDM16,20151030,390.49,390.49,387.26,387.26,18,115
FUSDU16,20151030,390.80,390.80,387.58,387.58,5,81
FUSDWS,20151030,387.60,387.60,387.23,387.23,6,250
FUSDX15,20151030,387.60,387.60,387.23,387.23,6,250
FUSDZ15,20151030,389.76,389.99,385.30,385.74,5896,26564
FW20,20151030,2058,2070,2043,2064,16161,57065
FW20H1620,20151030,2067,2078,2055,2074,63,360
FW20M1620,20151030,2053,2053,2039,2041,10,152
FW20U1620,20151030,2044,2044,2035,2040,23,160
FW20WS,20151030,2058,2070,2043,2064,16065,56393
FW20Z1520,20151030,2058,2070,2043,2064,16065,56393
FW40H16,20151030,3637,3654,3637,3654,2,11
FW40Z15,20151030,3636,3670,3608,3643,662,2353
OW20A162150,20151030,34.12,34.12,32.20,32.20,2,2
OW20A162250,20151030,13.72,13.72,12.38,12.38,10,30
OW20A162300,20151030,7.23,7.80,7.08,7.80,17,22
OW20C161900,20151030,204.00,204.00,204.00,204.00,1,2
OW20C162000,20151030,130.25,130.25,127.05,127.05,2,125
OW20C162100,20151030,84.45,84.45,73.55,73.55,3,18
OW20C162300,20151030,23.97,23.97,23.87,23.87,6,62
OW20C162400,20151030,10.80,10.80,10.52,10.52,5,92
OW20C162500,20151030,4.67,4.67,4.67,4.67,4,76
OW20C162600,20151030,1.50,1.50,1.50,1.50,114,193
OW20F162000,20151030,141.00,145.00,135.00,136.00,4,33
OW20F162100,20151030,93.00,93.00,93.00,93.00,1,15
OW20F162400,20151030,18.34,18.34,18.34,18.34,2,20
OW20F162600,20151030,4.44,4.44,4.44,4.44,2,97
OW20F162700,20151030,2.01,2.01,1.50,1.50,50,213
OW20I162400,20151030,28.12,30.96,27.00,27.00,51,65
OW20I162600,20151030,8.18,8.52,8.18,8.48,30,147
OW20K151950,20151030,111.10,111.10,111.10,111.10,1,1
OW20K151975,20151030,89.75,97.75,89.75,97.75,2,1
OW20K152000,20151030,69.50,71.50,69.50,71.50,2,2
OW20K152025,20151030,56.35,62.00,49.22,58.00,49,46
OW20K152050,20151030,46.06,46.06,35.04,42.97,52,59
OW20K152075,20151030,33.16,33.16,24.23,29.36,31,115
OW20K152100,20151030,20.00,21.00,16.52,20.41,79,86
OW20K152125,20151030,14.72,15.20,10.83,12.08,11,34
OW20K152150,20151030,9.60,9.60,6.13,9.01,42,122
OW20K152175,20151030,6.12,6.12,4.27,4.48,25,36
OW20K152200,20151030,4.27,4.27,2.20,2.98,108,351
OW20K152225,20151030,2.41,2.41,2.00,2.00,28,94
OW20K152250,20151030,1.00,1.00,1.00,1.00,21,139
OW20K152275,20151030,2.00,2.00,2.00,2.00,74,76
OW20L152000,20151030,98.70,100.00,87.85,99.00,12,37
OW20L152050,20151030,68.30,68.30,64.50,65.80,29,72
OW20L152100,20151030,40.48,45.00,38.00,43.73,46,1458
OW20L152150,20151030,26.06,26.06,23.86,24.60,13,123
OW20L152200,20151030,15.57,15.57,12.60,15.17,14,1249
OW20L152250,20151030,7.40,7.90,6.40,7.22,45,1382
OW20L152300,20151030,2.50,4.30,2.50,4.04,60,563
OW20L152350,20151030,1.50,1.50,1.50,1.50,12,118
OW20L152400,20151030,1.00,1.00,1.00,1.00,5,375
OW20M161750,20151030,5.65,6.00,5.65,6.00,11,12
OW20M161850,20151030,14.88,14.88,14.88,14.88,5,15
OW20M161900,20151030,22.66,22.66,22.66,22.66,5,15
OW20M161950,20151030,32.65,32.65,32.65,32.65,1,10
OW20O161700,20151030,9.99,9.99,9.99,9.99,1,149
OW20O161800,20151030,20.50,20.50,20.50,20.50,5,125
OW20O161900,20151030,34.56,34.56,34.56,34.56,1,148
OW20O162000,20151030,68.55,70.15,68.55,70.15,11,98
OW20O162100,20151030,111.75,111.75,111.75,111.75,1,46
OW20O162500,20151030,435.15,435.15,435.15,435.15,1,35
OW20R161700,20151030,22.43,22.43,22.43,22.43,1,62
OW20R162200,20151030,214.45,222.60,199.20,199.20,8,16
OW20R162300,20151030,294.30,294.30,294.30,294.30,1,3
OW20W151800,20151030,1.50,1.50,1.50,1.50,13,99
OW20W151850,20151030,2.01,2.14,2.00,2.00,76,217
OW20W151875,20151030,2.10,2.76,2.10,2.62,37,65
OW20W151900,20151030,3.80,4.83,3.80,4.75,8,94
OW20W151925,20151030,5.34,5.34,5.33,5.33,11,31
OW20W151950,20151030,8.77,10.00,8.30,8.46,7,121
OW20W151975,20151030,11.40,13.00,8.10,8.10,38,69
OW20W152000,20151030,16.00,21.49,12.27,12.27,46,170
OW20W152025,20151030,22.92,25.50,22.92,25.50,2,81
OW20W152050,20151030,30.41,38.10,29.66,29.66,61,129
OW20W152075,20151030,48.77,48.77,41.79,41.79,15,17
OW20W152100,20151030,60.85,71.15,54.60,55.00,29,83
OW20W152200,20151030,148.95,148.95,148.95,148.95,3,4
OW20W152350,20151030,299.00,299.00,299.00,299.00,1,2
OW20X151650,20151030,1.00,1.00,0.91,0.91,12,83
OW20X151700,20151030,1.71,1.71,1.50,1.50,26,497
OW20X151750,20151030,3.45,3.45,3.45,3.45,20,277
OW20X151800,20151030,5.15,6.09,5.13,5.50,340,472
OW20X151850,20151030,9.05,9.81,9.05,9.81,13,127
OW20X151900,20151030,16.77,16.77,15.89,15.89,2,3663
OW20X151950,20151030,25.60,25.60,22.60,22.60,2,81
OW20X152000,20151030,39.66,42.09,37.90,37.90,32,660
OW20X152050,20151030,55.65,55.65,54.15,54.15,6,125
OW20X152100,20151030,84.75,84.75,78.00,78.00,3,1361
OW20X152200,20151030,151.75,164.90,151.75,164.90,14,1215
OW20X152250,20151030,194.65,213.20,194.65,213.20,3,4
OW20X152300,20151030,245.60,251.80,245.60,251.80,17,2586
06MAGNA,20151030,1.85,1.91,1.85,1.91,9
4FUNMEDIA,20151030,5.13,5.13,4.92,5.10,629
ABCDATA,20151030,3.19,3.19,3.15,3.15,7992
ABMSOLID,20151030,0.55,0.55,0.55,0.55,400
ABPL,20151030,33.52,33.52,33.16,33.18,7408
ACAUTOGAZ,20151030,31.90,31.90,30.40,30.40,460
ACE,20151030,13.77,13.79,13.43,13.78,3674
ACTION,20151030,25.10,25.10,24.70,24.76,2284
ADIUVO,20151030,30.30,30.33,29.94,29.94,1269
ADIUVO-PDA,20151030,29.40,29.50,29.00,29.40,3196
AGORA,20151030,11.50,11.60,11.50,11.56,11543
AGROTON,20151030,1.28,1.28,1.28,1.28,2779
ALCHEMIA,20151030,4.78,4.92,4.78,4.90,339
ALIOR,20151030,81.50,81.93,80.41,81.24,97094
ALMA,20151030,9.22,9.22,8.96,8.96,1082
ALTA,20151030,2.19,2.19,2.19,2.19,2709
ALTUSTFI,20151030,11.20,11.28,11.03,11.27,11890
ALUMETAL,20151030,50.20,52.40,50.20,52.30,28810
AMBRA,20151030,8.02,8.15,8.02,8.15,158
AMICA,20151030,166.65,166.95,165.30,165.30,2478
AMREST,20151030,178.00,180.65,178.00,180.65,2334
APATOR,20151030,31.10,31.19,30.76,30.76,4718
APLISENS,20151030,13.10,13.10,13.10,13.10,1
APSENERGY,20151030,5.20,5.20,5.05,5.15,21968
ARCTIC,20151030,3.09,3.09,3.05,3.06,11777
ARKASWE17,20151030,72.95,73.00,72.95,73.00,40
ARTERIA,20151030,14.30,14.79,14.11,14.17,765
ASBIS,20151030,1.23,1.25,1.21,1.23,159436
ASSECOBS,20151030,15.94,16.35,15.61,16.30,3158
ASSECOPOL,20151030,55.91,57.13,55.91,57.13,152837
ASSECOSEE,20151030,10.02,10.10,10.02,10.10,1581
ASSECOSLO,20151030,17.20,17.50,17.20,17.50,1190
ASTARTA,20151030,34.94,35.78,34.50,35.78,2494
ATAL,20151030,21.80,22.50,21.80,22.50,5673
ATENDE,20151030,2.74,2.74,2.74,2.74,1
ATLANTAPL,20151030,9.11,9.11,8.88,9.04,240
ATLANTIS,20151030,0.72,0.73,0.70,0.73,17837
ATM,20151030,9.70,9.99,9.53,9.60,14434
ATMGRUPA,20151030,3.39,3.55,3.30,3.55,111508
ATREM,20151030,4.65,4.78,4.65,4.78,570
AVIAAML,20151030,4.69,4.84,4.69,4.69,1203
AVIASG,20151030,18.83,18.83,18.83,18.83,1
BANKBPH,20151030,34.00,34.99,34.00,34.99,561
BBIDEV,20151030,0.91,0.93,0.91,0.93,28910
BENEFIT,20151030,428.00,452.00,427.95,440.00,1743
BETACOM,20151030,10.48,10.49,10.47,10.49,2506
BGZBNPP,20151030,49.48,50.00,48.80,49.89,10779
BIOMEDLUB,20151030,2.91,2.97,2.90,2.97,798
BIOTON,20151030,10.91,11.08,10.91,11.05,94583
BMPAG,20151030,2.73,2.73,2.60,2.73,532
BOGDANKA,20151030,46.23,46.23,40.63,41.21,363148
BORYSZEW,20151030,5.02,5.03,4.99,5.03,171298
BOS,20151030,22.32,22.32,22.05,22.05,695
BOWIM,20151030,2.05,2.05,2.05,2.05,650
BPHFIZMLI,20151030,87.68,87.68,87.66,87.66,400
BRASTER,20151030,14.60,14.80,14.35,14.50,15482
BRIJU,20151030,13.97,13.99,12.60,13.40,11850
BSCDRUK,20151030,35.99,35.99,35.05,35.89,5899
BUDIMEX,20151030,212.75,213.15,209.30,209.75,11619
BUMECH,20151030,0.80,0.81,0.78,0.80,14444
BYTOM,20151030,3.15,3.16,3.11,3.11,22071
BZWBK,20151030,306.35,312.95,304.80,311.70,53933
CALATRAVA,20151030,0.61,0.62,0.61,0.62,14679
CAPITAL,20151030,2.25,2.25,2.25,2.25,4500
CCC,20151030,172.45,174.00,167.50,169.00,48847
CDPROJEKT,20151030,26.50,26.80,26.50,26.60,91605
CDRL,20151030,19.20,19.20,19.15,19.15,17
CEZ,20151030,78.00,78.00,77.00,78.00,2018
CHEMOS,20151030,1.46,1.50,1.42,1.44,134197
CIECH,20151030,73.90,74.90,73.69,74.79,109309
CIGAMES,20151030,23.28,23.40,23.00,23.24,10535
CNT,20151030,8.43,8.43,8.40,8.40,11
COGNOR,20151030,1.26,1.27,1.24,1.25,66992
COLIAN,20151030,4.68,4.68,4.54,4.55,50732
COMARCH,20151030,118.15,118.70,118.00,118.45,2944
COMP,20151030,65.00,65.65,63.10,65.00,2170
CORMAY,20151030,1.94,1.99,1.94,1.98,265116
CPGROUP,20151030,6.05,6.05,6.05,6.05,1000
CUBEITG,20151030,4.66,4.88,4.66,4.87,321
CYFRPLSAT,20151030,24.60,25.05,24.31,24.91,330154
CZTOREBKA,20151030,1.10,1.10,1.06,1.06,14303
DEBICA,20151030,87.50,88.00,87.00,88.00,837
DECORA,20151030,7.35,7.35,7.26,7.26,742
DELKO,20151030,9.54,9.97,9.32,9.52,1421
DGA,20151030,5.40,5.40,5.40,5.40,1
DMWDM,20151030,0.30,0.30,0.27,0.29,187146
DOMDEV,20151030,52.05,52.38,52.05,52.21,1823
DROZAPOL,20151030,2.20,2.20,2.14,2.14,11
DTP,20151030,4.58,4.58,4.39,4.40,3625
DUDA,20151030,6.20,6.25,6.12,6.12,706
DUON,20151030,3.27,3.32,3.23,3.23,145901
ECHO,20151030,6.95,6.95,6.56,6.56,608
EDINVEST,20151030,2.32,2.32,2.32,2.32,109
EFEKT,20151030,14.70,14.70,14.00,14.46,535
EKOEXPORT,20151030,16.17,16.33,15.66,16.15,24685
ELBUDOWA,20151030,150.35,155.00,150.30,153.00,1988
ELEKTROTI,20151030,19.00,19.00,18.50,18.76,16032
ELEMENTAL,20151030,4.20,4.30,4.20,4.20,11071
ELKOP,20151030,1.35,1.35,1.29,1.29,10884
ELZAB,20151030,15.15,15.23,15.15,15.23,300
EMCINSMED,20151030,14.91,14.91,14.91,14.91,1
EMPERIA,20151030,70.00,70.98,69.36,70.00,4156
ENAP,20151030,0.91,0.91,0.91,0.91,2
ENEA,20151030,12.80,12.87,12.60,12.83,441628
ENELMED,20151030,10.45,10.45,10.10,10.10,100
ENERGA,20151030,16.71,16.74,16.34,16.50,915991
ENERGOINS,20151030,11.00,11.00,10.49,10.49,15
ERBUD,20151030,31.89,31.90,31.80,31.90,5201
ERG,20151030,21.65,21.65,21.00,21.00,61
ERGIS,20151030,4.83,4.88,4.80,4.82,44704
ESOTIQ,20151030,32.80,32.80,32.80,32.80,44
ESSYSTEM,20151030,2.82,2.82,2.82,2.82,335
ETFDAX,20151030,448.26,448.26,443.15,443.50,20
ETFSP500,20151030,83.00,83.45,82.34,82.34,7942
ETFW20L,20151030,238.00,238.42,235.63,237.90,632
EUCO,20151030,50.00,50.69,48.62,50.00,4320
EUROCASH,20151030,50.71,52.47,50.47,52.19,569607
EUROHOLD,20151030,5.40,5.95,5.40,5.95,1468
EUROTEL,20151030,16.97,16.97,16.31,16.94,593
EVEREST,20151030,2.02,2.02,1.96,2.00,1994
FAMUR,20151030,1.82,1.87,1.81,1.82,9266
FARMACOL,20151030,64.11,64.25,64.01,64.01,811
FASING,20151030,17.10,17.10,17.00,17.07,106
FASTFIN,20151030,0.64,0.64,0.62,0.62,7885
FEERUM,20151030,20.74,20.75,20.74,20.75,10
FERRO,20151030,11.15,11.37,11.14,11.20,20633
FERRUM,20151030,4.77,4.77,4.50,4.61,2391
FON,20151030,0.62,0.64,0.61,0.64,5580
FORTE,20151030,56.32,57.70,56.10,56.70,44694
FOTA,20151030,0.65,0.69,0.63,0.66,49556
GETIN,20151030,1.61,1.62,1.58,1.60,83998
GETINOBLE,20151030,0.80,0.81,0.79,0.80,4005798
GINOROSSI,20151030,2.41,2.47,2.38,2.45,3308
GLCOSMED,20151030,4.45,4.45,4.30,4.45,3355
GPW,20151030,40.54,41.30,40.54,41.00,48612
GRAAL,20151030,31.66,32.76,31.66,32.71,2808
GRAJEWO,20151030,26.00,26.10,25.58,25.84,2071
GREMMEDIA,20151030,1.66,1.82,1.66,1.82,5991
GROCLIN,20151030,13.21,13.95,13.21,13.95,18944
GRODNO,20151030,5.50,5.68,5.50,5.67,2190
GRUPAAZOTY,20151030,90.24,92.30,90.24,92.09,45835
GTC,20151030,6.71,6.78,6.70,6.72,336399
GTC-PDA,20151030,6.74,6.90,6.72,6.72,15200
HANDLOWY,20151030,79.20,79.50,78.20,78.69,27539
HARPER,20151030,1.93,1.93,1.93,1.93,1
HAWE,20151030,0.90,0.90,0.88,0.88,525031
HELIO,20151030,4.50,4.50,4.30,4.30,3363
HERKULES,20151030,4.13,4.22,4.13,4.22,9049
HUBSTYLE,20151030,1.03,1.03,1.03,1.03,1
HYDROTOR,20151030,37.94,37.94,36.91,37.80,236
HYPERION,20151030,3.34,3.34,3.17,3.34,330
IDEABANK,20151030,25.60,25.90,25.60,25.90,246
IDMSA,20151030,1.50,1.50,1.49,1.49,6075
IFCAPITAL,20151030,2.00,2.20,1.68,1.80,1334458
IFSA,20151030,0.79,0.84,0.73,0.77,142170
IMCOMPANY,20151030,6.50,6.70,6.50,6.64,600
IMMOBILE,20151030,2.35,2.38,2.30,2.38,5560
IMPEL,20151030,29.30,29.50,27.90,27.90,5911
IMPERA,20151030,1.60,1.60,1.55,1.55,805
IMPEXMET,20151030,2.73,2.73,2.69,2.69,37657
IMS,20151030,2.07,2.07,1.99,1.99,6060
INC,20151030,2.23,2.23,2.10,2.23,4461
INDATA,20151030,0.88,0.92,0.87,0.92,119528
INDYGO,20151030,0.96,0.96,0.89,0.89,587314
INDYKPOL,20151030,94.75,94.75,92.52,94.59,25
INGBSK,20151030,122.95,124.90,120.85,121.10,18822
INPOST,20151030,21.50,22.80,21.50,22.50,7376
INPRO,20151030,4.03,4.03,4.03,4.03,5
INSTALKRK,20151030,12.31,12.31,11.73,12.07,6409
INTEGERPL,20151030,115.00,116.70,114.50,115.20,14048
INTERAOLT,20151030,18.25,18.25,18.25,18.25,455
INTERBUD,20151030,2.52,2.52,2.27,2.39,8377
INTERCARS,20151030,238.00,239.95,235.00,236.60,3318
INTERSPPL,20151030,2.80,2.85,2.76,2.85,2190
INTROL,20151030,9.80,9.80,9.80,9.80,50
INVISTA,20151030,2.28,2.28,2.21,2.21,3525
INVPEFIZ,20151030,945.00,946.50,945.00,946.50,15
IPERMFIZ,20151030,61.10,62.25,61.10,61.85,139
IPOPEMA,20151030,2.87,2.93,2.87,2.92,185
IQP,20151030,0.82,0.82,0.78,0.78,1502
IVMX,20151030,5.98,5.98,5.98,5.98,1
IZOBLOK,20151030,131.45,139.95,129.00,135.00,1405
IZOLACJA,20151030,1.35,1.35,1.35,1.35,1
IZOSTAL,20151030,4.95,5.37,4.95,5.37,6565
JHMDEV,20151030,1.65,1.65,1.65,1.65,732
JSW,20151030,13.39,13.48,13.22,13.23,218476
JWCONSTR,20151030,4.83,4.83,4.47,4.80,75269
K2INTERNT,20151030,14.10,14.35,14.10,14.28,2578
KANIA,20151030,2.90,2.90,2.86,2.87,2379
KERDOS,20151030,0.49,0.51,0.47,0.49,757545
KERNEL,20151030,52.49,52.65,51.50,52.20,82737
KETY,20151030,278.15,278.50,273.35,278.00,5351
KGHM,20151030,91.00,91.50,89.00,89.86,1162415
KINOPOL,20151030,14.10,14.10,14.10,14.10,250
KOFOLA,20151030,56.99,56.99,56.00,56.00,96
KOGENERA,20151030,71.79,71.80,71.79,71.80,251
KOMPUTRON,20151030,8.67,8.86,8.67,8.85,1496
KONSSTALI,20151030,36.48,36.48,35.01,36.00,9003
KOPEX,20151030,5.99,6.08,5.98,5.99,8995
KRAKCHEM,20151030,4.10,4.19,4.10,4.19,4622
KREDYTIN,20151030,26.37,26.98,26.00,26.42,18038
KREZUS,20151030,4.58,4.63,4.53,4.63,338
KRKA,20151030,260.00,280.00,260.00,280.00,501
KRUK,20151030,182.00,184.60,181.10,183.95,9238
KRUSZWICA,20151030,53.00,55.10,53.00,55.10,1532
KSGAGRO,20151030,1.10,1.12,1.10,1.12,135
LARQ,20151030,5.96,5.96,5.96,5.96,4
LCCORP,20151030,1.99,1.99,1.96,1.98,80695
LENA,20151030,4.41,4.41,4.40,4.40,3175
LENTEX,20151030,9.10,9.40,9.10,9.36,11729
LIBET,20151030,2.45,2.45,2.36,2.41,2440
LIVECHAT,20151030,34.05,34.98,34.05,34.40,6911
LMDSFIZ,20151030,1101.10,1111.00,1101.10,1111.00,30
LOTOS,20151030,28.00,28.58,27.75,28.46,258903
LPP,20151030,7510.10,7589.80,7273.00,7294.30,1444
LSISOFT,20151030,3.83,3.93,3.83,3.93,2059
LUBAWA,20151030,1.08,1.11,1.07,1.09,123199
MABION,20151030,47.00,47.98,46.46,46.92,7099
MAGELLAN,20151030,57.64,59.00,56.04,57.00,1442
MAKARONPL,20151030,5.68,5.84,5.68,5.84,96
MARVIPOL,20151030,6.69,6.78,6.69,6.78,230
MBANK,20151030,363.50,365.95,360.10,363.00,23261
MCI,20151030,12.14,12.30,12.14,12.15,7029
MCLOGIC,20151030,38.70,38.70,37.80,37.80,1287
MEDIATEL,20151030,0.99,1.04,0.99,1.04,1630
MEDICALG,20151030,223.90,228.90,222.75,228.90,1162
MENNICA,20151030,14.48,15.02,14.40,15.02,17214
MERCATOR,20151030,18.20,18.29,18.10,18.29,5613
MERCOR,20151030,9.74,9.74,9.70,9.70,28719
MEXPOLSKA,20151030,3.90,3.90,3.90,3.90,1
MFO,20151030,11.80,11.80,11.79,11.79,148
MIDAS,20151030,0.63,0.63,0.62,0.63,121333
MILKILAND,20151030,1.80,1.95,1.71,1.90,97019
MILLENNIUM,20151030,6.29,6.29,6.08,6.12,1519385
MIRACULUM,20151030,2.79,2.90,2.79,2.90,20715
MIRBUD,20151030,1.14,1.15,1.12,1.15,71994
MLPGROUP,20151030,34.00,34.00,33.72,33.72,305
MNI,20151030,0.82,0.84,0.82,0.84,4000
MOBRUK,20151030,8.95,8.95,8.95,8.95,25
MONNARI,20151030,16.50,16.70,16.50,16.69,33828
MOSTALPLC,20151030,15.30,15.40,15.30,15.40,505
MOSTALWAR,20151030,13.92,14.34,13.82,14.30,2033
MOSTALZAB,20151030,1.76,1.77,1.75,1.75,13266
MWTRADE,20151030,16.00,16.00,15.51,15.51,1719
NETIA,20151030,5.52,5.55,5.48,5.52,398995
NETMEDIA,20151030,5.28,5.28,4.93,5.10,8
NEUCA,20151030,346.00,349.80,346.00,349.80,590
NEWAG,20151030,16.40,16.40,16.07,16.40,12515
NFIEMF,20151030,3.40,3.40,3.25,3.25,769
NORTCOAST,20151030,6.00,6.00,5.90,5.90,31
NOVITA,20151030,50.00,51.88,50.00,51.88,278
NTTSYSTEM,20151030,2.40,2.40,2.30,2.36,1097
OPENFIN,20151030,4.17,4.17,4.10,4.17,2654
OPERA3GR,20151030,270.00,270.00,270.00,270.00,5
OPONEO.PL,20151030,23.60,24.90,23.60,24.90,30558
OPTEAM,20151030,9.54,9.54,9.54,9.54,1
ORANGEPL,20151030,7.07,7.12,7.01,7.09,2601773
ORBIS,20151030,58.49,59.50,58.15,59.00,3449
ORCOGROUP,20151030,1.21,1.23,1.16,1.22,14060
ORZBIALY,20151030,7.16,7.16,7.02,7.02,20
OTMUCHOW,20151030,6.60,6.60,6.60,6.60,406
OVOSTAR,20151030,88.50,91.01,87.55,87.62,223
PAGED,20151030,53.99,53.99,53.20,53.98,462
PAMAPOL,20151030,1.39,1.39,1.30,1.31,48189
PANOVA,20151030,19.11,19.11,18.73,18.80,392
PATENTUS,20151030,0.77,0.77,0.77,0.77,50
PBG,20151030,2.21,2.26,2.21,2.22,10109
PCCEXOL,20151030,3.14,3.15,3.14,3.15,50
PCCINTER,20151030,2.29,2.29,2.29,2.29,14
PCCROKITA,20151030,40.60,40.60,39.69,40.35,995
PCM,20151030,41.70,41.70,41.07,41.49,3445
PEKABEX,20151030,11.78,11.80,11.54,11.80,1692
PEKAES,20151030,12.79,13.48,12.71,13.48,9987
PEKAO,20151030,149.50,151.30,147.50,150.25,583052
PELION,20151030,60.81,61.71,60.80,60.82,418
PEMANAGER,20151030,127.00,132.00,127.00,132.00,30
PEP,20151030,27.10,27.48,25.30,27.48,33017
PEPEES,20151030,0.56,0.56,0.55,0.56,14807
PGE,20151030,13.90,14.39,13.84,14.39,2914704
PGNIG,20151030,6.87,6.92,6.84,6.86,4679750
PGODLEW,20151030,5.69,5.69,5.69,5.69,210
PHN,20151030,19.39,20.00,19.39,19.65,2482
PKNORLEN,20151030,62.96,63.30,62.45,62.77,1247141
PKOBP,20151030,29.07,29.07,28.12,28.64,3849809
PKOGS,20151030,101.56,101.61,101.56,101.61,785
PKPCARGO,20151030,66.00,66.87,65.20,66.40,14397
PLASTBOX,20151030,2.19,2.26,2.19,2.26,7615
PLATYNINW,20151030,3.85,4.05,3.83,4.02,6506
POLICE,20151030,24.30,24.88,24.21,24.85,2964
POLMED,20151030,3.36,3.36,3.31,3.36,2723
POLNA,20151030,26.00,26.00,26.00,26.00,94
POLNORD,20151030,12.00,12.30,11.92,12.00,152582
POLWAX,20151030,15.33,15.48,15.12,15.17,5237
POZBUD,20151030,5.97,5.97,5.97,5.97,3
PRAGMAFA,20151030,13.20,13.33,13.00,13.00,260
PRAGMAINK,20151030,10.70,10.70,10.50,10.70,268
PRAIRIE,20151030,0.75,0.77,0.73,0.74,83727
PRESCO,20151030,5.29,5.29,5.10,5.10,731
PRIMAMODA,20151030,1.54,1.56,1.54,1.56,539
PROCAD,20151030,1.72,1.81,1.72,1.80,1318
PROCHEM,20151030,17.97,17.97,17.24,17.69,1763
PROCHNIK,20151030,1.07,1.10,1.07,1.07,115757
PROJPRZEM,20151030,7.36,7.36,7.25,7.30,967
PROTEKTOR,20151030,3.04,3.06,3.01,3.06,11189
PSG,20151030,0.66,0.66,0.66,0.66,600
PTI,20151030,0.40,0.40,0.38,0.39,144001
PULAWY,20151030,175.00,178.00,174.00,178.00,778
PWRMEDIA,20151030,1.27,1.27,1.18,1.18,12851
PZU,20151030,374.00,377.80,371.80,375.75,176686
PZUAKORD,20151030,98.00,98.00,98.00,98.00,20
QUANTUM,20151030,6.00,6.00,6.00,6.00,50
QUERCUS,20151030,6.59,6.60,6.30,6.54,50175
QUMAK,20151030,9.61,9.71,9.51,9.71,4979
RADPOL,20151030,6.38,6.42,6.36,6.42,2570
RAFAKO,20151030,6.86,6.86,6.74,6.75,65409
RAINBOW,20151030,25.80,25.80,25.20,25.80,8173
RANKPROGR,20151030,1.05,1.09,0.99,1.03,965795
RAWLPLUG,20151030,8.89,8.89,8.74,8.89,21455
RCCRUAOPEN,20151030,9.60,9.60,9.54,9.54,385
RCENA10117,20151030,869.91,869.91,869.91,869.91,2
RCGBSH11116,20151030,1090.47,1090.47,1090.03,1090.03,170
RCGLDAOPEN,20151030,446.92,446.92,444.90,445.12,26
RCLNAGOPEN,20151030,5.90,5.91,5.80,5.91,2761
RCMBK11116,20151030,793.83,793.83,793.83,793.83,3
RCNIKAOPEN,20151030,61.00,61.00,61.00,61.00,20
RCSCEAOPEN,20151030,75.57,75.57,75.57,75.57,22
RCSFW2OPEN,20151030,109.94,109.94,109.94,109.94,100
RCSUGAOPEN,20151030,3.66,3.66,3.66,3.66,100
RCWHTAOPEN,20151030,8.76,8.76,8.76,8.76,150
REDAN,20151030,2.18,2.18,2.01,2.09,6483
REDWOOD,20151030,5.88,5.88,5.88,5.88,10
REINHOLD,20151030,0.44,0.44,0.44,0.44,2459
RELPOL,20151030,7.08,7.10,6.95,7.07,8638
REMAK,20151030,22.70,22.70,22.60,22.60,2
RESBUD,20151030,1.81,1.94,1.73,1.87,23985
ROBYG,20151030,2.50,2.53,2.50,2.53,204637
ROPCZYCE,20151030,21.96,22.00,21.94,22.00,221
RUBICON,20151030,1.29,1.30,1.29,1.29,771
SANOK,20151030,57.40,57.75,57.15,57.30,8598
SANTANDER,20151030,22.00,22.00,21.99,21.99,181
SCOPAK,20151030,3.05,3.05,2.97,3.05,1117
SECOGROUP,20151030,21.79,21.79,21.79,21.79,50
SEKO,20151030,5.70,5.70,5.70,5.70,50
SELENAFM,20151030,17.71,18.00,17.71,18.00,652
SELVITA,20151030,21.50,21.99,21.50,21.50,1522
SERINUS,20151030,2.04,2.05,2.01,2.02,23279
SFINKS,20151030,3.55,3.60,3.55,3.60,28969
SILVANO,20151030,5.53,5.53,5.53,5.53,6002
SIMPLE,20151030,9.55,9.60,9.55,9.60,5920
SKARBIEC,20151030,32.50,32.50,32.10,32.50,329
SKOK,20151030,1.66,1.66,1.65,1.65,1200
SKOTAN,20151030,0.57,0.57,0.56,0.56,49378
SMT,20151030,15.65,16.00,15.62,15.62,8806
SNIEZKA,20151030,53.65,53.99,52.01,53.99,340
SOBIESKI,20151030,82.00,82.00,81.70,81.70,91
SOHODEV,20151030,1.21,1.22,1.21,1.22,4444
SOLAR,20151030,1.44,1.47,1.44,1.47,2607
SONEL,20151030,13.39,13.48,13.38,13.38,334
SOPHARMA,20151030,7.60,8.30,7.60,8.00,105
STALEXP,20151030,3.14,3.21,3.10,3.20,182626
STALPROD,20151030,320.00,320.00,320.00,320.00,47
STALPROFI,20151030,12.13,12.13,11.88,12.00,5408
STAPORKOW,20151030,4.32,4.32,4.21,4.22,16827
STARHEDGE,20151030,0.72,0.72,0.68,0.71,749
SUWARY,20151030,10.84,10.84,10.35,10.84,127
SWISSMED,20151030,1.89,1.89,1.89,1.89,535
SYGNITY,20151030,10.75,10.78,10.22,10.30,36099
SYNEKTIK,20151030,16.00,16.00,15.65,15.90,1742
SYNTHOS,20151030,3.73,3.76,3.69,3.69,450779
TALEX,20151030,18.10,18.90,18.10,18.75,3142
TARCZYNSKI,20151030,13.21,13.31,13.16,13.30,1303
TATRY,20151030,110.95,112.00,110.80,112.00,50
TAURONPE,20151030,3.01,3.03,2.92,3.03,4369224
TERESA,20151030,15.25,15.25,15.08,15.08,2
TERMOREX,20151030,3.29,3.29,3.07,3.20,3913
TESGAS,20151030,3.53,3.53,3.51,3.51,457
TFONE,20151030,3.15,3.20,3.14,3.20,36060
TIM,20151030,9.40,9.48,9.06,9.30,50774
TORPOL,20151030,12.42,12.58,12.42,12.50,7902
TOYA,20151030,5.15,5.15,5.03,5.05,51417
TRAKCJA,20151030,9.95,10.19,9.94,10.13,41290
TRANSPOL,20151030,5.40,5.55,5.35,5.35,27788
TRITON,20151030,2.00,2.00,2.00,2.00,4
ULMA,20151030,78.00,78.00,78.00,78.00,501
UNIBEP,20151030,11.07,11.30,10.91,11.30,65821
UNIMA,20151030,2.54,2.54,2.54,2.54,50
UNIWHEELS,20151030,120.60,121.30,120.50,121.30,2219
URSUS,20151030,2.89,2.96,2.89,2.96,69532
VANTAGE,20151030,2.60,2.60,2.60,2.60,130
VARIANT,20151030,1.79,1.79,1.77,1.77,1790
VINDEXUS,20151030,6.00,6.03,5.95,5.98,5887
VISTAL,20151030,11.30,11.30,11.07,11.28,217
VISTULA,20151030,2.99,3.02,2.98,3.00,141635
VOTUM,20151030,16.68,16.68,16.67,16.67,1212
VOXEL,20151030,17.91,18.43,17.91,18.30,16691
WADEX,20151030,4.30,4.30,4.29,4.30,210
WARIMPEX,20151030,3.20,3.23,3.20,3.23,74
WASKO,20151030,1.87,2.01,1.87,1.95,48688
WAWEL,20151030,1126.00,1126.00,1061.00,1086.00,956
WDX,20151030,5.40,5.40,5.39,5.40,17652
WIELTON,20151030,7.50,7.80,7.50,7.80,5063
WIKANA,20151030,1.31,1.37,1.31,1.37,1375
WILBO,20151030,1.25,1.25,1.23,1.25,9520
WINDMOBIL,20151030,7.60,7.68,7.60,7.68,1510
WINVEST,20151030,4.14,4.14,4.14,4.14,4
WIRTUALNA,20151030,40.80,40.80,40.51,40.80,2940
WOJAS,20151030,7.69,7.71,7.58,7.58,1626
WORKSERV,20151030,15.60,15.60,15.50,15.50,10588
ZAMET,20151030,2.05,2.05,1.99,2.00,39939
ZASTAL,20151030,0.69,0.71,0.69,0.71,26447
ZEPAK,20151030,11.98,11.98,11.30,11.50,32400
ZETKAMA,20151030,92.90,92.90,90.51,90.55,169
ZPUE,20151030,350.00,350.00,347.00,349.00,9
ZUE,20151030,8.23,8.51,8.23,8.50,4625
ZYWIEC,20151030,410.00,415.00,410.00,415.00,47
INVESTORMS,20151030,3732.91,3732.91,3730.05,3730.05,107081.558
MWIG40,20151030,3691.26,3705.87,3675.05,3681.26,79935.553
NCINDEX30,20151030,1056.23,1061.27,1048.73,1060.67,2065.995
RESPECT,20151030,2553.35,2558.60,2536.15,2553.85,434525.956
SWIG80,20151030,13577.82,13605.23,13539.92,13605.23,17675.855
WIG,20151030,50287.77,50344.86,49992.51,50271.65,788041.304
WIG-BANKI,20151030,6569.00,6569.00,6523.52,6562.21,247621.705
WIG-BUDOW,20151030,3092.18,3106.50,3092.18,3106.50,4912.672
WIG-CEE,20151030,770.11,771.76,770.11,770.14,4993.500
WIG-CHEMIA,20151030,15118.09,15144.40,15082.80,15144.40,14302.941
WIG-DEWEL,20151030,1467.68,1467.68,1453.13,1453.13,6466.096
WIG-ENERG,20151030,3268.85,3325.03,3264.95,3325.03,76538.230
WIG-INFO,20151030,1690.40,1696.68,1690.12,1696.68,13416.752
WIG-MEDIA,20151030,4434.13,4507.56,4434.13,4507.56,8938.496
WIG-PALIWA,20151030,4657.74,4657.74,4647.09,4647.09,118337.481
WIG-POLAND,20151030,51311.94,51348.66,51117.88,51348.66,782479.823
WIG-SPOZYW,20151030,3622.13,3622.13,3605.83,3605.83,6206.107
WIG-SUROWC,20151030,2724.07,2724.07,2716.44,2722.29,123068.889
WIG-TELKOM,20151030,860.00,863.85,859.45,863.85,21118.330
WIG-UKRAIN,20151030,401.57,404.53,401.57,404.20,4620.954
WIG20,20151030,2059.50,2064.57,2042.72,2060.03,679098.232
WIG20LEV,20151030,622.35,625.41,612.21,622.67,679098.232
WIG20SHORT,20151030,3822.62,3853.77,3813.21,3821.64,679098.232
WIG20TR,20151030,3376.83,3384.30,3362.19,3384.30,679098.232
WIG30,20151030,2293.62,2296.85,2277.48,2293.22,714726.344
WIG30TR,20151030,3720.26,3724.37,3704.17,3724.37,714726.344
WIGDIV,20151030,1071.68,1077.35,1066.87,1076.36,467960.384
08OCTAVA,20151030,1.20,1.20,1.20,1.20,1442
ALTERCO,20151030,0.20,0.20,0.17,0.17,12228
BERLING,20151030,4.27,4.27,4.27,4.27,1
CASHFLOW,20151030,0.19,0.20,0.19,0.20,4401
CFI,20151030,15.44,15.44,13.18,13.18,1021
COALENERG,20151030,0.70,0.70,0.70,0.70,1398
DREWEX,20151030,1.05,1.05,1.05,1.05,100
EFH,20151030,0.05,0.05,0.05,0.05,2400
EKANCELAR,20151030,0.02,0.02,0.02,0.02,40000
FAM,20151030,1.62,1.65,1.62,1.65,37285
HUTMEN,20151030,5.00,5.00,5.00,5.00,1210
IDEON,20151030,0.02,0.02,0.01,0.01,35814
INTERFERI,20151030,4.45,4.45,4.45,4.45,1000
KCI,20151030,0.03,0.03,0.03,0.03,82712
MIT,20151030,0.14,0.14,0.14,0.14,53002
MSXRESOUR,20151030,0.42,0.42,0.42,0.42,877
NEWWORLDR,20151030,0.03,0.03,0.03,0.03,75097
PBOANIOLA,20151030,0.11,0.11,0.10,0.10,3500
PBSFINANSE,20151030,3.78,3.79,3.78,3.79,16368
PETROLINV,20151030,0.12,0.13,0.12,0.13,788295
PLAZACNTR,20151030,0.12,0.12,0.12,0.12,125393
POLCOLORIT,20151030,1.04,1.04,0.95,0.95,9752
POLIMEXMS,20151030,5.62,5.72,5.62,5.72,35939
REGNON,20151030,1.51,1.51,1.51,1.51,650
SANWIL,20151030,0.83,0.85,0.83,0.85,1084
SKYLINE,20151030,0.51,0.51,0.50,0.50,1571
SKYSTONE,20151030,3.35,3.35,3.35,3.35,3
ZREMB,20151030,1.06,1.06,1.05,1.05,3700
01CYBATON,20151030,3.00,3.18,3.00,3.10,79810
11BIT,20151030,70.00,71.00,69.20,71.00,2576
2CPARTNER,20151030,0.60,0.60,0.60,0.60,16
2INTELLECT,20151030,0.40,0.40,0.40,0.40,30
ABPOL,20151030,0.20,0.21,0.19,0.20,23155
ABSINVEST,20151030,1.86,1.87,1.85,1.87,5542
ACARTUS,20151030,0.28,0.28,0.28,0.28,100
ACREBIT,20151030,2.00,2.06,1.99,2.06,1266
ADFORM,20151030,7.50,7.50,7.50,7.50,5
ADMIRAL,20151030,0.32,0.32,0.32,0.32,24095
ADVOCULAR,20151030,2.17,2.17,1.90,2.03,7331
AEDES,20151030,0.84,0.84,0.84,0.84,280
AERFINANC,20151030,0.30,0.30,0.30,0.30,40
AFHOL,20151030,2.00,2.00,2.00,2.00,196
AGROLIGA,20151030,15.60,15.60,15.02,15.02,1485
AGROTOUR,20151030,0.44,0.44,0.44,0.44,100
AIRWAY,20151030,1.65,1.65,1.65,1.65,700
AITON,20151030,1.09,1.10,1.09,1.09,250
ALDA,20151030,1.50,1.50,1.50,1.50,15
ALEJA,20151030,0.26,0.27,0.26,0.27,9858
ALFASTAR,20151030,0.10,0.12,0.08,0.08,7500
ALKAL,20151030,1.13,1.13,1.10,1.10,449
ALUMAST,20151030,1.19,1.21,1.19,1.21,6239
APANET,20151030,5.23,6.25,5.23,6.08,6713
APIS,20151030,0.03,0.03,0.03,0.03,500
ARAMUS,20151030,0.82,0.82,0.82,0.82,100
ARI,20151030,0.63,0.63,0.63,0.63,20
ARRINERA,20151030,10.98,10.98,10.98,10.98,653
ARTBIZNES,20151030,0.30,0.30,0.30,0.30,30
ARTNEWMED,20151030,0.02,0.02,0.02,0.02,500
ARTNEWS,20151030,1.68,1.68,1.68,1.68,1
ARTP,20151030,0.10,0.10,0.10,0.10,100
ASMGROUP,20151030,2.26,2.28,2.26,2.28,1582
ASTORIA,20151030,3.70,3.70,3.23,3.25,2934
ATCCARGO,20151030,2.78,2.79,2.78,2.79,3
ATONHT,20151030,0.16,0.16,0.16,0.16,210
AUTOSPA,20151030,4.40,4.60,4.30,4.60,475
AZTEC,20151030,2.95,2.95,2.95,2.95,5
B2BPARTNER,20151030,0.18,0.18,0.15,0.18,35805
BALTICINV,20151030,0.87,0.89,0.85,0.89,36921
BALTICON,20151030,13.25,14.25,13.25,14.25,214
BBCONSULT,20151030,3.75,3.80,3.60,3.80,930
BDF,20151030,32.70,35.00,32.70,35.00,36
BETOMAX,20151030,3.00,3.00,3.00,3.00,862
BGE,20151030,0.29,0.29,0.29,0.29,150
BINARY,20151030,0.21,0.21,0.21,0.21,57
BIOERG,20151030,0.23,0.23,0.23,0.23,100
BIOGENED,20151030,12.00,12.00,12.00,12.00,1
BIOMASS,20151030,1.53,1.53,1.45,1.53,2090
BIOMAX,20151030,0.13,0.15,0.13,0.14,1793221
BIOMAXIMA,20151030,4.23,4.23,4.06,4.15,3041
BIOPLANET,20151030,15.00,15.98,14.99,15.98,108
BLIRT,20151030,1.80,1.80,1.80,1.80,33
BLOOBER,20151030,35.90,37.39,35.00,36.98,1947
BLUETAX,20151030,0.01,0.01,0.01,0.01,500
BLUMERANG,20151030,1.50,1.50,1.38,1.38,2044
BOA,20151030,0.33,0.33,0.33,0.33,40
BOOMERANG,20151030,0.40,0.41,0.40,0.41,26350
BORUTA,20151030,0.24,0.25,0.23,0.25,482674
BPC,20151030,0.58,0.58,0.58,0.58,20
BROADGATE,20151030,0.78,0.78,0.78,0.78,13
BVT,20151030,1.64,1.78,1.56,1.78,29766
CCTOOLS,20151030,0.29,0.29,0.29,0.29,52
CDE,20151030,0.14,0.16,0.14,0.16,2740
CENTURION,20151030,0.24,0.25,0.23,0.25,20450
CEREALPLT,20151030,12.19,12.19,12.19,12.19,1
CFBPS,20151030,6.25,6.25,6.25,6.25,1
CLOUD,20151030,96.70,98.00,94.50,98.00,404
COLUMBUS,20151030,0.24,0.26,0.24,0.26,174708
COMECO,20151030,0.44,0.44,0.41,0.44,2908
COPERNIC,20151030,11.74,11.74,11.00,11.37,229
CTE,20151030,5.35,5.35,5.35,5.35,1
CWPE,20151030,0.13,0.13,0.13,0.13,16896
DANKS,20151030,0.82,0.87,0.82,0.87,663
DASE,20151030,0.44,0.44,0.44,0.44,30
DEKTRA,20151030,9.25,9.25,9.25,9.25,6
DENTAMDC,20151030,0.01,0.01,0.01,0.01,300
DEVORAN,20151030,0.58,0.65,0.58,0.65,2004
DOMENOMAN,20151030,0.50,0.50,0.49,0.49,2100
DOMLEK,20151030,17.70,17.70,17.70,17.70,1
DORADCY24,20151030,0.01,0.01,0.01,0.01,211218
EASTSIDE,20151030,1.52,1.64,1.51,1.52,7666
EASTSIDE-PP,20151030,0.01,0.01,0.01,0.01,1000
EBC,20151030,1.01,1.06,0.98,1.06,5600
EC2,20151030,0.97,1.01,0.97,1.01,4393
ECA,20151030,1.49,1.49,1.49,1.49,20
ECERAMICS,20151030,0.01,0.01,0.01,0.01,493130
EDISON,20151030,1.20,1.20,1.20,1.20,6
EFENERGII,20151030,0.95,0.95,0.95,0.95,100
EFICOM,20151030,0.51,0.55,0.46,0.55,4925
EFIXDM,20151030,13.05,13.05,13.05,13.05,2
EGB,20151030,3.75,3.75,3.49,3.49,555
EKIOSK,20151030,0.67,0.74,0.67,0.74,5111
EKOKOGEN,20151030,1.10,1.12,1.04,1.12,7701
EMMERSON,20151030,0.05,0.05,0.05,0.05,100052
EMONT,20151030,0.90,0.90,0.90,0.90,21900
EONET,20151030,6.10,6.19,6.10,6.19,15
EQUITIER,20151030,1.88,1.88,1.88,1.88,10
ERNE,20151030,5.45,5.52,5.20,5.46,28867
ERS,20151030,0.28,0.28,0.28,0.28,50
ESKIMOS,20151030,0.32,0.32,0.31,0.31,11077
EUROCENT,20151030,10.30,10.30,9.80,10.00,936
EUROSNACK,20151030,1.02,1.02,1.02,1.02,1000
EUROTAX,20151030,2.58,2.58,2.58,2.58,533
EXAMOBILE,20151030,2.77,2.77,2.77,2.77,5
EXCELLENC,20151030,1.64,1.64,1.55,1.55,11
EZO,20151030,4.90,4.90,3.78,3.78,21698
FABRYKAKD,20151030,0.75,0.88,0.75,0.87,8165
FACHOWCY,20151030,0.18,0.18,0.18,0.18,100
FARM51,20151030,13.95,14.00,13.60,14.00,19045
FLUID,20151030,0.88,0.90,0.88,0.90,23158
FLYPL,20151030,0.37,0.38,0.34,0.36,2364893
FOREVEREN,20151030,0.55,0.55,0.51,0.52,47868
FORPOSTA,20151030,0.95,0.95,0.95,0.95,50
FUTURIS,20151030,0.68,0.70,0.68,0.70,705
GALVO,20151030,1.45,1.45,1.45,1.45,50
GCINVEST,20151030,0.44,0.48,0.44,0.48,800
GEKOPLAST,20151030,9.90,10.20,9.90,9.90,11331
GENOMED,20151030,16.80,16.80,16.80,16.80,10
GENRG,20151030,0.13,0.14,0.12,0.13,120924
GEOTRANS,20151030,5.82,5.82,5.82,5.82,300
GLGPHARMA,20151030,0.06,0.06,0.06,0.06,435002
GLOBALTR,20151030,0.05,0.05,0.05,0.05,550
GOLAB,20151030,0.36,0.36,0.36,0.36,50
GONTYNIEC,20151030,1.45,1.45,1.45,1.45,25
GRAPHIC,20151030,1.00,1.04,0.80,1.04,3913
GREMPCO,20151030,0.14,0.14,0.14,0.14,1250
GRJAGUAR,20151030,0.83,0.83,0.83,0.83,100
GRUPAEMM,20151030,0.15,0.18,0.15,0.18,184505
GRUPAHRC,20151030,2.86,2.86,2.86,2.86,10
GRUPAREC,20151030,13.94,13.94,13.94,13.94,2
GTRINITY,20151030,5.00,5.00,5.00,5.00,100
HAMBURGER,20151030,1.21,1.21,1.21,1.21,10
HEFAL,20151030,0.24,0.24,0.24,0.24,150
HETAN,20151030,0.92,1.32,0.92,1.32,5650
HMINWEST,20151030,9.15,9.15,9.06,9.06,30
HOLLYWOOD,20151030,4.00,4.00,4.00,4.00,300
HYDRAPRES,20151030,0.32,0.32,0.31,0.31,3936
HYDROPHI,20151030,0.21,0.21,0.21,0.21,50
I3D,20151030,0.65,0.65,0.65,0.65,30
IAI,20151030,5.15,5.15,5.00,5.00,1500
IAP,20151030,0.45,0.45,0.45,0.45,285
IFM,20151030,0.55,0.55,0.55,0.55,30
IGORIA,20151030,1.00,1.00,1.00,1.00,27890
IMAGIS,20151030,0.22,0.26,0.22,0.22,11557
INBOOK,20151030,0.41,0.42,0.41,0.42,600
INDEXMEDI,20151030,2.38,2.45,2.38,2.45,1200
INFRA,20151030,2.40,2.46,2.12,2.34,89740
INTELIWIS,20151030,1.55,1.57,1.55,1.57,1975
INTERNITY,20151030,1.00,1.00,1.00,1.00,20
INVENTI,20151030,1.75,1.75,1.75,1.75,10
INVESTEKO,20151030,1.90,1.90,1.90,1.90,20
INVICO,20151030,0.20,0.20,0.20,0.20,2575
IPODS,20151030,0.31,0.45,0.31,0.45,2950
IPOSA,20151030,0.06,0.07,0.06,0.07,364
IU,20151030,3.06,3.06,3.06,3.06,10
JRHOLDING,20151030,0.58,0.59,0.55,0.59,7021
JUJUBEE,20151030,10.99,11.10,10.80,11.08,9171
KANCELWEC,20151030,0.40,0.40,0.36,0.40,2030
KKHERBAL,20151030,0.31,0.32,0.29,0.32,1800
KLASZTORNE,20151030,0.09,0.11,0.08,0.11,115416
KLEBAINV,20151030,3.05,3.22,2.52,3.11,2350
KLON,20151030,1.50,1.63,1.28,1.28,1800
KME,20151030,3.44,3.61,3.05,3.40,7810
KOMPLEKS,20151030,0.62,0.71,0.57,0.71,11615
KORBANK,20151030,1.66,1.66,1.66,1.66,50
KUPIEC,20151030,2.95,2.95,2.85,2.95,1535
LABOPRINT,20151030,14.95,15.08,14.50,15.05,705
LASERMED,20151030,3.21,3.21,3.21,3.21,5
LAURENPES,20151030,0.04,0.04,0.04,0.04,60300
LEASINGEX,20151030,0.40,0.40,0.40,0.40,150
LEONIDAS,20151030,0.27,0.27,0.27,0.27,5
LETUS,20151030,0.12,0.16,0.11,0.13,399134
LOYD,20151030,0.32,0.35,0.30,0.35,19950
LSTECHHOM,20151030,0.95,1.06,0.90,1.06,39455
LUG,20151030,3.49,3.56,3.48,3.56,580
LUXIMA,20151030,0.04,0.04,0.04,0.04,1100
LZMO,20151030,1.44,1.44,1.38,1.44,1860
MADKOM,20151030,1.96,2.04,1.88,2.00,5384
MAGNIFICO,20151030,0.50,0.50,0.46,0.46,953
MAKOLAB,20151030,4.05,4.07,4.01,4.07,1377
MAKORA,20151030,1.08,1.08,1.08,1.08,20
MARKA,20151030,2.50,2.58,2.45,2.58,648
MARSOFT,20151030,0.19,0.20,0.18,0.20,10389
MBFGROUP,20151030,5.89,5.89,5.89,5.89,175
MBPARTNER,20151030,0.03,0.03,0.03,0.03,43
MED,20151030,5.50,5.50,5.50,5.50,5
MEDIACAP,20151030,3.01,3.01,3.00,3.00,1987
MEGASONIC,20151030,4.97,4.97,3.98,4.50,21902
MERA,20151030,1.67,1.70,1.61,1.70,933
MERIT,20151030,0.27,0.27,0.27,0.27,50
MFOOD,20151030,0.57,0.57,0.55,0.55,7100
MILESTONE,20151030,7.50,7.50,7.50,7.50,2
MILKPOL,20151030,0.21,0.21,0.21,0.21,14146
MINERAL,20151030,0.54,0.58,0.54,0.58,3725
MINOX,20151030,0.06,0.07,0.05,0.06,2297774
MODE,20151030,0.55,0.55,0.55,0.55,16
MODECOM,20151030,11.10,11.30,10.95,11.30,30
MOLMEDICA,20151030,0.02,0.02,0.02,0.02,11200
MOMO,20151030,2.70,2.70,2.70,2.70,500
MORIZON,20151030,1.47,1.49,1.46,1.49,45001
MOTORICUS,20151030,0.73,0.87,0.72,0.87,57798
MPAY,20151030,0.35,0.35,0.35,0.35,136
NANOTEL,20151030,2.79,2.85,2.79,2.85,361
NAVIMORIN,20151030,4.77,4.77,4.77,4.77,10
NEPTIS,20151030,29.90,29.90,29.10,29.10,116
NETWISE,20151030,4.10,4.10,4.10,4.10,5
NFPL,20151030,0.18,0.20,0.18,0.20,402
NOVAVIS,20151030,1.11,1.24,1.08,1.18,49684
NOVINA,20151030,0.68,0.69,0.64,0.69,22060
ONICO,20151030,43.50,44.90,43.50,44.90,100
OPENNET,20151030,1.91,1.91,1.91,1.91,25
OPTIZENLB,20151030,0.43,0.43,0.43,0.43,30
ORGANIC,20151030,4.54,4.80,4.54,4.80,5865
ORIONINV,20151030,88.99,94.80,88.99,94.80,10
PATFUND,20151030,0.34,0.34,0.34,0.34,50
PFMEDICAL,20151030,35.85,35.85,30.00,34.27,1018
PGSSOFT,20151030,9.35,9.35,8.73,8.99,6826
PHARMENA,20151030,20.46,20.79,20.31,20.31,2362
PHOTON,20151030,0.80,0.90,0.80,0.89,79530
PILAB,20151030,40.00,41.00,40.00,41.00,829
PLASMA,20151030,14.25,14.25,14.25,14.25,517
PLATIGE,20151030,13.90,13.90,13.32,13.32,204
PPRICE,20151030,0.03,0.03,0.03,0.03,132100
PREMFOOD,20151030,0.82,0.82,0.82,0.82,673
PRESENT24,20151030,1.18,1.40,1.17,1.17,900
PRESTO,20151030,0.80,0.81,0.80,0.80,8246
PRIME,20151030,31.26,31.30,30.23,31.20,638
PTWP,20151030,13.00,13.00,13.00,13.00,2
PYLON,20151030,0.20,0.22,0.20,0.21,15510
RAJDY4X4,20151030,0.06,0.07,0.06,0.07,4069
READGENE,20151030,1.40,1.45,1.40,1.45,120
REVITUM,20151030,0.80,0.89,0.80,0.89,630
ROBINSON,20151030,11.38,11.38,11.38,11.38,1
ROCCA,20151030,0.40,0.40,0.40,0.40,20
RSY,20151030,6.80,6.80,6.34,6.80,644
RUCHCHORZ,20151030,0.20,0.21,0.17,0.17,10336
SAKANA,20151030,0.34,0.34,0.34,0.34,406
SAPLING,20151030,0.26,0.29,0.22,0.29,6897
SARE,20151030,29.35,30.05,29.35,30.05,72
SEAMASTER,20151030,3.87,4.95,3.87,4.95,998
SFERANET,20151030,0.75,0.75,0.75,0.75,20
SFKPOLKAP,20151030,5.83,6.64,5.80,6.64,5228
SILVACG,20151030,0.01,0.01,0.01,0.01,200205
SPAC1,20151030,0.31,0.31,0.31,0.31,86
STANDREW,20151030,11.55,11.59,11.16,11.25,1110
STANUSCH,20151030,8.50,8.50,8.50,8.50,10
STOPKLA,20151030,10.18,10.18,10.18,10.18,9
SUMMALING,20151030,4.27,4.27,4.27,4.27,240
SUNTECH,20151030,0.32,0.34,0.32,0.34,6000
SURFLAND,20151030,1.07,1.10,0.86,1.10,8988
SWISSPSM,20151030,0.26,0.26,0.26,0.26,100
SZAR,20151030,0.07,0.07,0.07,0.07,300
TABLEO,20151030,0.57,0.66,0.37,0.66,153899
TAMEX,20151030,0.63,0.63,0.62,0.62,1195
TAXNET,20151030,0.47,0.49,0.47,0.49,80
TAXUSFUND,20151030,0.05,0.05,0.05,0.05,21
TECHMADEX,20151030,20.50,20.50,20.50,20.50,1
TELEMEDPL,20151030,0.96,1.09,0.96,1.09,2000
TELESTR,20151030,11.99,12.00,11.90,11.90,900
TELGAM,20151030,0.21,0.23,0.21,0.23,4592
TELIANI,20151030,0.37,0.37,0.37,0.37,4000
TERMOEXP,20151030,1.80,1.80,1.80,1.80,10
TILIA,20151030,1.05,1.05,1.05,1.05,40
TROPHYRES,20151030,2.81,3.25,2.81,3.25,716
UNIMOT,20151030,16.30,17.99,16.30,17.99,75
UNITED,20151030,0.64,0.64,0.61,0.64,16765
VAKOMTEK,20151030,1.19,1.19,1.19,1.19,3
VCP,20151030,0.29,0.29,0.29,0.29,50
VELTO,20151030,0.50,0.50,0.38,0.38,167009
VENITI,20151030,0.63,0.63,0.55,0.55,330
VENTUREIN,20151030,2.37,2.37,2.37,2.37,100
VERBICOM,20151030,2.40,2.53,2.40,2.53,440
VERTE,20151030,1.20,1.31,0.99,1.25,111501
VIVID,20151030,6.89,7.15,6.80,6.96,36483
WBAY,20151030,4.15,4.19,4.15,4.19,100
WDBBU,20151030,2.80,2.96,2.50,2.96,7576
WERTHHOLZ,20151030,0.80,0.80,0.79,0.79,409
WIERZYCL,20151030,0.46,0.46,0.46,0.46,30
XPLUS,20151030,0.12,0.12,0.12,0.12,100
YELLOWHAT,20151030,0.28,0.28,0.25,0.28,10470
YOURIMAGE,20151030,0.41,0.44,0.37,0.42,76121
NCINDEX,20151030,291.62,292.75,289.71,292.75,3567.262
2CP0317,20151030,93.00,93.00,92.50,92.50,3
2CP0416,20151030,92.00,95.00,92.00,94.00,320
ALR0321,20151030,104.10,104.10,104.10,104.10,952
AOW0317,20151030,100.69,100.69,100.69,100.69,81
BBI0217,20151030,101.20,101.20,101.00,101.00,12
BBI0218,20151030,100.50,100.50,100.50,100.50,1
BPS0718,20151030,96.50,96.50,96.50,96.50,71
BPS1122,20151030,97.10,97.10,97.10,97.10,67
BS20118,20151030,100.00,100.00,100.00,100.00,70
BST0418,20151030,101.45,101.45,100.55,100.55,167
BST0516,20151030,100.60,100.60,100.60,100.60,144
BST1018,20151030,101.70,101.80,101.70,101.80,277
CAP0318,20151030,99.50,99.50,99.50,99.50,100
CAP0617,20151030,99.95,100.00,99.95,100.00,50
CAP0917,20151030,100.30,100.30,100.30,100.30,4
CAP1217,20151030,100.00,100.00,100.00,100.00,6
CPS0721,20151030,101.40,101.40,101.40,101.40,627
DAY0916,20151030,20.50,20.50,20.00,20.00,50
DS0725,20151030,104.00,105.80,104.00,105.80,14
DS0726,20151030,98.49,98.49,98.49,98.49,2
DS1017,20151030,107.30,107.30,107.30,107.30,200
DS1019,20151030,113.31,114.30,113.22,114.30,21
DS1020,20151030,114.41,115.40,114.20,115.40,11
ECH0418,20151030,102.00,102.00,101.75,101.75,133
EGB1217,20151030,101.80,101.80,101.80,101.80,10
EMF1117,20151030,81.00,81.00,81.00,81.00,1
ERC0916,20151030,101.07,101.07,101.07,101.07,69
ESB0725,20151030,100.44,100.44,100.44,100.44,5
EVC0418,20151030,101.20,101.20,101.20,101.20,12
FFI1116,20151030,95.00,95.00,95.00,95.00,1
FRR0517,20151030,103.79,103.79,103.79,103.79,4
GHE0619,20151030,99.50,100.00,99.50,100.00,2081
GHI0619,20151030,101.00,101.24,101.00,101.24,2786
GNB0218,20151030,97.31,97.70,97.31,97.70,18
GNB0221,20151030,90.51,90.51,90.50,90.50,56
GNB0318,20151030,98.34,98.34,98.34,98.34,1
GNB0321,20151030,91.50,91.55,90.50,90.50,39
GNB0418,20151030,97.70,98.50,97.70,98.50,144
GNB0420,20151030,93.61,93.61,93.50,93.50,64
GNB1019,20151030,95.03,96.97,95.03,96.97,3
GNB1119,20151030,95.49,95.49,95.49,95.49,1
GNB1120,20151030,91.94,91.94,91.94,91.94,2
GPW0117,20151030,100.81,100.98,100.81,100.81,1156
GTB1117,20151030,94.75,95.00,94.75,95.00,10
GTC0319,20151030,101.00,101.00,101.00,101.00,1
IDS1018,20151030,112.45,112.45,112.45,112.45,41
INS1017,20151030,100.10,100.10,100.10,100.10,10
KLN0217,20151030,101.30,102.00,101.30,102.00,203
KOS1117,20151030,99.87,99.88,99.87,99.88,65
KRI0916,20151030,103.50,103.50,103.50,103.50,8
KRU1217,20151030,103.00,103.00,103.00,103.00,20
LEX0916,20151030,36.00,36.00,36.00,36.00,2
MBK1223,20151030,102.00,102.00,102.00,102.00,3
MBR0816,20151030,90.00,90.00,90.00,90.00,7
MKR0916,20151030,99.60,99.60,99.60,99.60,4
MMP0520,20151030,100.40,100.40,100.40,100.40,3
MUR0418,20151030,99.90,99.90,99.90,99.90,14
MWD0316,20151030,99.75,99.75,99.75,99.75,62
MWT0216,20151030,99.80,99.80,99.80,99.80,200
MWT0416,20151030,99.80,99.80,99.80,99.80,500
OK0116,20151030,99.61,99.61,99.50,99.50,10
OK0716,20151030,99.00,99.00,98.70,98.95,82
OK0717,20151030,97.20,97.60,97.20,97.60,21
PBD0616,20151030,96.30,96.30,96.30,96.30,11
PBS1021,20151030,98.20,98.30,98.20,98.30,1302
PCR0416,20151030,100.80,100.80,100.80,100.80,201
PCR0419,20151030,100.89,100.89,100.80,100.89,257
PCR0517,20151030,101.10,101.10,101.00,101.00,200
PCR0620,20151030,100.18,100.18,99.72,99.72,508
PCR1019,20151030,100.90,100.95,100.80,100.95,1215
PKN0418,20151030,101.40,101.40,101.40,101.40,200
PKN0420,20151030,107.16,107.16,107.16,107.16,300
PKN0617,20151030,101.20,101.39,101.20,101.39,51
PKN1117,20151030,101.01,101.01,101.01,101.01,28
PND0217,20151030,100.00,100.00,100.00,100.00,39
POZ0219,20151030,100.05,100.05,100.05,100.05,11
PRC1215,20151030,98.99,99.00,98.99,99.00,37
PRI1117,20151030,100.00,100.00,100.00,100.00,10
PS0416,20151030,101.60,101.60,101.50,101.50,18
PS0417,20151030,104.90,104.90,104.90,104.90,2
PS0418,20151030,105.30,105.30,105.30,105.30,2
PS0420,20151030,98.20,98.20,98.20,98.20,1
PS0718,20151030,101.81,102.40,101.81,102.40,15
PS0719,20151030,105.50,105.50,105.50,105.50,1
RGS0717,20151030,97.00,97.00,97.00,97.00,5
ROB0219,20151030,100.22,100.22,100.00,100.00,300
RON0119,20151030,100.00,100.00,100.00,100.00,50
SAF1115,20151030,98.40,98.40,98.40,98.40,40
SAL0317,20151030,97.99,98.50,97.99,98.50,34
TRJ1215,20151030,99.50,99.50,99.50,99.50,10
VIN1116,20151030,103.00,103.00,103.00,103.00,10
VOX0716,20151030,99.60,99.84,99.40,99.40,21
WLO0516,20151030,40.00,40.00,40.00,40.00,7
WZ0121,20151030,98.10,98.10,98.10,98.10,11
WZ0124,20151030,98.22,98.22,98.22,98.22,6
