FALRZ15,20151012,83.70,83.70,83.70,83.70,1,5
FCDRZ15,20151012,27.00,27.14,26.99,27.04,17,366
FCHF,20151012,387.60,388.10,387.25,387.25,11,1994
FCHFM16,20151012,392.00,392.00,392.00,392.00,5,262
FCHFWS,20151012,387.60,388.10,387.25,387.25,6,809
FCHFZ15,20151012,387.60,388.10,387.25,387.25,6,809
FEUR,20151012,423.00,423.98,422.82,422.82,360,22571
FEURH16,20151012,425.17,425.88,425.17,425.88,5,10283
FEURM16,20151012,426.51,426.51,426.51,426.51,1,352
FEURWS,20151012,423.00,423.98,422.82,422.82,354,11343
FEURZ15,20151012,423.00,423.98,422.82,422.82,354,11343
FGPWZ15,20151012,38.75,38.75,38.55,38.55,2,6
FJSWZ15,20151012,12.90,12.96,12.63,12.86,146,1899
FKGHH16,20151012,96.99,96.99,93.35,94.20,8,52
FKGHM16,20151012,96.99,96.99,96.99,96.99,1,81
FKGHZ15,20151012,95.25,96.95,92.86,93.48,2027,1934
FLTSZ15,20151012,31.00,31.00,30.20,30.42,44,105
FLWBZ15,20151012,55.09,57.04,55.09,55.40,36,131
FOPLH16,20151012,7.65,7.65,7.65,7.65,1,18
FOPLZ15,20151012,7.62,7.63,7.62,7.63,4,236
FPEOZ15,20151012,153.80,154.05,152.50,154.00,49,245
FPGEZ15,20151012,14.25,14.72,14.15,14.61,549,2048
FPGNZ15,20151012,6.92,6.96,6.72,6.75,200,409
FPKNH16,20151012,64.41,64.41,64.41,64.41,1,57
FPKNZ15,20151012,65.27,65.70,63.82,64.48,573,1958
FPKOZ15,20151012,31.21,31.35,30.93,31.24,490,1973
FPZUZ15,20151012,400.00,401.80,389.35,390.65,309,834
FTPEZ15,20151012,3.39,3.39,3.32,3.35,100,674
FUSD,20151012,371.90,372.49,371.28,371.45,1712,22298
FUSDH16,20151012,373.00,373.35,372.06,372.06,42,2349
FUSDWS,20151012,371.90,372.49,371.28,371.45,1670,19330
FUSDZ15,20151012,371.90,372.49,371.28,371.45,1670,19330
FW20,20151012,2152,2153,2129,2135,10229,50863
FW20H1620,20151012,2162,2162,2138,2142,46,284
FW20M1620,20151012,2147,2147,2126,2127,9,121
FW20U1620,20151012,2113,2119,2105,2105,9,72
FW20WS,20151012,2152,2153,2129,2135,10165,50386
FW20Z1520,20151012,2152,2153,2129,2135,10165,50386
FW40H16,20151012,3705,3705,3705,3705,1,7
FW40Z15,20151012,3709,3709,3670,3695,528,2322
OW20C162200,20151012,80.60,80.60,80.55,80.55,4,24
OW20C162400,20151012,23.92,23.92,20.46,20.46,3,82
OW20C162500,20151012,11.35,11.35,11.35,11.35,1,62
OW20C162600,20151012,4.93,4.93,3.96,3.96,6,192
OW20I162000,20151012,196.10,196.10,196.10,196.10,1,3
OW20I162100,20151012,139.10,139.10,139.10,139.10,1,2
OW20I162400,20151012,39.30,39.30,39.30,39.30,2,5
OW20I162500,20151012,24.04,24.04,24.04,24.04,2,8
OW20I162600,20151012,15.20,15.20,14.08,14.70,3,74
OW20J152000,20151012,130.80,130.80,130.80,130.80,2,23
OW20J152025,20151012,104.00,104.00,104.00,104.00,1,39
OW20J152050,20151012,90.40,90.40,85.00,85.00,15,60
OW20J152075,20151012,70.20,70.20,59.10,59.10,5,80
OW20J152100,20151012,48.00,48.00,35.12,37.50,11,108
OW20J152125,20151012,27.00,27.00,17.00,18.10,75,166
OW20J152150,20151012,13.49,13.49,6.55,7.28,74,206
OW20J152175,20151012,3.80,3.94,1.82,2.00,141,100
OW20J152200,20151012,2.00,2.00,1.33,1.33,66,196
OW20J152225,20151012,0.50,0.50,0.50,0.50,2,59
OW20J152250,20151012,0.48,0.48,0.48,0.48,1,71
OW20J152400,20151012,0.01,0.43,0.01,0.43,4,164
OW20K152100,20151012,69.15,69.75,69.15,69.75,2,17
OW20K152150,20151012,38.02,38.02,35.18,35.18,23,38
OW20K152200,20151012,17.57,17.95,17.09,17.87,4,27
OW20K152300,20151012,4.01,4.01,4.01,4.01,1,18
OW20K152350,20151012,2.00,2.01,2.00,2.01,48,143
OW20L152100,20151012,95.50,95.50,86.60,86.75,3,298
OW20L152150,20151012,58.00,59.00,57.00,59.00,3,207
OW20L152200,20151012,43.00,43.00,37.70,38.00,17,1251
OW20L152300,20151012,14.51,14.51,12.00,12.00,30,436
OW20L152400,20151012,4.00,4.00,3.12,3.59,53,321
OW20L152450,20151012,2.01,2.01,2.00,2.00,41,114
OW20L152500,20151012,2.00,2.00,2.00,2.00,12,1031
OW20O161700,20151012,8.20,8.20,7.81,7.95,13,64
OW20R161700,20151012,16.50,16.50,16.50,16.50,1,42
OW20U161800,20151012,39.28,39.28,39.28,39.28,1,6
OW20V151700,20151012,0.04,0.04,0.04,0.04,3,299
OW20V151950,20151012,0.25,0.25,0.25,0.25,2,144
OW20V152000,20151012,2.00,2.00,1.20,1.20,32,209
OW20V152050,20151012,1.50,2.50,1.50,2.09,85,125
OW20V152075,20151012,2.89,4.12,2.89,4.12,123,90
OW20V152100,20151012,7.37,8.95,4.35,7.66,141,221
OW20V152125,20151012,10.19,16.62,9.54,16.13,37,107
OW20V152150,20151012,22.10,22.10,20.69,20.69,19,81
OW20V152175,20151012,46.74,49.30,46.74,49.30,11,53
OW20V152200,20151012,69.15,69.15,69.15,69.15,5,42
OW20W151800,20151012,1.50,2.06,1.50,2.06,50,93
OW20W151850,20151012,3.00,3.00,3.00,3.00,1,19
OW20W151900,20151012,5.02,5.02,5.00,5.00,2,10
OW20W152000,20151012,12.00,13.21,12.00,12.64,8,10
OW20W152100,20151012,34.85,34.85,34.27,34.27,3,18
OW20X151650,20151012,1.80,1.80,1.72,1.72,20,45
OW20X151700,20151012,2.79,2.79,2.59,2.68,31,425
OW20X151750,20151012,3.74,3.74,3.73,3.73,11,101
OW20X151800,20151012,5.86,6.00,5.86,6.00,11,306
OW20X151900,20151012,13.00,13.80,13.00,13.40,10,3596
OW20X152000,20151012,25.00,25.00,24.63,24.63,3,554
OW20X152100,20151012,52.00,53.45,51.85,53.45,12,1151
OW20X152200,20151012,103.75,103.90,101.00,103.90,4,1231
OW20X152300,20151012,180.90,180.90,171.10,171.10,3,2586
OW20X152600,20151012,465.20,465.20,465.20,465.20,1,15
06MAGNA,20151012,1.85,1.93,1.85,1.93,45
4FUNMEDIA,20151012,4.95,5.19,4.94,5.01,2460
AATHOLD,20151012,23.60,23.85,23.53,23.85,912
ABCDATA,20151012,3.19,3.20,3.18,3.19,16187
ABMSOLID,20151012,0.60,0.60,0.60,0.60,175
ABPL,20151012,36.83,37.29,36.83,37.29,123
ACAUTOGAZ,20151012,30.80,30.80,30.54,30.54,96
ACE,20151012,11.58,11.58,11.10,11.40,38602
ACTION,20151012,25.37,25.58,24.17,24.80,6100
ADIUVO,20151012,23.80,24.39,23.80,24.39,33686
ADIUVO-PDA,20151012,24.00,24.30,24.00,24.15,6402
AGORA,20151012,11.39,11.39,11.01,11.11,73525
AGROTON,20151012,1.21,1.24,1.11,1.13,57257
ALCHEMIA,20151012,4.90,4.95,4.80,4.95,73065
ALIOR,20151012,82.51,83.89,82.51,83.50,90970
ALMA,20151012,10.15,10.15,10.10,10.10,62
ALTA,20151012,1.82,1.95,1.82,1.95,4109
ALTUSTFI,20151012,10.66,10.90,10.66,10.90,10841
ALUMETAL,20151012,46.01,46.15,45.90,45.95,1239
AMBRA,20151012,8.70,8.70,8.65,8.70,2013
AMICA,20151012,163.00,163.00,160.55,162.85,633
AMREST,20151012,177.00,177.40,176.00,177.00,5489
APATOR,20151012,34.39,35.82,34.30,35.31,18811
APLISENS,20151012,12.75,12.75,12.75,12.75,222
APSENERGY,20151012,5.07,5.57,5.01,5.57,138085
ARCTIC,20151012,3.34,3.34,3.27,3.29,20598
ARTERIA,20151012,14.97,15.00,14.97,15.00,117
ASBIS,20151012,1.15,1.17,1.13,1.15,151835
ASSECOBS,20151012,14.88,14.88,14.50,14.50,865
ASSECOPOL,20151012,54.35,55.20,54.07,54.60,54985
ASSECOSEE,20151012,9.59,9.75,9.59,9.75,752
ASSECOSLO,20151012,17.95,17.95,17.95,17.95,20
ASTARTA,20151012,30.49,31.95,29.82,31.30,3269
ATAL,20151012,21.50,21.50,21.01,21.50,20095
ATENDE,20151012,2.62,2.62,2.54,2.62,1975
ATLANTAPL,20151012,8.40,8.40,8.30,8.30,7350
ATLANTIS,20151012,0.58,0.62,0.58,0.60,37629
ATLASEST,20151012,1.06,1.06,1.00,1.00,4700
ATM,20151012,9.37,9.37,9.22,9.35,222
ATMGRUPA,20151012,3.54,3.54,3.48,3.50,558
ATREM,20151012,4.90,4.92,4.90,4.92,1481
AVIAAML,20151012,5.65,5.65,5.65,5.65,1
AVIASG,20151012,20.80,20.80,20.80,20.80,1
AWBUD,20151012,2.88,3.00,2.88,3.00,9119
BALTONA,20151012,7.98,7.98,7.98,7.98,1
BANKBPH,20151012,36.70,36.97,36.70,36.97,60
BBIDEV,20151012,0.89,0.90,0.89,0.89,17064
BENEFIT,20151012,417.55,439.00,417.55,428.00,180
BEST,20151012,17.11,18.70,17.05,17.10,850
BETACOM,20151012,10.65,10.65,10.65,10.65,3
BGZBNPP,20151012,53.00,53.00,51.40,51.40,325
BIOMEDLUB,20151012,2.99,3.02,2.76,2.80,8375
BIOTON,20151012,10.91,11.15,10.70,10.80,79120
BMPAG,20151012,2.70,2.70,2.70,2.70,2
BOGDANKA,20151012,59.49,60.84,59.09,60.30,180976
BORYSZEW,20151012,5.09,5.14,5.09,5.12,134615
BOS,20151012,23.80,23.99,23.32,23.32,16470
BOWIM,20151012,2.22,2.29,2.20,2.28,2997
BRASTER,20151012,13.21,13.42,13.00,13.09,5931
BRIJU,20151012,14.50,14.50,13.10,13.10,1868
BSCDRUK,20151012,34.75,34.75,34.75,34.75,5
BUDIMEX,20151012,210.00,210.00,205.30,206.00,8788
BUMECH,20151012,0.78,0.85,0.78,0.81,69311
BYTOM,20151012,3.21,3.24,3.16,3.19,51656
BZWBK,20151012,317.00,318.95,311.05,314.45,22370
CALATRAVA,20151012,0.63,0.65,0.63,0.64,18819
CAMMEDIA,20151012,6.20,6.48,5.90,6.12,3755
CAPITAL,20151012,2.26,2.27,2.20,2.26,29532
CCC,20151012,167.45,167.90,165.30,166.50,68552
CDPROJEKT,20151012,27.00,27.10,26.81,27.10,195730
CDRL,20151012,18.40,19.11,18.40,19.09,7549
CEZ,20151012,77.65,80.70,77.65,80.20,71615
CHEMOS,20151012,1.68,1.84,1.64,1.83,530785
CIECH,20151012,71.69,71.88,71.41,71.60,203120
CIGAMES,20151012,21.98,21.98,20.75,21.30,75399
CNT,20151012,8.30,8.46,8.30,8.44,2057
COGNOR,20151012,1.21,1.25,1.21,1.24,22220
COLIAN,20151012,4.45,4.45,4.42,4.42,5885
COMARCH,20151012,123.90,124.85,122.15,122.15,2236
COMP,20151012,55.00,58.00,54.20,56.50,3086
CORMAY,20151012,1.77,1.78,1.72,1.78,88274
CORMAY-PDA,20151012,1.71,1.74,1.70,1.74,43105
CPGROUP,20151012,5.80,5.80,5.80,5.80,5
CYFRPLSAT,20151012,24.55,25.00,24.30,25.00,461141
CZTOREBKA,20151012,1.25,1.45,1.23,1.26,155987
DEBICA,20151012,79.99,79.99,79.23,79.23,167
DECORA,20151012,6.60,6.65,6.60,6.65,530
DEKPOL,20151012,15.22,16.10,15.22,16.10,24
DELKO,20151012,8.18,8.18,8.15,8.18,304
DGA,20151012,5.80,5.80,5.48,5.48,2
DMWDM,20151012,0.33,0.34,0.33,0.34,3080
DOMDEV,20151012,50.63,50.63,50.63,50.63,1
DROZAPOL,20151012,2.16,2.26,2.09,2.09,587
DTP,20151012,4.51,4.51,4.35,4.35,430
DUDA,20151012,5.80,5.87,5.80,5.87,2276
DUON,20151012,3.36,3.40,3.20,3.29,74085
ECARD,20151012,3.95,3.95,3.95,3.95,181
ECHO,20151012,6.74,6.75,6.64,6.70,23825
EDINVEST,20151012,2.39,2.39,2.39,2.39,420
EFEKT,20151012,15.88,15.88,14.90,15.72,1701
EKOEXPORT,20151012,14.89,15.70,14.78,15.09,69460
ELBUDOWA,20151012,154.90,155.00,153.35,153.90,1006
ELEKTROTI,20151012,18.00,18.17,17.36,17.85,9077
ELEMENTAL,20151012,4.19,4.35,4.14,4.20,1529431
ELEMENTAL-PDA,20151012,4.35,4.35,4.35,4.35,500000
ELKOP,20151012,1.38,1.38,1.25,1.26,14347
ELZAB,20151012,14.60,15.28,14.60,15.28,28
EMCINSMED,20151012,15.00,15.00,15.00,15.00,1
EMPERIA,20151012,66.00,66.20,65.43,65.45,4416
ENAP,20151012,0.88,0.88,0.88,0.88,2494
ENEA,20151012,13.46,13.47,13.25,13.38,233253
ENELMED,20151012,10.00,10.15,10.00,10.15,30
ENERGA,20151012,17.40,17.50,17.00,17.11,894384
ENERGOINS,20151012,9.64,9.87,9.64,9.87,1266
ERBUD,20151012,33.00,33.00,32.90,32.90,7421
ERG,20151012,21.41,21.41,21.41,21.41,300
ERGIS,20151012,6.13,6.25,6.13,6.23,4110
ESOTIQ,20151012,35.00,35.00,35.00,35.00,208
ESSYSTEM,20151012,2.94,2.94,2.89,2.89,1363
ETFDAX,20151012,414.50,414.50,410.00,410.00,31
ETFSP500,20151012,77.50,77.50,76.55,76.55,210
ETFW20L,20151012,249.00,249.00,245.16,246.28,143
EUCO,20151012,49.10,49.18,47.50,48.00,910
EUROCASH,20151012,48.01,48.10,43.96,44.87,1078410
EUROHOLD,20151012,2.20,2.20,2.20,2.20,1
EUROTEL,20151012,17.14,17.25,17.14,17.25,22
EVEREST,20151012,1.75,1.80,1.68,1.80,6997
FAMUR,20151012,1.91,1.91,1.80,1.87,41456
FARMACOL,20151012,62.73,63.71,62.73,63.50,8173
FASING,20151012,17.49,17.69,17.49,17.69,4
FASTFIN,20151012,0.62,0.63,0.60,0.62,55035
FEERUM,20151012,22.20,22.20,22.16,22.18,21
FERRO,20151012,11.00,11.20,11.00,11.20,233
FERRUM,20151012,4.78,4.78,4.77,4.77,251
FON,20151012,0.57,0.63,0.57,0.62,26921
FORTE,20151012,53.26,53.26,52.61,52.61,25334
FORTUNA,20151012,11.50,11.50,11.50,11.50,100
FOTA,20151012,0.63,0.63,0.59,0.59,12901
GETIN,20151012,1.65,1.66,1.61,1.65,579124
GETINOBLE,20151012,1.00,1.00,0.96,0.98,5763499
GINOROSSI,20151012,2.50,2.51,2.39,2.49,29908
GLCOSMED,20151012,4.32,4.35,4.32,4.35,310
GORENJE,20151012,21.50,21.50,21.50,21.50,1
GPW,20151012,38.80,39.00,38.65,38.65,20111
GRAAL,20151012,32.89,32.89,32.45,32.69,978
GRAJEWO,20151012,26.49,27.00,25.31,25.68,104898
GREMMEDIA,20151012,1.83,1.92,1.80,1.92,101
GROCLIN,20151012,13.48,13.48,12.91,13.14,24566
GRODNO,20151012,5.55,5.55,5.54,5.54,581
GRUPAAZOTY,20151012,91.50,92.00,89.11,90.53,33861
GTC,20151012,6.98,7.31,6.87,7.20,529748
GTC-PDA,20151012,6.75,7.20,6.75,7.10,105736
HANDLOWY,20151012,86.00,88.99,83.82,88.80,58951
HARPER,20151012,1.86,1.86,1.85,1.85,351
HAWE,20151012,1.03,1.04,1.02,1.02,530144
HELIO,20151012,4.14,4.19,4.14,4.19,155
HERKULES,20151012,4.28,4.30,4.28,4.28,6795
HUBSTYLE,20151012,1.04,1.04,1.04,1.04,17000
HYDROTOR,20151012,37.75,37.80,37.05,37.80,81
HYPERION,20151012,3.54,3.54,3.43,3.43,2402
IDEABANK,20151012,25.85,25.85,25.70,25.70,190
IDMSA,20151012,1.54,1.55,1.46,1.55,49172
IFCAPITAL,20151012,1.25,1.38,1.14,1.38,86040
IFSA,20151012,0.50,0.57,0.50,0.52,128911
IIAAV,20151012,9.75,9.75,9.75,9.75,50
IMCOMPANY,20151012,6.79,6.90,6.60,6.60,3435
IMMOBILE,20151012,2.39,2.39,2.32,2.38,1854
IMPEL,20151012,27.98,27.98,27.98,27.98,3
IMPERA,20151012,1.52,1.52,1.52,1.52,36
IMPEXMET,20151012,2.73,2.75,2.67,2.69,36791
INDATA,20151012,0.89,0.90,0.85,0.87,217053
INDYGO,20151012,1.08,1.11,1.00,1.02,2548781
INDYKPOL,20151012,95.85,96.89,95.01,96.89,1534
INGBSK,20151012,127.70,127.70,126.35,127.50,5083
INPRO,20151012,3.67,3.68,3.67,3.68,297
INSTALKRK,20151012,11.49,11.49,11.18,11.21,230
INTEGERPL,20151012,122.65,123.80,118.75,120.00,11498
INTERBUD,20151012,2.19,2.27,2.06,2.16,25747
INTERCARS,20151012,240.00,244.50,240.00,240.05,684
INTERSPPL,20151012,2.06,2.47,2.00,2.47,64182
INTROL,20151012,9.85,9.95,9.85,9.95,28
INVISTA,20151012,2.20,2.24,2.20,2.24,2234
INVPEFIZ,20151012,924.00,924.00,924.00,924.00,2
IPERMFIZ,20151012,61.10,61.10,60.30,60.30,139
IPOPEMA,20151012,2.85,2.92,2.85,2.92,2116
IQP,20151012,0.80,0.82,0.80,0.82,31303
IVMX,20151012,5.96,5.96,5.94,5.94,329
IZOBLOK,20151012,107.00,108.50,107.00,108.50,301
IZOLACJA,20151012,1.11,1.15,1.11,1.15,439
IZOSTAL,20151012,4.38,4.55,4.37,4.55,2669
JHMDEV,20151012,1.48,1.49,1.41,1.45,19871
JSW,20151012,12.85,12.95,12.66,12.70,136630
JWCONSTR,20151012,5.10,5.10,4.95,4.95,13316
K2INTERNT,20151012,12.45,13.40,12.40,13.10,8776
KANIA,20151012,2.90,2.93,2.89,2.90,6965
KBDOM,20151012,2.80,2.80,2.80,2.80,10
KERDOS,20151012,0.58,0.66,0.58,0.62,5230898
KERNEL,20151012,51.50,55.49,51.50,54.10,190511
KETY,20151012,287.70,293.70,281.05,282.75,5706
KGHM,20151012,96.04,97.00,92.82,93.17,1152105
KINOPOL,20151012,13.60,13.60,13.50,13.50,158
KOFOLA,20151012,53.80,53.80,53.80,53.80,2
KOGENERA,20151012,70.80,71.92,70.80,71.92,101
KOMPUTRON,20151012,8.78,8.92,8.63,8.91,9354
KONSSTALI,20151012,31.54,31.54,30.10,30.54,123
KOPEX,20151012,6.57,6.69,6.41,6.41,23863
KRAKCHEM,20151012,4.16,4.16,4.14,4.14,461
KREC,20151012,7.25,7.25,7.25,7.25,2875
KREDYTIN,20151012,27.35,27.70,27.34,27.70,902
KREZUS,20151012,4.39,4.60,4.35,4.52,44003
KRKA,20151012,270.00,270.00,270.00,270.00,1
KRUK,20151012,180.00,181.15,179.10,180.40,16150
KRUSZWICA,20151012,51.80,52.00,51.80,52.00,21
KSGAGRO,20151012,1.17,1.19,1.06,1.08,54318
LCCORP,20151012,1.99,2.00,1.98,1.99,166346
LENA,20151012,4.40,4.41,4.35,4.35,4825
LENTEX,20151012,8.96,9.05,8.90,9.05,3251
LIBET,20151012,2.50,2.52,2.49,2.49,2053
LIVECHAT,20151012,36.70,36.70,35.50,36.00,2396
LMCSFIZ,20151012,1116.00,1130.00,1116.00,1130.00,13
LOTOS,20151012,31.07,31.07,30.05,30.20,268223
LPP,20151012,7549.95,7589.95,7456.30,7569.00,1538
LSISOFT,20151012,4.50,4.59,4.10,4.40,1110
LUBAWA,20151012,1.07,1.07,1.05,1.06,16692
MABION,20151012,49.00,49.00,48.11,48.11,824
MAGELLAN,20151012,57.40,57.40,55.14,55.90,1884
MAKARONPL,20151012,5.73,5.73,5.53,5.70,3541
MARVIPOL,20151012,6.80,7.06,6.80,6.80,1217
MBANK,20151012,385.00,394.50,385.00,392.50,102305
MCI,20151012,12.40,12.40,12.15,12.18,8595
MCLOGIC,20151012,39.70,39.80,39.50,39.80,150
MEDIATEL,20151012,1.02,1.03,1.02,1.03,3942
MEDICALG,20151012,205.00,213.50,205.00,210.00,1554
MENNICA,20151012,13.58,13.62,13.58,13.62,2059
MERCATOR,20151012,18.16,18.22,18.15,18.22,873
MERCOR,20151012,9.90,9.90,9.63,9.90,1409
MEXPOLSKA,20151012,4.30,4.30,4.30,4.30,1
MFO,20151012,12.10,12.10,11.82,12.10,420
MIDAS,20151012,0.60,0.61,0.60,0.60,61604
MILKILAND,20151012,1.45,1.50,1.31,1.40,283109
MILLENNIUM,20151012,6.45,6.45,6.30,6.38,567454
MIRACULUM,20151012,2.70,2.90,2.70,2.85,11555
MIRBUD,20151012,1.15,1.15,1.05,1.09,519528
MLPGROUP,20151012,35.35,35.35,35.35,35.35,20
MNI,20151012,0.95,0.96,0.93,0.93,6612
MOBRUK,20151012,9.30,9.30,9.30,9.30,1
MOJ,20151012,1.22,1.22,1.14,1.22,32
MOL,20151012,181.90,181.90,179.50,180.50,78
MONNARI,20151012,17.21,17.41,17.05,17.29,16855
MOSTALPLC,20151012,14.75,15.96,14.75,15.90,3429
MOSTALWAR,20151012,13.83,14.10,13.83,14.10,3241
MOSTALZAB,20151012,1.86,1.86,1.83,1.86,41276
MUZA,20151012,3.20,3.20,3.20,3.20,5
MWTRADE,20151012,16.00,16.00,16.00,16.00,100
NETIA,20151012,5.53,5.64,5.47,5.47,146470
NETMEDIA,20151012,5.27,5.53,5.27,5.49,512
NEUCA,20151012,351.05,353.00,345.10,350.00,807
NEWAG,20151012,15.95,16.19,15.95,16.00,1070
NFIEMF,20151012,3.13,3.13,3.00,3.00,241
NORTCOAST,20151012,5.88,5.88,5.88,5.88,28
NOVITA,20151012,50.00,51.49,49.50,51.49,122
NOWAGALA,20151012,1.31,1.31,1.31,1.31,1990
NTTSYSTEM,20151012,2.35,2.39,2.35,2.39,65
ODLEWNIE,20151012,2.38,2.38,2.38,2.38,2639
OPONEO.PL,20151012,19.37,19.49,19.00,19.49,1250
OPTEAM,20151012,9.50,9.85,9.50,9.70,1104
ORANGEPL,20151012,7.58,7.71,7.48,7.54,3657909
ORBIS,20151012,58.90,59.83,57.44,57.44,2501
ORCOGROUP,20151012,1.19,1.19,1.10,1.14,3350
ORZBIALY,20151012,6.80,6.95,6.80,6.95,75
OTMUCHOW,20151012,6.45,6.45,6.45,6.45,100
OVOSTAR,20151012,89.01,89.99,85.26,85.65,170
PAGED,20151012,52.80,53.00,52.80,52.80,145
PAMAPOL,20151012,1.60,1.60,1.59,1.59,72996
PANOVA,20151012,19.24,19.89,19.24,19.89,2284
PATENTUS,20151012,0.74,0.77,0.74,0.75,6200
PBG,20151012,2.29,2.30,2.08,2.16,166524
PCCEXOL,20151012,3.19,3.19,3.19,3.19,35
PCCINTER,20151012,2.11,2.20,2.11,2.20,12596
PCCROKITA,20151012,40.25,40.25,39.60,39.60,4107
PCM,20151012,41.72,41.77,41.72,41.77,183
PEKABEX,20151012,10.75,10.95,10.74,10.94,2176
PEKAES,20151012,12.85,12.85,12.53,12.69,19344
PEKAO,20151012,153.90,154.70,152.40,154.70,295014
PELION,20151012,63.00,65.00,62.99,65.00,3125
PEMANAGER,20151012,125.20,128.00,125.20,128.00,156
PEP,20151012,26.04,26.04,25.05,26.00,3626
PEPEES,20151012,0.54,0.54,0.52,0.53,10762
PGE,20151012,14.37,14.73,14.11,14.62,4783729
PGNIG,20151012,6.93,6.93,6.72,6.80,4013631
PGODLEW,20151012,5.09,5.14,5.09,5.14,387
PHN,20151012,18.80,18.90,18.65,18.80,5514
PKNORLEN,20151012,65.20,65.78,63.68,64.53,1265681
PKOBP,20151012,31.28,31.35,30.89,31.10,2030576
PKOGS,20151012,101.00,101.60,100.85,101.50,1701
PKOSO,20151012,99.07,99.07,99.07,99.07,100
PKPCARGO,20151012,68.00,68.00,66.71,66.73,4867
PLASTBOX,20151012,2.23,2.23,2.23,2.23,1458
PLATYNINW,20151012,3.00,3.00,2.96,3.00,9827
PMPG,20151012,1.50,1.55,1.46,1.46,20906
POLICE,20151012,24.31,24.68,24.30,24.68,310
POLMED,20151012,3.39,3.39,3.39,3.39,926
POLNA,20151012,24.78,25.00,24.50,24.78,200
POLNORD,20151012,12.69,12.94,12.68,12.84,228717
POLWAX,20151012,15.98,16.00,15.90,15.95,2077
POZBUD,20151012,5.70,5.71,5.61,5.71,9080
PRAGMAFA,20151012,12.65,12.80,12.58,12.80,132
PRAGMAINK,20151012,12.15,12.15,12.15,12.15,130
PRAIRIE,20151012,1.13,1.13,0.98,1.06,719393
PRESCO,20151012,5.36,5.36,5.15,5.28,2611
PROCAD,20151012,1.68,1.69,1.68,1.69,3002
PROCHEM,20151012,16.25,16.27,16.25,16.27,276
PROCHNIK,20151012,1.17,1.17,1.12,1.15,20416
PROJPRZEM,20151012,7.49,7.49,7.49,7.49,1
PROTEKTOR,20151012,3.13,3.14,3.08,3.13,5906
PSG,20151012,0.74,0.75,0.74,0.75,1423
PTI,20151012,0.58,0.82,0.58,0.82,456736
PULAWY,20151012,166.00,167.10,166.00,167.00,472
PWRMEDIA,20151012,1.25,1.30,1.25,1.30,213
PZU,20151012,401.35,401.50,388.40,390.00,168971
QUANTUM,20151012,6.59,6.60,6.45,6.45,380
QUERCUS,20151012,6.45,6.45,6.45,6.45,500
QUMAK,20151012,10.85,10.85,10.82,10.82,994
RADPOL,20151012,6.45,6.80,6.40,6.45,8029
RAFAKO,20151012,6.65,6.74,6.60,6.63,12578
RAFAMET,20151012,15.05,15.05,14.60,14.60,217
RAINBOW,20151012,24.89,24.89,24.50,24.80,2380
RANKPROGR,20151012,1.63,1.63,1.54,1.58,12262
RAWLPLUG,20151012,8.93,9.42,8.93,9.22,8051
RCALR11116,20151012,1015.20,1015.20,1015.20,1015.20,20
RCBESX10519,20151012,993.29,993.29,993.29,993.29,50
RCCOFAOPEN,20151012,2.97,3.00,2.95,3.00,4150
RCCORAOPEN,20151012,11.19,11.19,11.19,11.19,132
RCCRUAOPEN,20151012,9.98,9.99,9.94,9.99,803
RCGBSH10916,20151012,933.40,933.40,933.40,933.40,80
RCGBSH11116,20151012,1070.86,1070.86,1070.86,1070.86,1
RCGBSH11217,20151012,1074.78,1074.78,1074.78,1074.78,102
RCGLDAOPEN,20151012,433.00,433.00,432.63,432.63,53
RCSDGP0717,20151012,1103.65,1103.65,1103.65,1103.65,1
RCSILAOPEN,20151012,59.50,59.50,58.92,58.92,209
RCSUGAOPEN,20151012,3.50,3.56,3.50,3.56,500
REDAN,20151012,2.50,2.50,2.36,2.41,47261
REDWOOD,20151012,5.94,5.94,5.60,5.60,169
REINHOLD,20151012,0.50,0.50,0.50,0.50,15000
RELPOL,20151012,6.29,6.43,6.26,6.43,5888
REMAK,20151012,18.00,18.50,17.95,18.50,1381
RESBUD,20151012,1.36,1.41,1.30,1.37,6974
ROBYG,20151012,2.52,2.53,2.47,2.52,28773
RONSON,20151012,1.39,1.45,1.39,1.45,545
ROPCZYCE,20151012,20.51,20.51,20.30,20.50,781
RUBICON,20151012,1.18,1.19,1.18,1.18,1470
SANOK,20151012,57.12,59.50,57.12,59.20,2730
SANTANDER,20151012,22.60,22.80,21.96,22.80,202
SCOPAK,20151012,3.79,3.79,3.71,3.79,2057
SECOGROUP,20151012,20.75,21.00,20.75,21.00,380
SEKO,20151012,4.99,5.30,4.99,5.30,7791
SELENAFM,20151012,18.40,18.98,18.40,18.98,105
SELVITA,20151012,21.21,21.65,21.21,21.65,3802
SERINUS,20151012,2.11,2.11,2.05,2.08,85410
SFINKS,20151012,3.56,3.60,3.55,3.57,7312
SILVANO,20151012,5.20,5.20,5.20,5.20,1187
SIMPLE,20151012,8.70,9.00,8.70,9.00,6500
SKARBIEC,20151012,33.50,33.50,32.51,32.51,1515
SKOK,20151012,1.60,1.60,1.60,1.60,22
SKOTAN,20151012,0.48,0.51,0.48,0.50,991239
SMT,20151012,17.40,17.40,17.10,17.10,823
SNIEZKA,20151012,52.51,54.45,52.51,53.17,422
SOBIESKI,20151012,77.00,77.00,73.79,73.79,171
SOHODEV,20151012,1.18,1.21,1.18,1.21,341
SOLAR,20151012,1.74,1.74,1.57,1.60,255546
SONEL,20151012,12.50,12.50,12.36,12.37,7657
STALEXP,20151012,3.30,3.31,3.27,3.30,13867
STALPROD,20151012,326.50,333.00,323.00,328.00,254
STALPROFI,20151012,11.60,11.78,11.51,11.78,188
STAPORKOW,20151012,5.17,5.29,5.17,5.27,2813
STARHEDGE,20151012,0.69,0.72,0.69,0.69,2049
SUNEX,20151012,0.22,0.25,0.20,0.25,9076699
SUWARY,20151012,11.00,11.00,11.00,11.00,152
SWISSMED,20151012,1.95,1.99,1.92,1.99,14238
SYGNITY,20151012,8.68,8.88,8.67,8.88,6330
SYNEKTIK,20151012,16.09,16.09,16.00,16.00,15
SYNTHOS,20151012,3.85,3.89,3.84,3.88,1062418
TALEX,20151012,18.14,18.14,18.14,18.14,103
TARCZYNSKI,20151012,13.20,13.90,13.20,13.80,2605
TATRY,20151012,99.90,99.90,99.90,99.90,10
TAURONPE,20151012,3.35,3.38,3.30,3.33,2772986
TELL,20151012,11.89,11.89,11.89,11.89,95
TERESA,20151012,15.25,15.32,15.25,15.32,2819
TERMOREX,20151012,2.84,2.92,2.75,2.80,4243
TESGAS,20151012,3.30,3.49,3.30,3.46,9669
TFONE,20151012,3.03,3.03,2.88,2.90,19194
TIM,20151012,8.32,8.79,8.22,8.70,4050
TORPOL,20151012,11.37,11.37,11.20,11.35,35293
TRAKCJA,20151012,9.63,9.89,9.63,9.87,54522
TRANSPOL,20151012,3.49,3.83,3.49,3.80,41092
TRIGONPP,20151012,114.20,114.50,114.00,114.00,230
ULMA,20151012,78.50,78.50,78.50,78.50,1
UNIBEP,20151012,11.48,11.58,11.48,11.58,129
UNIMA,20151012,1.96,2.07,1.96,2.07,8285
UNIWHEELS,20151012,116.50,117.00,115.20,116.50,1157
URSUS,20151012,2.88,2.92,2.86,2.89,87182
VANTAGE,20151012,2.50,2.53,2.50,2.53,2200
VARIANT,20151012,1.68,1.70,1.58,1.70,18644
VIGOSYS,20151012,265.00,265.00,255.00,265.00,68
VINDEXUS,20151012,5.79,5.79,5.71,5.79,17591
VISTAL,20151012,11.48,11.48,10.99,11.39,841
VISTULA,20151012,3.02,3.03,2.96,2.98,242422
VOTUM,20151012,16.50,16.50,16.00,16.00,5124
VOXEL,20151012,16.57,16.83,15.99,16.22,4591
WADEX,20151012,4.55,4.68,4.55,4.65,740
WASKO,20151012,1.90,1.95,1.89,1.94,16710
WAWEL,20151012,1312.50,1330.00,1300.00,1320.00,95
WDX,20151012,5.29,5.29,5.02,5.02,2738
WIELTON,20151012,7.40,7.43,7.38,7.38,1195
WIKANA,20151012,1.55,1.67,1.50,1.66,4065
WILBO,20151012,1.15,1.18,1.14,1.18,44657
WINDMOBIL,20151012,7.92,7.92,7.85,7.85,4300
WINVEST,20151012,4.00,4.00,3.76,3.77,56
WIRTUALNA,20151012,39.90,39.90,39.80,39.80,1510
WOJAS,20151012,6.57,6.60,6.46,6.58,3336
WORKSERV,20151012,15.00,15.00,14.35,14.40,134299
YAWAL,20151012,5.24,5.47,5.24,5.39,1912
ZAMET,20151012,1.93,1.93,1.88,1.92,3210
ZASTAL,20151012,0.61,0.61,0.60,0.60,13935
ZEPAK,20151012,14.60,14.65,14.01,14.20,19030
ZETKAMA,20151012,88.80,88.80,88.80,88.80,50
ZPUE,20151012,366.40,367.00,366.40,367.00,6
ZUE,20151012,7.60,7.60,7.56,7.57,1352
ZYWIEC,20151012,398.05,398.05,398.05,398.05,5
INVESTORMS,20151012,3763.94,3763.94,3763.41,3763.41,125400.994
MWIG40,20151012,3756.63,3762.57,3739.57,3753.57,91756.642
NCINDEX30,20151012,1013.45,1017.74,993.79,995.32,2593.892
RESPECT,20151012,2672.61,2675.43,2634.70,2646.42,449617.194
SWIG80,20151012,13469.95,13482.91,13370.60,13420.11,28763.100
WIG,20151012,51837.74,51888.15,51411.92,51569.81,801822.449
WIG-BANKI,20151012,6897.04,6925.04,6881.77,6925.04,179552.647
WIG-BUDOW,20151012,3064.58,3065.18,3063.99,3065.18,4290.824
WIG-CEE,20151012,755.52,766.46,755.52,766.46,16767.304
WIG-CHEMIA,20151012,14963.62,15047.44,14963.62,15047.44,21946.713
WIG-DEWEL,20151012,1467.95,1478.72,1467.95,1478.72,7939.379
WIG-ENERG,20151012,3391.66,3442.89,3391.66,3442.89,103324.750
WIG-INFO,20151012,1639.77,1643.99,1639.02,1643.99,11186.778
WIG-MEDIA,20151012,4473.47,4505.57,4473.47,4505.57,12495.513
WIG-PALIWA,20151012,4728.93,4730.36,4706.55,4730.36,117300.304
WIG-POLAND,20151012,52642.78,52711.37,52642.78,52711.37,784132.179
WIG-SPOZYW,20151012,3755.71,3755.71,3731.40,3734.41,11622.569
WIG-SUROWC,20151012,2956.17,2993.39,2925.75,2925.75,121470.630
WIG-TELKOM,20151012,906.87,910.75,902.76,902.76,29051.460
WIG-UKRAIN,20151012,389.04,389.04,388.78,388.78,10955.574
WIG20,20151012,2147.86,2152.93,2125.08,2133.56,661966.314
WIG20LEV,20151012,677.85,681.04,663.50,668.84,661966.314
WIG20SHORT,20151012,3663.13,3702.14,3654.45,3687.62,661966.314
WIG20TR,20151012,3503.00,3505.10,3502.81,3505.10,661966.314
WIG30,20151012,2385.41,2388.18,2362.49,2371.29,707115.821
WIG30TR,20151012,3844.60,3851.17,3844.60,3851.17,707115.821
WIGDIV,20151012,1108.96,1110.04,1095.50,1099.99,463649.812
08OCTAVA,20151012,1.32,1.32,1.32,1.32,1076
ADVADIS,20151012,0.01,0.01,0.01,0.01,16000
AMPLI,20151012,0.22,0.22,0.22,0.22,178
ARCUS,20151012,0.91,0.91,0.91,0.91,1500
B3SYSTEM,20151012,0.70,0.70,0.70,0.70,1000
BEDZIN,20151012,14.89,14.90,14.89,14.90,1050
CFI,20151012,9.93,9.93,9.93,9.93,85
COALENERG,20151012,0.71,0.71,0.71,0.71,47
COMPERIA,20151012,19.00,19.00,18.40,18.40,2053
DREWEX,20151012,1.10,1.10,1.10,1.10,400
EFH,20151012,0.05,0.05,0.05,0.05,204161
EKANCELAR,20151012,0.07,0.07,0.07,0.07,904941
HUTMEN,20151012,4.98,4.98,4.98,4.98,999
IBSM,20151012,0.68,0.68,0.68,0.68,120
IDEON,20151012,0.01,0.01,0.01,0.01,53620
INTERFERI,20151012,4.59,4.59,4.59,4.59,30
KCI,20151012,0.03,0.03,0.02,0.02,112315
KDMSHIPNG,20151012,2.70,2.95,2.70,2.95,7990
KOMPAP,20151012,8.00,8.00,8.00,8.00,25000
MIT,20151012,0.13,0.13,0.13,0.13,22001
MSXRESOUR,20151012,0.80,0.80,0.77,0.77,42668
NEWWORLDR,20151012,0.03,0.04,0.03,0.04,2033000
PEIXIN,20151012,5.50,5.50,5.50,5.50,180
PETROLINV,20151012,0.16,0.16,0.16,0.16,401290
PLAZACNTR,20151012,0.13,0.13,0.13,0.13,47337
POLCOLORIT,20151012,1.15,1.15,1.15,1.15,400
REGNON,20151012,1.21,1.21,1.19,1.19,5408
ROVESE,20151012,1.40,1.40,1.40,1.40,107930
SANWIL,20151012,0.81,0.81,0.81,0.81,167
SKYLINE,20151012,0.49,0.50,0.49,0.50,27372
SKYSTONE,20151012,3.35,3.35,3.35,3.35,9
ZREMB,20151012,1.19,1.19,1.19,1.19,20
01CYBATON,20151012,2.69,2.89,2.64,2.78,59611
11BIT,20151012,65.80,65.88,62.02,63.72,9551
2CPARTNER,20151012,0.60,0.60,0.60,0.60,3
2INTELLECT,20151012,0.43,0.43,0.43,0.43,30
ABPOL,20151012,0.28,0.29,0.25,0.26,65994
ABSINVEST,20151012,1.87,1.91,1.80,1.88,14635
ACARTUS,20151012,0.26,0.27,0.23,0.27,8440
ACREBIT,20151012,2.06,2.06,2.00,2.00,2277
ADFORM,20151012,8.50,8.50,8.50,8.50,5
ADMASSIVE,20151012,0.37,0.37,0.37,0.37,50
ADVERTIGO,20151012,0.08,0.08,0.08,0.08,1
ADVOCULAR,20151012,2.64,2.64,2.35,2.52,610
AEDES,20151012,0.67,0.73,0.67,0.73,4236
AERFINANC,20151012,0.42,0.42,0.42,0.42,30
AFHOL,20151012,1.88,1.88,1.88,1.88,200
AGROLIGA,20151012,16.65,16.65,15.15,16.58,1557
AGROTOUR,20151012,0.46,0.46,0.46,0.46,4520
AIRWAY,20151012,1.35,1.40,1.31,1.40,2720
AITON,20151012,1.10,1.10,1.10,1.10,1700
ALDA,20151012,1.47,1.47,1.47,1.47,1
ALFASTAR,20151012,0.23,0.23,0.19,0.19,1836
ALUMAST,20151012,0.91,0.99,0.91,0.99,600
APANET,20151012,5.32,5.32,4.80,4.80,5130
APS,20151012,2.91,2.91,2.91,2.91,1
AQUABB,20151012,13.66,13.80,13.66,13.80,20
AQUAPOZ,20151012,7.90,8.49,7.90,8.30,133
ARI,20151012,0.41,0.48,0.36,0.41,85368
ARRINERA,20151012,9.20,9.20,9.20,9.20,1
ARTBIZNES,20151012,0.30,0.30,0.29,0.29,1500
ARTNEWS,20151012,1.70,1.76,1.70,1.75,2927
ARTP,20151012,0.10,0.10,0.10,0.10,100
ASMGROUP,20151012,2.28,2.28,2.26,2.26,631
ASSETUS,20151012,1.07,1.14,1.07,1.14,1110
ASTORIA,20151012,3.75,3.75,3.75,3.75,3
ASTRO,20151012,2.00,2.10,2.00,2.10,310
ATCCARGO,20151012,2.80,2.80,2.59,2.59,913
ATONHT,20151012,0.17,0.17,0.15,0.15,11400
AUTOSPA,20151012,3.00,3.29,3.00,3.29,1721
AZTEC,20151012,2.79,2.79,2.65,2.79,65
BALTICINV,20151012,0.99,1.00,0.85,0.86,811357
BALTICON,20151012,15.00,15.00,14.00,14.00,101
BBCONSULT,20151012,3.85,3.92,3.69,3.90,2980
BDF,20151012,15.80,16.00,15.80,16.00,20
BETOMAX,20151012,3.20,3.20,2.75,2.75,4182
BGE,20151012,0.24,0.26,0.24,0.26,2450
BINARY,20151012,0.22,0.22,0.22,0.22,1
BIOERG,20151012,0.23,0.23,0.23,0.23,100
BIOGENED,20151012,11.90,11.90,10.70,11.90,567
BIOMASS,20151012,1.68,1.68,1.61,1.65,11539
BIOMAX,20151012,0.17,0.18,0.16,0.17,239959
BIOMAXIMA,20151012,3.80,3.95,3.80,3.95,110
BLACKPOIN,20151012,0.40,0.42,0.40,0.42,77507
BLIRT,20151012,1.81,1.81,1.75,1.75,202
BLOOBER,20151012,38.00,38.00,36.21,37.00,2135
BLUETAX,20151012,0.01,0.01,0.01,0.01,60460
BLUMERANG,20151012,1.10,1.10,1.10,1.10,1220
BOA,20151012,0.33,0.33,0.33,0.33,100
BOMEDIA,20151012,0.86,1.00,0.86,1.00,2005
BOOMERANG,20151012,0.48,0.48,0.44,0.44,32552
BORUTA,20151012,0.24,0.24,0.23,0.23,160558
BPC,20151012,0.44,0.48,0.44,0.48,2000
BROADGATE,20151012,0.82,0.82,0.76,0.76,497
BVT,20151012,1.74,1.98,1.71,1.92,25662
CALESCO,20151012,1.31,1.31,1.31,1.31,40
CCS,20151012,1.00,1.00,1.00,1.00,2000
CCTOOLS,20151012,0.27,0.27,0.27,0.27,103
CDE,20151012,0.14,0.15,0.14,0.14,33770
CENTURION,20151012,0.31,0.31,0.31,0.31,150
CEREALPLT,20151012,11.99,12.19,11.99,12.19,70
CFBPS,20151012,6.29,6.29,6.29,6.29,1
CLOUD,20151012,92.00,92.00,92.00,92.00,2
COLUMBUS,20151012,0.25,0.25,0.23,0.23,99128
COMECO,20151012,0.34,0.34,0.33,0.34,1930
CSY,20151012,3.68,3.68,3.59,3.59,14
CTE,20151012,5.15,5.15,5.15,5.15,1
CWPE,20151012,0.17,0.17,0.17,0.17,1000
DASE,20151012,0.44,0.44,0.44,0.44,30
DEKTRA,20151012,9.25,9.54,9.25,9.54,687
DENTAMDC,20151012,0.01,0.01,0.01,0.01,8300
DEVORAN,20151012,0.32,0.32,0.32,0.32,40
DIGITAL,20151012,0.21,0.21,0.21,0.21,2416
DOMLEK,20151012,17.70,17.70,17.70,17.70,1
EASTSIDE,20151012,1.69,1.69,1.56,1.56,1212
EASYCALL,20151012,2.25,2.54,2.04,2.54,2033
EBC,20151012,0.93,0.93,0.91,0.93,8691
EC2,20151012,1.33,1.35,1.18,1.35,2500
ECA,20151012,1.43,1.46,1.43,1.46,2850
ECERAMICS,20151012,0.01,0.01,0.01,0.01,2065345
ECOTECH,20151012,1.15,1.15,1.15,1.15,10
EDISON,20151012,1.10,1.10,1.10,1.10,100
EFENERGII,20151012,1.32,1.32,1.32,1.32,75
EFICOM,20151012,0.68,0.68,0.62,0.65,2130
EFIXDM,20151012,13.80,13.80,13.75,13.75,26
EGB,20151012,3.83,3.83,3.80,3.80,340
EKIOSK,20151012,0.72,0.73,0.72,0.73,3030
EMONT,20151012,1.03,1.03,1.03,1.03,15
EMUZYKA,20151012,2.13,2.13,2.10,2.10,1170
EONET,20151012,5.41,5.41,5.41,5.41,1
EPIGON,20151012,0.16,0.17,0.16,0.16,3010
EQUITIER,20151012,1.86,1.90,1.85,1.90,802
ERNE,20151012,4.18,4.20,4.06,4.20,9784
ERS,20151012,0.28,0.28,0.28,0.28,50
ESKIMOS,20151012,0.30,0.30,0.30,0.30,300
EUROCENT,20151012,9.99,10.00,8.75,9.99,3785
EUROTAX,20151012,2.65,2.65,2.65,2.65,1
EXAMOBILE,20151012,2.45,2.70,2.45,2.70,760
EXCELLENC,20151012,1.64,1.64,1.64,1.64,210
EZO,20151012,5.11,5.40,5.10,5.15,1096
FABRYKAKD,20151012,1.90,1.90,1.52,1.52,700
FACHOWCY,20151012,0.18,0.18,0.18,0.18,46800
FARM51,20151012,11.97,12.18,11.55,11.60,5632
FLUID,20151012,0.92,0.93,0.90,0.92,43438
FLYPL,20151012,0.25,0.30,0.22,0.30,9763488
FOREVEREN,20151012,0.54,0.57,0.54,0.57,27973
FORPOSTA,20151012,1.00,1.00,1.00,1.00,50
FUTURIS,20151012,0.94,0.94,0.94,0.94,20
GALVO,20151012,1.59,1.64,1.59,1.64,650
GCINVEST,20151012,0.58,0.60,0.55,0.55,11751
GEKOPLAST,20151012,8.90,8.90,8.90,8.90,100
GENOMED,20151012,17.00,17.70,17.00,17.70,835
GENRG,20151012,0.15,0.17,0.14,0.16,635056
GEOTRANS,20151012,7.10,7.69,6.60,7.69,24042
GOLAB,20151012,0.35,0.35,0.35,0.35,50
GPPI,20151012,0.14,0.14,0.14,0.14,7256
GRAPHIC,20151012,0.21,0.27,0.21,0.27,40976
GREENENER,20151012,0.04,0.04,0.04,0.04,3920
GREMPCO,20151012,0.12,0.13,0.12,0.13,8750
GRJAGUAR,20151012,0.95,0.95,0.81,0.91,550
GRUPAEMM,20151012,0.18,0.18,0.18,0.18,19
GRUPAHRC,20151012,2.86,2.86,2.86,2.86,10
GRUPAREC,20151012,13.19,13.19,12.69,12.69,2
HAMBURGER,20151012,1.22,1.22,1.22,1.22,10
HETAN,20151012,0.68,0.78,0.68,0.78,1290
HOLLYWOOD,20151012,5.00,5.00,5.00,5.00,100
HORTICO,20151012,3.49,3.49,3.49,3.49,1515
HOTBLOK,20151012,0.03,0.03,0.03,0.03,3000
HURTIMEX,20151012,0.23,0.23,0.23,0.23,5246
HYDROPHI,20151012,0.23,0.23,0.20,0.21,28136
I3D,20151012,0.73,0.73,0.69,0.69,1421
IAI,20151012,5.49,5.49,5.49,5.49,10
IGORIA,20151012,1.03,1.03,0.95,0.95,503
INBOOK,20151012,0.44,0.44,0.44,0.44,30
INCANA,20151012,0.67,0.67,0.67,0.67,20
INDEXMEDI,20151012,2.45,2.45,2.45,2.45,187
INFOSCAN,20151012,4.50,4.50,4.50,4.50,10
INFRA,20151012,0.66,0.68,0.63,0.66,16588
INNOGENE,20151012,8.94,8.94,8.50,8.50,10106
INTELIWIS,20151012,1.86,1.86,1.86,1.86,10
INVENTI,20151012,2.05,2.05,1.65,2.00,869
INVESTEKO,20151012,1.80,1.80,1.80,1.80,20
INWESTPL,20151012,0.30,0.32,0.30,0.32,30000
IPOSA,20151012,0.06,0.06,0.06,0.06,150
ISIAG,20151012,1.31,1.31,1.31,1.31,1
JANTAR,20151012,0.50,0.50,0.50,0.50,2500
JRHOLDING,20151012,0.58,0.58,0.58,0.58,100
JUJUBEE-PDA,20151012,4.88,5.70,4.57,5.15,70364
KANCELWEC,20151012,0.47,0.47,0.40,0.46,2751
KBJ,20151012,4.30,5.26,4.30,5.26,600
KKHERBAL,20151012,0.27,0.35,0.27,0.35,97880
KLASZTORNE,20151012,0.08,0.10,0.08,0.10,82629
KLEBAINV,20151012,4.00,4.00,4.00,4.00,4
KME,20151012,3.40,3.40,3.20,3.20,410
KOMPLEKS,20151012,0.87,0.87,0.87,0.87,1080
KORBANK,20151012,1.69,1.69,1.68,1.68,105
KUPIEC,20151012,2.97,2.97,2.80,2.80,525
LABOPRINT,20151012,15.60,15.60,15.60,15.60,1
LAURENPES,20151012,0.03,0.03,0.03,0.03,186500
LEASINGEX,20151012,0.49,0.55,0.49,0.55,770
LEONIDAS,20151012,0.32,0.37,0.29,0.29,59343
LETUS,20151012,0.12,0.13,0.12,0.12,83470
LIBERTY,20151012,0.01,0.01,0.01,0.01,2700
LKDESIGN,20151012,6.18,6.50,6.18,6.50,517
LOYD,20151012,0.38,0.40,0.36,0.36,11302
LSTECHHOM,20151012,0.99,1.02,0.99,1.02,6730
LUG,20151012,3.11,3.11,3.11,3.11,77
LUXIMA,20151012,0.04,0.04,0.04,0.04,300
LZMO,20151012,1.50,1.53,1.42,1.52,12397
M10,20151012,0.12,0.12,0.12,0.12,1000
MADKOM,20151012,1.72,1.72,1.71,1.71,400
MAKOLAB,20151012,3.90,3.93,3.88,3.93,770
MAKORA,20151012,1.37,1.45,1.37,1.45,8731
MALKOWSKI,20151012,0.70,0.70,0.70,0.70,500
MARKA,20151012,2.37,2.37,2.37,2.37,10
MARSOFT,20151012,0.13,0.13,0.13,0.13,300
MAXIPIZZA,20151012,0.71,0.71,0.70,0.70,1300
MBFGROUP,20151012,6.55,7.10,6.10,6.70,2579
MED,20151012,5.42,5.42,5.42,5.42,2
MEDIACAP,20151012,2.54,2.54,2.54,2.54,10
MEDIANPOL,20151012,0.39,0.41,0.39,0.41,3111
MEGASONIC,20151012,6.30,6.30,6.20,6.20,402
MENNICASK,20151012,2.55,2.55,2.55,2.55,120
MERA,20151012,1.59,1.59,1.59,1.59,10
MERIT,20151012,0.23,0.23,0.23,0.23,50
MIDVEN,20151012,103.00,106.00,100.00,106.00,53
MILESTONE,20151012,6.70,7.89,6.70,7.50,546
MINERAL,20151012,0.52,0.52,0.52,0.52,1234
MINOX,20151012,0.08,0.08,0.08,0.08,200
MMCPL,20151012,4.44,4.44,4.44,4.44,1
MOBINI,20151012,0.60,0.60,0.60,0.60,100
MODE,20151012,0.55,0.55,0.55,0.55,2
MOLMEDICA,20151012,0.03,0.03,0.03,0.03,20000
MONDAY,20151012,0.90,0.90,0.90,0.90,1174
MORIZON,20151012,1.46,1.46,1.46,1.46,1
MOTORICUS,20151012,0.58,0.58,0.48,0.54,5603
NANOTEL,20151012,2.95,2.95,2.80,2.80,501
NEPTIS,20151012,24.00,25.00,24.00,25.00,110
NETWISE,20151012,3.50,3.50,3.50,3.50,5
NOVATIS,20151012,0.37,0.37,0.37,0.37,30
NOVAVIS,20151012,1.11,1.15,1.03,1.14,26186
NOVINA,20151012,0.60,0.61,0.59,0.61,53471
OPENNET,20151012,1.85,1.85,1.85,1.85,1355
OPTIZENLB,20151012,0.29,0.29,0.29,0.29,15
ORGANIC,20151012,4.50,4.50,4.25,4.49,266
ORIONINV,20151012,99.85,99.85,86.74,97.00,35
PARTNER,20151012,0.07,0.07,0.07,0.07,242
PATFUND,20151012,0.29,0.29,0.29,0.29,100
PFMEDICAL,20151012,37.50,37.50,37.50,37.50,2
PGSSOFT,20151012,7.49,8.19,7.49,8.00,17197
PHARMENA,20151012,20.80,20.99,19.50,20.99,1703
PHOTON,20151012,0.79,0.81,0.73,0.81,30480
PIK,20151012,0.39,0.39,0.39,0.39,200
PILAB,20151012,44.50,44.50,43.50,43.55,485
PLANETSOF,20151012,0.14,0.15,0.13,0.13,6700
PLASMA,20151012,13.00,13.00,13.00,13.00,2075
POLFA,20151012,0.34,0.34,0.30,0.34,8520
PPRICE,20151012,0.03,0.03,0.03,0.03,20500
PREFABET,20151012,10.42,11.10,10.42,11.10,11
PREMFOOD,20151012,0.60,0.60,0.60,0.60,676
PRESTO,20151012,0.75,0.75,0.75,0.75,6233
PRIME,20151012,36.00,38.00,30.00,31.24,10271
PROLOG,20151012,8.95,8.95,8.95,8.95,559
PRYMUS,20151012,5.10,5.10,4.99,5.09,516
PYLON,20151012,0.19,0.20,0.19,0.20,3000
RAJDY4X4,20151012,0.04,0.04,0.04,0.04,7000
READGENE,20151012,1.51,1.52,1.51,1.52,500
ROBINSON,20151012,10.75,12.00,10.70,12.00,1154
ROCCA,20151012,0.40,0.40,0.40,0.40,50
ROVITA,20151012,0.21,0.24,0.21,0.24,800
RSY,20151012,6.93,6.93,6.93,6.93,5
RUNICOM,20151012,0.50,0.50,0.50,0.50,30
SAPLING,20151012,0.29,0.29,0.29,0.29,1
SETANTA,20151012,15.50,15.50,15.50,15.50,45
SEVENET,20151012,2.55,2.55,2.55,2.55,4220
SFKPOLKAP,20151012,6.48,6.67,6.48,6.58,4225
SILVACG,20151012,0.01,0.01,0.01,0.01,215
SITE,20151012,0.06,0.07,0.06,0.07,272160
SMSKREDYT,20151012,0.85,0.85,0.85,0.85,3097
SPC,20151012,0.05,0.05,0.05,0.05,100
STANUSCH,20151012,8.00,8.00,8.00,8.00,5
STARFIT,20151012,1.29,1.29,1.29,1.29,790
STEMCELLS,20151012,1.22,1.22,1.22,1.22,51
STOPKLA,20151012,9.70,9.70,9.70,9.70,15
SURFLAND,20151012,0.78,0.83,0.74,0.82,6489
SWISSPSM,20151012,0.27,0.32,0.27,0.31,8827
SYMBIO,20151012,3.50,3.60,3.50,3.55,485
SZAR,20151012,0.07,0.07,0.07,0.07,200
T2INVEST,20151012,1.85,1.85,1.85,1.85,10
TABLEO,20151012,1.04,1.04,1.04,1.04,825
TAMEX,20151012,0.49,0.49,0.48,0.49,43443
TAXNET,20151012,0.43,0.43,0.43,0.43,30
TAXUSFUND,20151012,0.07,0.07,0.07,0.07,22500
TECHMADEX,20151012,20.30,20.30,20.28,20.28,64
TELESTR,20151012,11.80,11.80,11.80,11.80,113
TELGAM,20151012,0.24,0.25,0.22,0.25,12100
TILIA,20151012,0.86,0.97,0.86,0.97,1205
TROPHYRES,20151012,3.16,3.16,3.16,3.16,5
UNIMOT,20151012,14.70,14.70,12.00,13.00,559
UNITED,20151012,0.49,0.52,0.48,0.52,31591
VAKOMTEK,20151012,1.19,1.19,1.19,1.19,2
VCP,20151012,0.28,0.28,0.28,0.28,40
VELTO,20151012,0.29,0.34,0.26,0.34,57504
VENITI,20151012,0.71,0.71,0.71,0.71,20
VENTUREIN,20151012,2.25,2.35,2.10,2.35,1191
VERBICOM,20151012,3.00,3.00,2.80,2.80,510
VIDIS,20151012,2.77,2.77,2.77,2.77,84
VIVID,20151012,6.00,6.00,5.81,5.89,7697
WBAY,20151012,4.25,4.25,4.25,4.25,10
WDBBU,20151012,3.00,3.00,3.00,3.00,1
WEEDO,20151012,3.76,4.51,3.52,4.51,1003
WIERZYCL,20151012,0.48,0.48,0.48,0.48,50
XPLUS,20151012,0.12,0.12,0.11,0.12,5105
XSYSTEM,20151012,0.84,0.99,0.80,0.99,6175
YELLOWHAT,20151012,0.36,0.36,0.33,0.34,1710
YOURIMAGE,20151012,0.33,0.37,0.31,0.37,426320
NCINDEX,20151012,284.81,285.81,283.00,284.08,5818.907
2CP0316,20151012,90.80,91.00,90.80,91.00,78
ALR0421,20151012,102.50,102.99,102.50,102.99,4
BOM0221,20151012,102.35,102.35,102.35,102.35,2
BPS0718,20151012,96.50,96.50,96.30,96.30,105
BPS1122,20151012,96.45,96.50,96.45,96.50,1000
BRB0425,20151012,100.20,100.28,100.20,100.28,51
BST0319,20151012,99.07,99.07,99.07,99.07,5
BST0418,20151012,100.33,100.33,100.29,100.29,71
BST0516,20151012,101.10,101.10,101.10,101.10,34
BTY0317,20151012,99.70,99.70,99.70,99.70,3
CAP0617,20151012,99.99,99.99,99.99,99.99,45
CAP0618,20151012,99.10,99.10,99.10,99.10,50
CAS1117,20151012,100.50,100.50,100.50,100.50,20
CPS0721,20151012,101.20,101.30,101.20,101.21,190
CTG0417,20151012,98.50,98.50,98.50,98.50,7
CZT0416,20151012,68.00,68.00,67.03,67.03,2
DAY0916,20151012,39.00,39.00,35.11,35.20,58
DS0725,20151012,104.70,104.70,104.70,104.70,65
DS0726,20151012,97.50,98.00,97.50,98.00,263
DS1015,20151012,100.10,100.10,100.10,100.10,69
DS1017,20151012,106.90,106.90,106.90,106.90,83
DS1019,20151012,113.00,113.00,112.80,112.80,36
DS1020,20151012,114.00,114.00,113.60,113.60,11
ECH0318,20151012,102.47,102.47,102.17,102.17,450
ECH0616,20151012,100.81,100.81,100.80,100.80,532
EDI1116,20151012,98.01,98.01,98.01,98.01,5
ERC0916,20151012,100.85,100.85,100.85,100.85,7
EVC0418,20151012,101.00,101.00,101.00,101.00,20
FKD0516,20151012,94.98,94.98,94.98,94.98,5
GBS0621,20151012,99.99,100.00,99.99,100.00,65
GNB0218,20151012,97.95,98.40,97.95,98.00,616
GNB0220,20151012,93.55,94.90,93.55,94.90,142
GNB0318,20151012,97.90,98.00,97.90,97.95,120
GNB0418,20151012,97.40,97.50,97.40,97.50,30
GNB0421,20151012,91.74,91.75,91.50,91.50,63
GNB0518,20151012,96.95,97.00,96.95,97.00,60
GNB0620,20151012,92.69,92.69,92.69,92.69,3
GNB0720,20151012,92.49,92.49,92.49,92.49,5
GNB0819,20151012,95.80,95.80,95.80,95.80,50
GNB0820,20151012,92.00,92.00,92.00,92.00,3
GNB0917,20151012,99.40,100.00,99.40,100.00,94
GNB1019,20151012,95.58,95.99,95.58,95.99,93
GNB1120,20151012,91.99,92.00,91.99,92.00,11
GNF0618,20151012,97.50,97.50,97.50,97.50,50
GPW0117,20151012,101.10,101.12,100.80,101.12,3666
IPP0620,20151012,100.99,101.00,100.99,101.00,38
IVO0616,20151012,92.50,93.10,92.50,93.10,22
KAN0318,20151012,101.49,101.49,101.49,101.49,5
KOS0516,20151012,100.00,100.00,100.00,100.00,1
KR20116,20151012,99.90,99.90,99.90,99.90,10
KRI0116,20151012,100.00,100.00,99.60,99.60,425
KRS0316,20151012,67.00,67.00,67.00,67.00,50
KRU0517,20151012,101.26,102.80,101.26,102.80,123
KRU0620,20151012,100.01,100.50,100.01,100.50,166
KRU1217,20151012,103.70,103.70,103.50,103.50,1012
LKD1017,20151012,100.10,100.10,100.10,100.10,20
MRB0717,20151012,86.00,87.20,86.00,87.20,196
MUR1115,20151012,100.00,100.00,100.00,100.00,10
MUR1116,20151012,100.39,100.39,100.39,100.39,30
MWT0616,20151012,99.00,99.00,99.00,99.00,100
OK0116,20151012,99.45,99.45,99.45,99.45,70
PBS1021,20151012,93.70,94.75,93.70,94.75,26
PCR0416,20151012,101.00,101.00,101.00,101.00,50
PCR0419,20151012,100.80,100.80,100.80,100.80,41
PCR0620,20151012,100.26,100.26,100.26,100.26,1
PCR1019,20151012,100.80,100.80,100.80,100.80,1
PIN1016,20151012,99.50,99.50,99.50,99.50,3
PK11117,20151012,100.86,100.86,100.86,100.86,714
PKN0418,20151012,101.59,101.59,101.00,101.00,2255
PKN0420,20151012,107.41,107.41,107.40,107.40,2740
PKN0617,20151012,101.00,101.00,101.00,101.00,705
PKN1117,20151012,101.29,101.29,101.29,101.29,27
PND0217,20151012,100.50,100.50,100.50,100.50,1
PND0618,20151012,98.81,98.81,98.81,98.81,2
POZ0219,20151012,100.40,100.40,100.40,100.40,3
PRF0418,20151012,99.98,99.98,99.98,99.98,1
PRF1216,20151012,99.30,99.30,99.30,99.30,1
PRI1117,20151012,99.89,99.89,98.55,98.55,4
PS0416,20151012,101.60,101.60,101.60,101.60,17
PS0718,20151012,101.40,101.40,101.30,101.30,28
PS1016,20151012,103.05,103.05,103.05,103.05,11
PTI1115,20151012,11.95,13.00,11.95,13.00,16
RNK0616,20151012,82.00,92.00,82.00,92.00,72
ROB0218,20151012,103.50,103.50,103.50,103.50,19
ROG0218,20151012,101.50,101.50,101.50,101.50,100
RON0716,20151012,102.00,102.00,102.00,102.00,7
SAF1115,20151012,99.00,99.00,99.00,99.00,1
SBK1020,20151012,102.20,102.20,102.20,102.20,5
WS0922,20151012,120.37,120.37,120.37,120.37,23
WZ0117,20151012,99.95,99.95,99.95,99.95,30
