FACPM16,20151001,53.95,53.95,53.95,53.95,2,20
FALRZ15,20151001,78.88,78.88,77.68,77.68,2,8
FCDRZ15,20151001,26.97,27.03,26.52,26.52,43,309
FCHF,20151001,390.80,391.49,390.40,390.94,307,2170
FCHFM16,20151001,396.10,396.10,395.00,395.20,5,258
FCHFV15,20151001,389.25,389.25,389.18,389.18,270,252
FCHFWS,20151001,389.25,389.25,389.18,389.18,270,252
FCHFZ15,20151001,390.80,391.49,390.40,390.94,32,970
FEUR,20151001,425.64,426.27,425.13,425.83,855,22656
FEURH16,20151001,426.70,427.76,426.70,427.76,20,10249
FEURM16,20151001,429.96,429.96,428.90,429.10,3,351
FEURU16,20151001,430.74,431.00,430.74,431.00,3,88
FEURV15,20151001,424.31,424.31,424.31,424.31,250,504
FEURWS,20151001,424.31,424.31,424.31,424.31,250,504
FEURZ15,20151001,425.64,426.27,425.13,425.83,579,11464
FJSWH16,20151001,11.50,11.94,11.23,11.60,16,101
FJSWM16,20151001,11.60,11.60,11.60,11.60,1,11
FJSWZ15,20151001,11.18,11.82,11.18,11.49,335,1702
FKGHH16,20151001,82.99,82.99,81.52,81.52,2,40
FKGHM16,20151001,83.85,84.63,83.85,84.63,8,45
FKGHZ15,20151001,82.93,84.73,80.60,81.30,1923,1662
FLTSZ15,20151001,28.03,28.88,28.03,28.35,32,154
FLWBZ15,20151001,57.00,60.51,57.00,60.51,11,32
FOPLH16,20151001,7.23,7.23,7.17,7.17,2,14
FOPLZ15,20151001,7.30,7.30,7.10,7.17,25,218
FPEOZ15,20151001,155.60,155.65,153.05,154.00,47,171
FPGEH16,20151001,13.59,13.59,13.56,13.56,40,82
FPGEZ15,20151001,13.54,13.78,13.35,13.49,457,1568
FPGNZ15,20151001,6.50,6.60,6.46,6.52,63,249
FPKNM16,20151001,65.43,65.60,65.43,65.60,6,3
FPKNZ15,20151001,66.60,66.90,65.02,66.30,375,1241
FPKOH16,20151001,28.81,28.81,28.81,28.81,1,42
FPKOZ15,20151001,29.89,29.89,28.88,29.21,625,1810
FPZUM16,20151001,388.00,388.00,388.00,388.00,1,3
FPZUZ15,20151001,387.65,391.80,379.00,380.10,236,671
FSENZ15,20151001,2.06,2.06,2.06,2.06,1,22
FTPEH16,20151001,3.27,3.42,3.27,3.42,16,19
FTPEZ15,20151001,3.31,3.40,3.20,3.27,250,579
FUSD,20151001,381.28,381.86,379.64,379.93,2170,20570
FUSDH16,20151001,382.00,382.23,381.60,382.23,7,687
FUSDM16,20151001,383.03,383.03,381.13,381.13,11,81
FUSDU16,20151001,383.50,383.57,383.50,383.57,2,29
FUSDV15,20151001,380.11,380.32,380.11,380.32,3,516
FUSDWS,20151001,380.11,380.32,380.11,380.32,3,516
FUSDZ15,20151001,381.28,381.86,379.64,379.93,2147,19253
FW20,20151001,2079,2085,2043,2052,20892,54307
FW20H1620,20151001,2085,2091,2052,2060,116,259
FW20M1620,20151001,2051,2053,2041,2045,36,123
FW20U1620,20151001,2052,2053,2025,2026,12,78
FW20WS,20151001,2079,2085,2043,2052,20728,53847
FW20Z1520,20151001,2079,2085,2043,2052,20728,53847
FW40H16,20151001,3500,3500,3500,3500,1,7
FW40Z15,20151001,3497,3500,3453,3456,330,2140
OW20C162200,20151001,63.55,63.55,63.55,63.55,1,38
OW20C162300,20151001,38.59,38.59,38.59,38.59,1,54
OW20C162400,20151001,18.62,18.62,18.62,18.62,1,65
OW20C162600,20151001,5.21,5.21,4.74,4.75,4,176
OW20C162700,20151001,1.92,1.92,1.69,1.69,2,242
OW20F162600,20151001,8.42,8.42,8.42,8.42,2,71
OW20I162600,20151001,12.50,12.50,12.50,12.50,1,71
OW20J152025,20151001,48.55,48.55,42.00,44.52,6,20
OW20J152050,20151001,33.91,37.14,27.75,31.35,16,60
OW20J152075,20151001,31.00,32.00,19.42,19.42,28,98
OW20J152100,20151001,18.48,20.00,12.60,12.60,76,117
OW20J152125,20151001,12.12,12.12,6.00,6.00,31,111
OW20J152150,20151001,5.75,5.80,3.00,3.81,45,113
OW20J152175,20151001,2.73,2.73,2.00,2.00,83,148
OW20J152200,20151001,2.01,2.01,1.25,1.25,14,117
OW20K151900,20151001,189.15,189.15,189.15,189.15,2,0
OW20K152100,20151001,45.50,45.50,43.00,43.00,6,13
OW20K152200,20151001,17.59,17.59,16.05,16.05,11,25
OW20K152250,20151001,8.73,8.73,7.44,7.44,11,28
OW20K152300,20151001,4.25,4.25,4.06,4.06,5,16
OW20K152350,20151001,2.01,2.02,2.00,2.00,80,96
OW20L152000,20151001,116.90,119.00,116.90,119.00,2,23
OW20L152050,20151001,99.00,99.00,87.55,87.55,13,38
OW20L152100,20151001,75.00,76.00,65.00,65.00,36,130
OW20L152150,20151001,48.00,48.00,48.00,48.00,1,32
OW20L152200,20151001,36.60,36.60,32.59,32.59,51,1231
OW20L152300,20151001,16.31,16.31,14.46,14.67,21,411
OW20L152350,20151001,10.45,10.80,10.45,10.80,10,88
OW20L152400,20151001,6.83,6.83,5.38,5.38,16,272
OW20L152450,20151001,3.46,3.46,3.46,3.46,10,75
OW20L152500,20151001,2.00,2.12,2.00,2.00,75,974
OW20O162100,20151001,134.00,134.00,134.00,134.00,1,53
OW20R161800,20151001,43.20,43.20,43.20,43.20,1,67
OW20R162100,20151001,150.50,150.50,150.50,150.50,1,18
OW20U161800,20151001,57.65,57.65,57.65,57.65,1,5
OW20V151850,20151001,1.00,1.00,1.00,1.00,3,153
OW20V151900,20151001,2.00,2.45,1.99,2.45,135,306
OW20V151925,20151001,2.01,3.25,2.00,3.25,77,59
OW20V151950,20151001,2.80,4.75,2.71,4.63,15,144
OW20V151975,20151001,4.70,8.40,4.70,8.40,27,36
OW20V152000,20151001,8.29,13.50,7.00,11.99,53,152
OW20V152025,20151001,11.91,18.53,11.91,18.53,16,76
OW20V152050,20151001,18.50,28.79,17.00,26.33,15,100
OW20V152075,20151001,28.00,40.69,26.00,40.69,12,44
OW20V152100,20151001,40.69,45.18,38.13,45.18,15,130
OW20V152125,20151001,60.10,76.45,60.10,76.45,3,40
OW20V152175,20151001,101.50,124.90,99.80,124.90,25,45
OW20V152200,20151001,142.10,142.10,142.10,142.10,9,41
OW20W151700,20151001,1.50,2.00,1.50,2.00,61,255
OW20W151750,20151001,2.00,2.06,2.00,2.06,15,35
OW20W151800,20151001,4.39,4.39,4.39,4.39,1,35
OW20W151850,20151001,9.50,9.50,9.50,9.50,1,19
OW20W152050,20151001,58.80,58.80,58.80,58.80,1,25
OW20W152100,20151001,91.05,91.05,91.05,91.05,3,9
OW20X151700,20151001,4.51,6.05,4.51,6.05,27,255
OW20X151750,20151001,7.99,8.50,7.99,8.50,22,43
OW20X151800,20151001,11.80,11.80,11.45,11.79,12,228
OW20X151850,20151001,17.10,17.10,17.10,17.10,1,48
OW20X151900,20151001,28.17,30.37,28.17,30.37,19,3603
OW20X151950,20151001,41.30,41.30,41.30,41.30,8,63
OW20X152000,20151001,51.00,61.75,51.00,61.75,6,502
OW20X152100,20151001,106.00,107.90,106.00,107.90,2,1129
OW20X152200,20151001,187.00,187.00,184.20,184.20,11,1204
OW20X152300,20151001,246.95,246.95,242.60,242.60,2,2588
4FUNMEDIA,20151001,4.18,4.19,4.15,4.19,2416
ABCDATA,20151001,3.17,3.21,3.17,3.20,28638
ABMSOLID,20151001,0.61,0.63,0.60,0.61,17704
ABPL,20151001,34.01,34.47,34.00,34.47,781
ACAUTOGAZ,20151001,29.50,29.50,29.00,29.00,2365
ACE,20151001,11.56,12.19,11.56,11.75,13334
ACTION,20151001,26.94,27.00,26.88,27.00,26512
AGORA,20151001,11.84,11.85,11.80,11.81,2129
AGROTON,20151001,1.03,1.04,1.03,1.04,5700
ALCHEMIA,20151001,4.51,4.72,4.51,4.60,187005
ALIOR,20151001,80.17,80.17,76.50,76.72,215635
ALMA,20151001,9.96,10.27,9.96,10.27,158
ALTA,20151001,1.98,1.98,1.87,1.97,1152
ALTUSTFI,20151001,10.85,10.87,10.20,10.48,19018
ALUMETAL,20151001,48.50,48.50,47.81,48.49,367
AMBRA,20151001,8.70,8.80,8.70,8.80,1271
AMICA,20151001,153.50,155.80,153.50,155.50,8785
AMREST,20151001,164.05,168.95,164.05,167.00,43914
APATOR,20151001,31.79,32.47,31.79,32.38,1409
APLISENS,20151001,12.74,12.74,12.74,12.74,1
ARCTIC,20151001,3.12,3.18,3.12,3.17,1175
ARK2FRN15,20151001,63.00,69.30,60.10,66.44,967
ARKASWE17,20151001,73.69,73.69,73.69,73.69,29
ARTERIA,20151001,15.37,15.37,14.81,14.90,822
ASBIS,20151001,1.13,1.20,1.10,1.13,773650
ASSECOBS,20151001,14.24,14.24,13.71,13.75,136
ASSECOPOL,20151001,54.03,54.80,54.00,54.29,102327
ASSECOSEE,20151001,9.95,9.95,9.95,9.95,400
ASTARTA,20151001,27.47,27.90,27.28,27.28,19325
ATAL,20151001,21.76,21.76,21.76,21.76,706
ATENDE,20151001,2.52,2.53,2.52,2.53,3932
ATLANTAPL,20151001,8.53,8.53,8.38,8.45,692
ATLANTIS,20151001,0.55,0.57,0.54,0.57,28763
ATM,20151001,9.60,9.60,9.60,9.60,10
ATMGRUPA,20151001,3.59,3.59,3.47,3.50,1162
ATREM,20151001,5.09,5.09,4.60,4.61,18274
AVIAAML,20151001,5.78,5.78,5.73,5.77,202
AVIASG,20151001,20.85,21.00,20.80,20.80,924
AWBUD,20151001,2.70,2.80,2.70,2.80,2831
BALTONA,20151001,8.00,8.00,8.00,8.00,1
BANKBPH,20151001,37.56,38.58,37.56,38.57,494
BBIDEV,20151001,0.88,0.89,0.87,0.89,136895
BENEFIT,20151001,411.00,418.95,408.90,408.90,130
BEST,20151001,17.70,18.28,17.60,17.60,2094
BETACOM,20151001,10.70,10.75,10.70,10.70,710
BGZBNPP,20151001,49.99,50.45,49.99,50.45,5
BIOMEDLUB,20151001,3.00,3.04,2.79,2.91,4721
BIOTON,20151001,10.00,10.04,9.96,9.99,44634
BMPAG,20151001,2.74,2.74,2.74,2.74,1
BOGDANKA,20151001,56.77,61.36,56.41,60.58,388505
BORYSZEW,20151001,4.90,4.98,4.90,4.98,230015
BOS,20151001,20.61,21.29,20.61,20.87,1059
BOWIM,20151001,1.88,1.88,1.88,1.88,1070
BPHFIZSN,20151001,42.20,42.20,42.20,42.20,50
BRASTER,20151001,13.80,13.87,13.01,13.29,4812
BRIJU,20151001,14.99,14.99,14.06,14.30,5010
BSCDRUK,20151001,32.40,32.40,32.40,32.40,2205
BUDIMEX,20151001,200.00,201.75,200.00,201.70,1758
BUMECH,20151001,0.74,0.76,0.74,0.76,46151
BUWOG,20151001,80.00,80.00,79.69,79.69,42
BYTOM,20151001,3.29,3.29,3.25,3.28,32920
BZWBK,20151001,293.50,294.90,291.15,292.20,129301
CALATRAVA,20151001,0.62,0.64,0.59,0.61,76291
CAMMEDIA,20151001,5.00,5.00,4.72,4.72,2443
CAPITAL,20151001,2.26,2.27,2.26,2.27,3456
CCC,20151001,164.80,167.40,162.70,164.45,88500
CDPROJEKT,20151001,26.96,26.96,26.29,26.29,150791
CDRL,20151001,16.50,17.13,16.40,17.13,5861
CELTIC,20151001,4.62,4.62,4.62,4.62,175
CEZ,20151001,79.40,79.40,76.80,77.15,1327
CHEMOS,20151001,1.19,1.26,1.17,1.24,23680
CIECH,20151001,72.60,74.01,72.60,73.48,17361
CIGAMES,20151001,18.32,18.35,18.17,18.35,8687
CNT,20151001,8.15,8.39,8.11,8.39,1232
COGNOR,20151001,1.25,1.29,1.25,1.29,501
COLIAN,20151001,4.40,4.40,4.28,4.39,11558
COMARCH,20151001,127.00,127.00,126.00,127.00,9611
COMP,20151001,55.50,55.50,53.98,54.22,24645
CORMAY,20151001,1.71,1.71,1.60,1.62,164628
CORMAY-PDA,20151001,1.69,1.69,1.58,1.62,184123
CPGROUP,20151001,5.86,5.88,5.86,5.88,4603
CUBEITG,20151001,5.24,5.44,5.10,5.34,3011
CYFRPLSAT,20151001,23.51,23.51,23.02,23.50,444026
CZTOREBKA,20151001,1.26,1.26,1.15,1.18,90450
DEBICA,20151001,78.90,79.00,78.89,78.89,2513
DECORA,20151001,6.74,6.74,6.74,6.74,501
DELKO,20151001,8.00,8.26,7.94,8.20,1307
DGA,20151001,5.97,5.97,5.97,5.97,1
DMWDM,20151001,0.39,0.39,0.39,0.39,3
DOMDEV,20151001,46.00,46.00,46.00,46.00,1
DROZAPOL,20151001,1.94,2.13,1.94,2.13,96
DTP,20151001,4.45,4.45,4.39,4.39,1541
DUON,20151001,3.21,3.28,3.21,3.27,125501
ECARD,20151001,3.90,3.97,3.90,3.97,420
ECHO,20151001,6.50,6.51,6.50,6.50,101554
EDINVEST,20151001,2.42,2.42,2.42,2.42,1
EFEKT,20151001,15.49,15.96,15.49,15.96,1746
EKOEXPORT,20151001,16.80,16.80,15.85,15.95,69999
ELBUDOWA,20151001,141.00,146.70,141.00,144.50,827
ELEKTROTI,20151001,16.00,16.77,16.00,16.60,5525
ELEMENTAL,20151001,4.41,4.43,4.36,4.38,50533
ELKOP,20151001,1.30,1.30,1.30,1.30,286
ELZAB,20151001,14.51,15.45,14.51,15.45,100
EMCINSMED,20151001,14.96,14.96,14.01,14.01,37
EMPERIA,20151001,64.00,64.00,62.71,63.20,3191
ENEA,20151001,13.55,13.60,13.30,13.46,316140
ENELMED,20151001,9.91,9.92,9.90,9.90,1021
ENERGA,20151001,17.09,17.22,16.81,17.10,679226
ENERGOINS,20151001,9.92,9.92,9.50,9.65,408
ERG,20151001,21.51,21.51,21.51,21.51,10
ERGIS,20151001,6.05,6.07,6.01,6.07,1995
ESOTIQ,20151001,33.00,35.00,33.00,35.00,204
ESSYSTEM,20151001,2.89,2.95,2.86,2.95,690
ETFDAX,20151001,399.97,400.00,391.70,391.70,304
ETFSP500,20151001,75.47,75.52,74.30,74.30,175
ETFW20L,20151001,240.04,240.04,236.49,236.52,252
EUCO,20151001,47.25,49.85,46.49,48.00,5978
EUROCASH,20151001,44.89,45.00,44.21,44.79,241134
EUROTEL,20151001,17.10,17.49,17.10,17.49,1177
EVEREST,20151001,2.04,2.04,2.04,2.04,27
FAMUR,20151001,1.89,1.92,1.89,1.91,9264
FARMACOL,20151001,62.49,62.49,62.00,62.40,38
FASING,20151001,17.66,17.69,17.17,17.69,106
FASTFIN,20151001,0.55,0.55,0.52,0.52,34109
FEERUM,20151001,22.34,22.34,22.28,22.28,93
FERRO,20151001,10.41,10.94,10.40,10.94,550
FERRUM,20151001,5.11,5.11,5.00,5.10,1749
FON,20151001,0.56,0.58,0.56,0.58,302
FORTE,20151001,51.70,51.70,51.00,51.00,2088
FORTUNA,20151001,10.69,10.79,10.69,10.79,209
FOTA,20151001,0.56,0.56,0.52,0.53,50705
GETIN,20151001,1.49,1.49,1.43,1.47,211500
GETINOBLE,20151001,0.87,0.88,0.85,0.87,5166698
GINOROSSI,20151001,2.77,2.82,2.75,2.82,13145
GLCOSMED,20151001,4.80,4.80,4.58,4.62,5743
GORENJE,20151001,20.35,21.20,20.35,21.20,484
GPW,20151001,38.38,39.39,38.20,39.39,14859
GRAAL,20151001,30.21,31.29,30.21,30.27,5393
GRAJEWO,20151001,23.29,23.94,23.29,23.30,3033
GREMMEDIA,20151001,1.94,1.94,1.94,1.94,520
GROCLIN,20151001,14.30,14.74,14.01,14.01,57360
GRUPAAZOTY,20151001,89.00,93.00,88.88,91.97,48529
GTC,20151001,6.21,6.29,6.20,6.20,79529
HANDLOWY,20151001,81.50,81.50,80.52,80.95,19618
HARPER,20151001,1.88,1.88,1.88,1.88,1
HAWE,20151001,1.06,1.09,1.01,1.02,4011128
HELIO,20151001,4.02,4.02,4.00,4.00,2300
HERKULES,20151001,4.07,4.10,4.06,4.10,7600
HUBSTYLE,20151001,0.90,0.90,0.90,0.90,1
HYDROTOR,20151001,34.98,36.67,34.14,36.67,1306
HYPERION,20151001,3.63,3.63,3.63,3.63,3
IDEABANK,20151001,25.00,25.50,25.00,25.50,100
IDMSA,20151001,1.55,1.55,1.46,1.55,258
IFCAPITAL,20151001,1.19,1.20,1.15,1.20,10794
IFSA,20151001,0.51,0.53,0.51,0.51,7610
IIAAV,20151001,8.82,8.82,8.82,8.82,100
IMCOMPANY,20151001,4.83,5.19,4.83,5.19,210
IMMOBILE,20151001,2.40,2.40,2.32,2.40,12790
IMPEL,20151001,28.00,28.00,27.40,27.82,28
IMPERA,20151001,1.48,1.48,1.48,1.48,17
IMPEXMET,20151001,2.63,2.67,2.59,2.59,35275
INC,20151001,2.10,2.14,2.10,2.14,2197
INDATA,20151001,0.77,0.77,0.72,0.72,70494
INDYGO,20151001,0.87,0.88,0.82,0.84,525873
INDYKPOL,20151001,94.00,94.49,92.05,94.00,1256
INGBSK,20151001,119.85,123.05,119.85,122.00,15441
INPRO,20151001,3.56,3.56,3.56,3.56,699
INSTALKRK,20151001,10.63,10.65,10.60,10.60,378
INTEGERPL,20151001,121.60,123.70,121.20,123.60,5476
INTERAOLT,20151001,18.38,18.38,17.72,17.72,547
INTERBUD,20151001,2.34,2.34,2.14,2.22,7744
INTERCARS,20151001,231.20,235.00,231.20,235.00,4322
INTERSPPL,20151001,1.66,1.67,1.65,1.67,964
INTROL,20151001,9.90,9.90,9.90,9.90,35
INVISTA,20151001,2.00,2.14,2.00,2.11,31715
INVPEFIZ,20151001,825.00,825.00,825.00,825.00,19
IPERMFIZ,20151001,60.90,60.90,60.90,60.90,6
IPOPEMA,20151001,3.12,3.12,2.94,3.12,3022
IQP,20151001,0.80,0.83,0.80,0.83,32670
IVMX,20151001,5.95,5.96,5.95,5.96,6048
IZOBLOK,20151001,108.00,108.00,107.95,107.95,70
IZOLACJA,20151001,1.07,1.07,1.07,1.07,4
IZOSTAL,20151001,4.29,4.29,4.21,4.21,210
JHMDEV,20151001,1.53,1.56,1.53,1.56,37737
JSW,20151001,11.40,11.89,11.25,11.51,308091
JWCONSTR,20151001,4.50,4.66,4.36,4.53,22259
K2INTERNT,20151001,11.37,11.37,11.30,11.30,502
KANIA,20151001,2.90,2.90,2.89,2.89,9350
KBDOM,20151001,2.90,2.95,2.80,2.95,3659
KERDOS,20151001,0.52,0.62,0.50,0.56,7358200
KERNEL,20151001,45.30,45.38,44.40,45.00,241778
KETY,20151001,293.80,293.80,286.60,289.00,2201
KGHM,20151001,83.40,84.65,80.37,81.32,929568
KINOPOL,20151001,13.40,13.40,13.40,13.40,101
KOFOLA,20151001,52.40,52.40,52.40,52.40,5000
KOGENERA,20151001,74.00,74.95,74.00,74.00,300
KOMPUTRON,20151001,8.20,8.20,8.15,8.20,10139
KONSSTALI,20151001,34.90,34.90,33.12,33.81,131
KOPEX,20151001,5.55,5.73,5.55,5.60,460571
KRAKCHEM,20151001,4.18,4.29,4.06,4.12,36903
KREC,20151001,7.05,7.05,6.96,6.96,3769
KREDYTIN,20151001,25.64,25.99,23.83,25.80,81026
KREZUS,20151001,3.60,3.75,3.52,3.75,10493
KRUK,20151001,174.20,174.20,171.50,172.00,17165
KRUSZWICA,20151001,56.70,56.80,56.50,56.50,13
KSGAGRO,20151001,0.94,0.95,0.92,0.95,9150
LCCORP,20151001,1.83,1.86,1.83,1.85,28494
LENA,20151001,4.45,4.45,4.36,4.39,5429
LENTEX,20151001,8.90,8.91,8.78,8.85,27097
LIBET,20151001,2.50,2.50,2.40,2.42,901
LIVECHAT,20151001,31.48,31.50,30.75,30.85,1241
LOTOS,20151001,28.11,28.85,28.02,28.46,183541
LPP,20151001,7855.00,7931.95,7495.00,7495.00,4447
LSISOFT,20151001,4.74,4.74,4.40,4.74,602
LUBAWA,20151001,1.06,1.07,1.03,1.05,144657
MABION,20151001,48.50,49.00,47.30,48.79,13600
MAGELLAN,20151001,54.49,54.50,53.70,54.10,9635
MAKARONPL,20151001,5.80,5.88,5.73,5.80,2565
MARVIPOL,20151001,6.85,7.05,6.85,7.05,37494
MBANK,20151001,346.75,353.75,345.45,350.35,110169
MCI,20151001,11.46,11.56,11.41,11.50,17747
MEDIATEL,20151001,0.98,0.98,0.98,0.98,416
MEDICALG,20151001,208.40,208.50,202.10,205.00,138
MERCATOR,20151001,18.32,18.32,17.81,18.25,560
MEXPOLSKA,20151001,4.10,4.10,4.04,4.10,1014
MIDAS,20151001,0.59,0.60,0.59,0.59,186974
MILKILAND,20151001,0.95,0.98,0.93,0.98,21219
MILLENNIUM,20151001,5.95,6.00,5.77,5.78,1019635
MIRACULUM,20151001,2.75,2.85,2.65,2.84,3203
MIRBUD,20151001,1.14,1.15,1.13,1.15,9782
MLPGROUP,20151001,33.14,33.14,33.14,33.14,15
MNI,20151001,0.91,0.95,0.91,0.95,3390
MOJ,20151001,1.15,1.15,1.15,1.15,364
MOL,20151001,166.95,168.75,166.95,168.25,18
MONNARI,20151001,17.74,17.78,17.20,17.23,63100
MOSTALPLC,20151001,15.29,15.29,14.61,15.29,50
MOSTALWAR,20151001,12.60,12.80,12.01,12.18,9355
MOSTALZAB,20151001,1.70,1.74,1.70,1.74,97690
NETIA,20151001,5.56,5.71,5.56,5.62,16043
NETMEDIA,20151001,5.25,5.42,5.25,5.42,3412
NEUCA,20151001,343.00,347.00,342.20,344.00,1173
NEWAG,20151001,15.79,15.97,15.70,15.89,10831
NFIEMF,20151001,3.06,3.06,3.06,3.06,84
NORTCOAST,20151001,5.80,5.80,5.80,5.80,26
NOVITA,20151001,51.99,51.99,51.00,51.00,48
NOWAGALA,20151001,1.27,1.32,1.25,1.30,11186
NTTSYSTEM,20151001,2.19,2.19,2.13,2.13,1078
ODLEWNIE,20151001,2.30,2.30,2.29,2.29,1950
OPENFIN,20151001,4.20,4.20,4.20,4.20,1138
OPERA3GR,20151001,270.05,270.05,270.05,270.05,8
OPONEO.PL,20151001,19.50,19.50,19.50,19.50,13
OPTEAM,20151001,9.00,9.00,9.00,9.00,2
ORANGEPL,20151001,7.32,7.33,7.02,7.05,2166280
ORBIS,20151001,57.40,57.90,57.01,57.90,337
ORCOGROUP,20151001,0.96,1.03,0.96,1.01,4134
ORZBIALY,20151001,7.18,7.24,6.90,7.24,149
OTMUCHOW,20151001,6.28,6.32,6.28,6.32,303
PAGED,20151001,54.50,55.09,54.49,54.95,2311
PAMAPOL,20151001,1.15,1.19,1.15,1.19,101
PBG,20151001,2.61,2.72,2.51,2.58,53287
PCCEXOL,20151001,3.20,3.20,3.19,3.19,48
PCCINTER,20151001,2.07,2.19,2.07,2.14,5112
PCCROKITA,20151001,38.00,38.59,38.00,38.59,73
PCM,20151001,41.99,41.99,40.00,40.40,3177
PEKABEX,20151001,10.49,10.58,10.41,10.50,29753
PEKAES,20151001,12.49,12.49,11.80,12.00,48500
PEKAO,20151001,155.50,155.55,152.00,152.85,506318
PELION,20151001,65.00,65.00,64.99,65.00,1071
PEMANAGER,20151001,123.50,127.00,123.50,127.00,5978
PEP,20151001,24.52,24.60,24.20,24.49,2614
PEPEES,20151001,0.52,0.52,0.52,0.52,2202
PGE,20151001,13.60,13.77,13.30,13.48,1946167
PGNIG,20151001,6.53,6.64,6.43,6.54,5118788
PGODLEW,20151001,5.00,5.19,5.00,5.19,1513
PHN,20151001,18.69,18.69,18.12,18.12,850
PKNORLEN,20151001,66.50,66.69,65.13,66.39,1373831
PKOBP,20151001,29.60,29.60,28.76,29.26,2827572
PKOGS,20151001,98.51,99.35,98.51,99.35,1465
PKOSO,20151001,98.01,98.99,98.01,98.99,160
PKPCARGO,20151001,67.30,67.49,65.05,65.05,23825
PLASTBOX,20151001,2.24,2.29,2.24,2.28,1000
PLATYNINW,20151001,3.14,3.50,3.11,3.11,10879
PMPG,20151001,1.46,1.46,1.45,1.45,1790
POLICE,20151001,23.99,23.99,23.99,23.99,500
POLMED,20151001,3.08,3.08,3.07,3.07,130
POLNA,20151001,23.50,23.50,23.50,23.50,21
POLNORD,20151001,11.12,11.49,11.12,11.25,58925
POLWAX,20151001,16.05,16.05,15.51,15.55,3671
POZBUD,20151001,5.36,5.36,5.36,5.36,35
PRAGMAFA,20151001,13.25,13.25,12.75,12.75,451
PRAGMAINK,20151001,12.13,12.40,12.13,12.13,298
PRAIRIE,20151001,2.11,2.32,2.11,2.32,21319
PRESCO,20151001,5.10,5.15,4.80,5.12,59677
PRIMAMODA,20151001,1.42,1.45,1.42,1.44,6450
PROCAD,20151001,1.69,1.69,1.67,1.67,138
PROCHEM,20151001,16.99,17.00,16.54,16.54,263
PROCHNIK,20151001,1.07,1.12,1.07,1.10,46884
PROJPRZEM,20151001,7.20,7.45,7.01,7.16,14229
PROTEKTOR,20151001,3.15,3.15,3.15,3.15,201
PSG,20151001,0.66,0.66,0.66,0.66,98
PTI,20151001,0.25,0.28,0.22,0.28,580689
PULAWY,20151001,169.90,172.00,167.10,172.00,662
PZU,20151001,393.00,393.00,377.55,379.15,384933
QUANTUM,20151001,6.00,6.25,6.00,6.25,350
QUERCUS,20151001,5.92,5.99,5.92,5.99,1171
QUMAK,20151001,10.48,10.70,10.20,10.20,2990
RADPOL,20151001,6.29,6.30,6.25,6.25,3
RAFAKO,20151001,6.69,6.72,6.60,6.62,14816
RAINBOW,20151001,22.63,23.98,22.63,23.88,2646
RANKPROGR,20151001,1.75,1.75,1.70,1.70,57546
RAWLPLUG,20151001,8.50,8.50,8.29,8.50,997
RCCOFAOPEN,20151001,2.80,2.80,2.80,2.80,2780
RCCRUAOPEN,20151001,9.43,9.56,9.40,9.51,17351
RCGBSH10520,20151001,927.07,927.07,927.07,927.07,15
RCGBSH21116,20151001,944.44,944.48,944.44,944.48,113
RCGLDAOPEN,20151001,423.36,423.36,423.36,423.36,5
RCLLCOOPEN,20151001,16.00,16.00,16.00,16.00,50
RCLNAGOPEN,20151001,6.99,6.99,6.80,6.80,11230
RCSCRAOPEN,20151001,343.00,343.00,343.00,343.00,80
RCSFW2OPEN,20151001,109.94,109.94,109.94,109.94,10
RCSILAOPEN,20151001,55.31,55.31,55.31,55.31,34
RCSUGAOPEN,20151001,3.25,3.25,3.25,3.25,240
REDAN,20151001,2.22,2.43,2.22,2.42,51803
REDWOOD,20151001,5.91,5.91,5.91,5.91,11
RELPOL,20151001,6.70,6.80,6.70,6.70,1538
REMAK,20151001,16.40,16.40,16.40,16.40,1
RESBUD,20151001,1.31,1.40,1.31,1.31,6686
ROBYG,20151001,2.39,2.39,2.36,2.39,33909
RONSON,20151001,1.25,1.27,1.24,1.27,12608
ROPCZYCE,20151001,21.00,21.00,21.00,21.00,1
RUBICON,20151001,1.19,1.20,1.19,1.19,1769
SANOK,20151001,52.80,52.98,51.52,51.97,1491
SANTANDER,20151001,21.00,21.00,20.15,20.15,1548
SCOPAK,20151001,3.90,3.90,3.75,3.75,501
SECOGROUP,20151001,20.62,20.99,20.02,20.99,2629
SEKO,20151001,5.07,5.07,5.07,5.07,200
SELENAFM,20151001,18.48,18.48,18.48,18.48,30
SELVITA,20151001,21.48,21.48,20.83,20.84,868
SERINUS,20151001,2.03,2.08,2.00,2.03,15252
SFINKS,20151001,3.60,3.60,3.50,3.51,6889
SILVANO,20151001,5.19,5.30,5.15,5.30,10680
SIMPLE,20151001,8.59,8.59,8.45,8.59,2435
SKARBIEC,20151001,35.70,35.70,35.00,35.00,611
SKOK,20151001,1.59,1.59,1.59,1.59,64
SKOTAN,20151001,0.50,0.52,0.50,0.51,196902
SMT,20151001,17.99,17.99,17.80,17.80,2109
SNIEZKA,20151001,54.99,54.99,51.50,52.56,126
SOBIESKI,20151001,80.51,80.51,79.90,79.90,138
SOHODEV,20151001,1.30,1.30,1.19,1.19,4528
SOLAR,20151001,1.23,1.35,1.20,1.30,315065
SONEL,20151001,11.80,11.82,11.79,11.81,2188
STALEXP,20151001,3.26,3.26,3.24,3.25,24409
STALPROD,20151001,300.00,300.00,288.00,288.00,129
STAPORKOW,20151001,4.64,4.66,4.50,4.50,2105
STARHEDGE,20151001,0.62,0.63,0.59,0.63,20835
SUNEX,20151001,0.15,0.16,0.14,0.16,469500
SWISSMED,20151001,1.95,2.00,1.95,2.00,11
SYGNITY,20151001,8.40,8.82,8.36,8.77,6233
SYNEKTIK,20151001,16.40,16.40,16.03,16.39,72
SYNTHOS,20151001,3.79,3.79,3.76,3.78,459679
TALEX,20151001,18.15,18.15,17.60,18.00,241
TARCZYNSKI,20151001,13.74,13.74,12.70,13.70,2311
TAURONPE,20151001,3.30,3.39,3.18,3.26,3759713
TELL,20151001,11.66,11.83,11.61,11.74,717
TERESA,20151001,15.25,15.30,15.25,15.30,300
TERMOREX,20151001,2.60,2.60,2.60,2.60,240
TESGAS,20151001,3.30,3.30,3.11,3.30,28572
TFONE,20151001,2.90,2.95,2.87,2.94,9807
TIM,20151001,8.80,8.80,8.48,8.79,3533
TORPOL,20151001,10.95,10.95,10.95,10.95,1
TRAKCJA,20151001,8.77,8.88,8.77,8.87,81224
TRANSPOL,20151001,3.05,3.20,2.89,3.20,4762
TRAVELPL,20151001,3.82,3.82,3.82,3.82,415
TRIGONPP,20151001,113.51,113.51,113.51,113.51,100
TRITON,20151001,2.08,2.08,2.00,2.00,476
ULMA,20151001,78.50,78.50,73.35,76.20,36
UNIBEP,20151001,10.69,11.18,10.69,10.93,1159
UNICREDIT,20151001,23.85,23.85,23.85,23.85,500
UNIMA,20151001,1.72,1.73,1.65,1.73,14331
UNIWHEELS,20151001,116.50,116.50,114.90,115.00,792
URSUS,20151001,2.91,2.95,2.85,2.90,127574
VANTAGE,20151001,2.62,2.62,2.45,2.50,80885
VARIANT,20151001,1.69,1.69,1.69,1.69,10
VINDEXUS,20151001,5.26,5.26,5.20,5.25,16787
VISTAL,20151001,11.10,11.10,10.95,10.95,1142
VISTULA,20151001,2.84,2.88,2.84,2.85,270900
VOTUM,20151001,16.90,17.18,16.70,17.18,675
VOXEL,20151001,17.48,17.48,17.15,17.15,531
WANDALEX,20151001,5.47,5.47,5.22,5.47,606
WASKO,20151001,1.83,1.85,1.77,1.77,15830
WAWEL,20151001,1279.00,1280.00,1260.00,1269.90,39
WIELTON,20151001,7.50,7.65,7.50,7.50,13530
WIKANA,20151001,0.95,1.00,0.91,0.93,23533
WILBO,20151001,1.08,1.12,1.08,1.12,40908
WINDMOBIL,20151001,8.00,8.00,7.93,7.99,2311
WINDMOBIL-PDA,20151001,7.86,7.99,7.86,7.99,259
WINVEST,20151001,3.99,3.99,3.90,3.90,253
WIRTUALNA,20151001,39.60,39.60,39.30,39.50,7261
WOJAS,20151001,6.65,6.70,6.65,6.70,1289
WORKSERV,20151001,16.21,16.62,16.20,16.21,31820
ZAMET,20151001,1.71,1.79,1.65,1.69,933341
ZASTAL,20151001,0.58,0.61,0.58,0.61,28536
ZEPAK,20151001,14.20,14.24,14.10,14.16,5148
ZETKAMA,20151001,90.00,90.00,88.00,88.00,156
ZPUE,20151001,351.05,351.05,335.00,349.85,102
ZUE,20151001,7.51,7.55,7.50,7.55,653
ZYWIEC,20151001,392.00,392.00,364.25,373.85,504
INVESTORMS,20151001,3638.35,3638.35,3633.03,3633.03,128877.017
MWIG40,20151001,3593.25,3604.38,3584.48,3590.00,84866.055
NCINDEX30,20151001,967.61,974.15,959.47,969.17,2060.220
RESPECT,20151001,2528.10,2537.17,2513.85,2516.61,500373.367
SWIG80,20151001,13126.93,13153.84,13096.30,13096.30,24764.210
WIG,20151001,50010.87,50073.74,49517.21,49593.95,878472.446
WIG-BANKI,20151001,6558.24,6558.24,6542.95,6542.95,268256.207
WIG-BUDOW,20151001,2943.87,2943.87,2938.59,2942.95,2188.352
WIG-CEE,20151001,718.12,718.23,717.98,718.23,11667.395
WIG-CHEMIA,20151001,14953.09,15139.39,14953.09,15125.09,7539.239
WIG-DEWEL,20151001,1383.61,1383.61,1381.11,1381.11,2590.997
WIG-ENERG,20151001,3329.02,3329.02,3297.36,3297.36,54826.302
WIG-INFO,20151001,1623.02,1623.02,1616.15,1616.15,12646.767
WIG-MEDIA,20151001,4281.66,4306.58,4281.66,4306.58,10741.178
WIG-PALIWA,20151001,4711.25,4724.32,4711.25,4723.99,130025.703
WIG-POLAND,20151001,51052.61,51052.61,50758.25,50758.25,865561.884
WIG-SPOZYW,20151001,3390.81,3390.81,3375.38,3375.38,12242.750
WIG-SUROWC,20151001,2633.80,2633.80,2609.11,2609.15,103950.998
WIG-TELKOM,20151001,872.69,872.69,863.68,863.68,19888.670
WIG-UKRAIN,20151001,336.92,340.15,336.92,337.69,11453.679
WIG20,20151001,2074.84,2078.07,2043.05,2049.93,759455.248
WIG20LEV,20151001,633.41,635.38,614.08,618.26,759455.248
WIG20SHORT,20151001,3791.99,3850.57,3786.04,3837.89,759455.248
WIG20TR,20151001,3393.19,3393.19,3367.71,3367.71,759455.248
WIG30,20151001,2295.17,2297.86,2268.20,2272.79,804916.015
WIG30TR,20151001,3715.44,3715.44,3691.19,3691.19,804916.015
WIGDIV,20151001,1058.45,1061.47,1047.48,1049.70,491150.130
06MAGNA,20151001,1.85,1.85,1.85,1.85,9
08OCTAVA,20151001,1.29,1.30,1.29,1.30,618
B3SYSTEM,20151001,0.65,0.65,0.65,0.65,180
CCENERGY,20151001,0.06,0.06,0.06,0.06,18800
CFI,20151001,9.81,9.81,9.81,9.81,45
COALENERG,20151001,0.70,0.70,0.70,0.70,500
DREWEX,20151001,1.19,1.19,1.19,1.19,2717
DROP,20151001,1.25,1.25,1.25,1.25,500
EFH,20151001,0.05,0.05,0.05,0.05,10808
EKANCELAR,20151001,0.04,0.04,0.04,0.04,152422
FAM,20151001,1.30,1.30,1.30,1.30,30348
IBSM,20151001,0.78,0.78,0.78,0.78,940
IDEON,20151001,0.02,0.02,0.01,0.01,51500
KCI,20151001,0.03,0.03,0.03,0.03,251730
KOMPAP,20151001,8.50,8.50,8.50,8.50,50
MIT,20151001,0.15,0.15,0.15,0.15,13850
NEWWORLDR,20151001,0.03,0.03,0.03,0.03,577236
PBSFINANSE,20151001,3.80,3.80,3.80,3.80,390
PEMUG,20151001,0.48,0.48,0.48,0.48,90
PLAZACNTR,20151001,0.12,0.13,0.12,0.13,220714
POLCOLORIT,20151001,1.13,1.13,1.13,1.13,1046
REGNON,20151001,0.75,0.75,0.75,0.75,235
ROVESE,20151001,1.40,1.40,1.40,1.40,21266
SANWIL,20151001,0.82,0.84,0.82,0.84,2487
SKYLINE,20151001,0.43,0.43,0.43,0.43,1466
SKYSTONE,20151001,3.35,3.45,3.35,3.45,253
WISTIL,20151001,44.80,44.80,44.80,44.80,2
ZREMB,20151001,1.20,1.20,1.20,1.20,2353
01CYBATON,20151001,3.00,3.10,2.80,2.89,76262
11BIT,20151001,65.27,65.50,64.00,64.00,2472
2CPARTNER,20151001,0.68,0.68,0.68,0.68,2
2INTELLECT,20151001,0.43,0.43,0.43,0.43,40
5THAVENUE,20151001,1.32,1.32,1.32,1.32,705
ABPOL,20151001,0.22,0.23,0.20,0.22,172210
ABSINVEST,20151001,1.72,1.72,1.72,1.72,1020
ACARTUS,20151001,0.24,0.27,0.24,0.27,600
ADFORM,20151001,8.50,8.50,8.50,8.50,2
ADIUVO,20151001,24.36,24.36,24.36,24.36,2
ADMASSIVE,20151001,0.37,0.37,0.37,0.37,350
ADMIRAL,20151001,0.25,0.25,0.25,0.25,100000
ADVOCULAR,20151001,2.41,2.41,2.41,2.41,20
AEDES,20151001,1.05,1.05,1.00,1.00,2000
AERFINANC,20151001,0.38,0.44,0.38,0.44,25030
AFHOL,20151001,1.90,2.00,1.70,1.70,935
AGROLIGA,20151001,11.00,11.39,10.99,11.00,815
AGROTOUR,20151001,0.35,0.35,0.35,0.35,50
AIRMARKET,20151001,0.38,0.38,0.38,0.38,798
AIRWAY,20151001,1.54,1.54,1.44,1.44,455
AITON,20151001,1.20,1.20,1.20,1.20,25
ALDA,20151001,1.55,1.55,1.55,1.55,1
ALEJA,20151001,0.22,0.22,0.22,0.22,1400
ALFASTAR,20151001,0.09,0.10,0.09,0.10,12820
APANET,20151001,4.83,4.99,4.18,4.80,1911
APIS,20151001,0.03,0.03,0.03,0.03,1000
APS,20151001,2.95,2.95,2.95,2.95,439
APSENERGY,20151001,4.66,4.66,4.50,4.60,268
AQUAPOZ,20151001,7.03,8.00,7.03,8.00,144
ARI,20151001,0.34,0.36,0.34,0.35,5465
ARRINERA,20151001,9.00,9.00,9.00,9.00,3590
ARTBIZNES,20151001,0.37,0.37,0.37,0.37,1380
ARTNEWMED,20151001,0.03,0.03,0.03,0.03,500
ARTNEWS,20151001,1.64,1.75,1.60,1.75,25807
ARTP,20151001,0.10,0.10,0.10,0.10,28000
ASSETUS,20151001,0.88,1.03,0.88,1.03,1050
ASTORIA,20151001,3.29,3.29,3.29,3.29,2
ATONHT,20151001,0.18,0.18,0.16,0.17,323
B2BPARTNER,20151001,0.15,0.15,0.15,0.15,15065
BALTICINV,20151001,0.90,0.90,0.83,0.87,29855
BALTICON,20151001,15.00,16.20,15.00,15.00,279
BBCONSULT,20151001,3.75,3.75,3.58,3.75,480
BGE,20151001,0.24,0.24,0.24,0.24,3343
BINARY,20151001,0.17,0.18,0.17,0.18,2081
BIOERG,20151001,0.24,0.24,0.24,0.24,100
BIOGENED,20151001,11.90,11.90,11.90,11.90,46
BIOMASS,20151001,1.70,1.78,1.68,1.75,13914
BIOMAX,20151001,0.17,0.18,0.15,0.17,337273
BIOMAXIMA,20151001,3.73,3.73,3.70,3.70,277
BLACKPOIN,20151001,0.52,0.52,0.50,0.52,1750
BLIRT,20151001,1.86,1.86,1.86,1.86,3
BLOOBER,20151001,36.80,36.80,34.50,36.29,12614
BLUMERANG,20151001,0.85,0.95,0.70,0.80,3878
BORUTA,20151001,0.24,0.25,0.23,0.24,558254
BPC,20151001,0.58,0.58,0.43,0.43,130
BPX,20151001,2.24,2.24,2.24,2.24,5
BROADGATE,20151001,0.82,0.82,0.82,0.82,1
BVT,20151001,1.60,1.92,1.29,1.54,133895
CALESCO,20151001,1.62,1.70,1.30,1.70,810
CCS,20151001,0.98,0.98,0.98,0.98,1000
CCTOOLS,20151001,0.28,0.28,0.27,0.27,4017
CDE,20151001,0.14,0.14,0.12,0.14,18450
CEREALPLT,20151001,12.39,12.39,12.39,12.39,2
CFBPS,20151001,6.29,6.29,6.29,6.29,1
CLOUD,20151001,94.50,94.50,94.50,94.50,28
COLUMBUS,20151001,0.26,0.26,0.24,0.24,16381
COMECO,20151001,0.37,0.37,0.37,0.37,30
COMPRESS,20151001,0.14,0.16,0.14,0.16,20180
COPERNIC,20151001,11.85,13.00,11.85,13.00,234
CORELENS,20151001,0.72,0.72,0.72,0.72,20
CSY,20151001,4.40,4.40,4.40,4.40,15
CTE,20151001,5.20,5.20,5.20,5.20,1
CWPE,20151001,0.15,0.15,0.15,0.15,100
DANKS,20151001,0.91,0.91,0.91,0.91,550
DASE,20151001,0.41,0.44,0.41,0.44,12030
DEKTRA,20151001,9.55,9.55,9.21,9.21,364
DENTAMDC,20151001,0.01,0.01,0.01,0.01,300
DEVORAN,20151001,0.27,0.27,0.27,0.27,100
DFP,20151001,3.05,3.05,3.05,3.05,1300
DIGITAL,20151001,0.21,0.21,0.21,0.21,2000
DOMLEK,20151001,16.32,16.32,16.32,16.32,9
EASTSIDE,20151001,1.55,1.55,1.55,1.55,1
EBC,20151001,0.97,0.97,0.96,0.96,1934
EC2,20151001,1.53,1.67,1.53,1.65,20948
ECA,20151001,1.25,1.25,1.25,1.25,10
ECERAMICS,20151001,0.01,0.01,0.01,0.01,203607
ECOTECH,20151001,1.17,1.17,1.17,1.17,10
EDISON,20151001,2.90,2.90,2.90,2.90,321
EFENERGII,20151001,1.20,1.20,1.20,1.20,100
EFICOM,20151001,0.60,0.61,0.60,0.61,1425
EKOPOL,20151001,3.26,3.26,3.26,3.26,2
EMMERSON,20151001,0.04,0.05,0.04,0.05,50020
EMONT,20151001,1.08,1.08,1.08,1.08,10
EONET,20151001,5.43,5.43,5.43,5.43,1
EPIGON,20151001,0.17,0.17,0.17,0.17,100
ERNE,20151001,3.61,3.90,3.60,3.90,55734
ERS,20151001,0.30,0.30,0.30,0.30,40
ESKIMOS,20151001,0.32,0.32,0.32,0.32,150
EUROCENT,20151001,10.90,10.90,10.00,10.00,340
EUROTAX,20151001,2.70,2.70,2.70,2.70,1
EXAMOBILE,20151001,2.35,2.35,2.35,2.35,455
EZO,20151001,5.08,5.55,5.08,5.20,416
FABRYKAKD,20151001,2.65,2.65,2.12,2.12,1781
FACHOWCY,20151001,0.19,0.19,0.19,0.19,100
FARM51,20151001,10.85,11.43,10.62,11.35,20114
FLUID,20151001,0.96,0.96,0.94,0.94,51145
FLYPL,20151001,0.17,0.18,0.12,0.12,24243871
FOREVEREN,20151001,0.57,0.57,0.54,0.56,9207
FORPOSTA,20151001,1.01,1.01,1.01,1.01,2
FUTURIS,20151001,0.94,0.94,0.94,0.94,20
GCINVEST,20151001,0.33,0.33,0.33,0.33,100
GEKOPLAST,20151001,9.00,9.00,7.48,8.65,5382
GENRG,20151001,0.08,0.09,0.08,0.08,89489
GEOTRANS,20151001,10.09,11.18,8.17,10.00,59335
GOLAB,20151001,0.36,0.36,0.36,0.36,30
GRAPHIC,20151001,0.21,0.21,0.21,0.21,250
GREMPCO,20151001,0.13,0.15,0.13,0.15,8450
GRJAGUAR,20151001,1.35,1.35,1.35,1.35,371
GRODNO,20151001,5.35,5.48,5.35,5.48,1150
GRUPAEMM,20151001,0.21,0.21,0.21,0.21,1
GRUPAHRC,20151001,2.86,2.86,2.86,2.86,10
GRUPAREC,20151001,9.99,9.99,9.99,9.99,2
GTRINITY,20151001,5.25,5.25,5.25,5.25,96
GWARANT,20151001,3.27,3.27,3.26,3.26,649
HAMBURGER,20151001,1.15,1.15,1.15,1.15,10
HETAN,20151001,0.79,0.79,0.79,0.79,10
HURTIMEX,20151001,0.22,0.22,0.21,0.21,7045
HYDRAPRES,20151001,0.38,0.38,0.34,0.34,6250
HYDROPHI,20151001,0.24,0.24,0.24,0.24,50
I3D,20151001,0.75,0.76,0.75,0.76,45
IAI,20151001,5.49,5.49,5.49,5.49,60
IGORIA,20151001,0.87,1.04,0.72,0.72,166
IMAGIS,20151001,0.35,0.36,0.34,0.36,8406
INBOOK,20151001,0.43,0.43,0.43,0.43,30
INCANA,20151001,0.67,0.67,0.67,0.67,20
INDEXMEDI,20151001,2.45,2.45,2.45,2.45,10
INFOSCAN,20151001,4.96,4.97,4.96,4.97,40
INFRA,20151001,0.73,0.73,0.69,0.69,5100
INNOGENE,20151001,9.54,10.49,8.87,9.30,1806
INVENTI,20151001,2.24,2.27,2.05,2.27,650
INVESTEKO,20151001,1.80,1.80,1.80,1.80,20
INWESTPL,20151001,0.37,0.37,0.30,0.36,77797
IPOSA,20151001,0.05,0.06,0.05,0.06,9900
ISIAG,20151001,1.68,1.68,1.68,1.68,1
JRHOLDING,20151001,0.49,0.49,0.49,0.49,100
JUJUBEE-PDA,20151001,3.29,3.47,3.26,3.40,2200
JWWINVEST,20151001,7.60,7.69,7.34,7.34,961
KANCELWEC,20151001,0.39,0.48,0.38,0.48,6221
KBJ,20151001,5.40,5.40,5.40,5.40,2
KKHERBAL,20151001,0.28,0.28,0.28,0.28,50
KLASZTORNE,20151001,0.08,0.08,0.07,0.08,27249
KLEBAINV,20151001,4.08,4.08,4.08,4.08,3
KLON,20151001,1.78,1.78,1.78,1.78,15
KORBANK,20151001,1.69,1.69,1.69,1.69,50
KUPIEC,20151001,3.47,3.47,2.85,3.05,10554
LABOPRINT,20151001,15.60,15.60,15.60,15.60,1
LAURENPES,20151001,0.04,0.04,0.04,0.04,145300
LEASINGEX,20151001,0.70,0.70,0.70,0.70,100
LEONIDAS,20151001,0.23,0.23,0.23,0.23,1
LETUS,20151001,0.11,0.13,0.11,0.12,419209
LIBERTY,20151001,0.01,0.01,0.01,0.01,10000
LKDESIGN,20151001,5.80,5.80,5.80,5.80,1
LOKATYBUD,20151001,0.26,0.26,0.26,0.26,10
LOYD,20151001,0.34,0.34,0.34,0.34,3000
LSTECHHOM,20151001,1.07,1.18,1.07,1.18,39172
LUXIMA,20151001,0.04,0.04,0.04,0.04,300
LZMO,20151001,1.41,1.49,1.39,1.49,3030
MADKOM,20151001,1.78,1.78,1.78,1.78,300
MAKOLAB,20151001,3.82,3.82,3.82,3.82,3
MAKORA,20151001,1.50,1.53,1.50,1.53,620
MARKA,20151001,2.40,2.44,2.00,2.00,1972
MARSOFT,20151001,0.13,0.13,0.13,0.13,16200
MAXIMUS,20151001,0.83,0.83,0.83,0.83,32
MAXIPIZZA,20151001,0.70,0.70,0.68,0.68,4650
MBFGROUP,20151001,6.55,7.67,6.17,6.31,9577
MED,20151001,5.32,5.32,5.00,5.20,15521
MEDIACAP,20151001,2.36,2.41,2.36,2.41,4280
MEDIANPOL,20151001,0.50,0.50,0.40,0.40,7919
MEGASONIC,20151001,6.70,6.70,6.70,6.70,1
MERIT,20151001,0.23,0.23,0.23,0.23,50
MFOOD,20151001,0.59,0.59,0.52,0.52,2800
MIDVEN,20151001,115.00,115.00,110.00,110.00,26
MILESTONE,20151001,6.74,7.10,5.50,6.44,9698
MILKPOL,20151001,0.23,0.23,0.23,0.23,6739
MINOX,20151001,0.08,0.08,0.07,0.08,75423
MMCPL,20151001,4.29,5.10,4.04,4.70,871
MODE,20151001,0.55,0.55,0.55,0.55,906
MOLMEDICA,20151001,0.02,0.02,0.02,0.02,2023402
MOMO,20151001,2.35,2.49,2.35,2.46,2408
MORIZON,20151001,1.32,1.47,1.32,1.47,51
MOTORICUS,20151001,0.18,0.26,0.18,0.26,145789
NANOTEL,20151001,2.63,2.99,2.61,2.80,4901
NAVIMORIN,20151001,4.18,4.18,4.18,4.18,5
NEPTIS,20151001,25.50,25.98,24.61,25.98,298
NETWISE,20151001,3.40,3.50,3.40,3.50,160
NFPL,20151001,0.21,0.21,0.21,0.21,5500
NOVATIS,20151001,0.33,0.34,0.27,0.34,2158
NOVAVIS,20151001,1.19,1.20,1.05,1.14,24915
NOVINA,20151001,0.68,0.74,0.58,0.59,412504
NWAI,20151001,2.15,2.15,2.15,2.15,466
ONICO,20151001,38.85,38.85,38.85,38.85,500
OPENNET,20151001,1.95,2.20,1.95,2.16,2275
OPTIZENLB,20151001,0.29,0.29,0.29,0.29,50
ORGANIC,20151001,4.25,4.25,4.25,4.25,620
ORIONINV,20151001,85.80,98.70,75.21,84.57,130
ORZLOPONY,20151001,0.61,0.64,0.61,0.64,20
PATFUND,20151001,0.24,0.26,0.24,0.26,2990
PFMEDICAL,20151001,38.00,39.49,38.00,39.49,2
PGPPOLONI,20151001,1.36,1.36,1.10,1.10,1750
PGSSOFT,20151001,6.05,6.07,6.03,6.05,3448
PHARMENA,20151001,19.49,19.49,19.00,19.00,111
PHOTON,20151001,0.70,0.78,0.68,0.69,43697
PILAB,20151001,44.00,44.00,44.00,44.00,38
PLASMA,20151001,13.30,13.88,13.30,13.88,4579
POLFA,20151001,0.38,0.38,0.35,0.35,2115
PPRICE,20151001,0.03,0.03,0.03,0.03,400
PRESENT24,20151001,2.66,2.90,2.66,2.90,255
PRESTO,20151001,0.86,0.86,0.79,0.79,43775
PRIME,20151001,31.90,34.45,31.00,34.00,3929
PROLOG,20151001,8.95,9.10,8.75,8.75,609
PRYMUS,20151001,5.10,5.10,5.10,5.10,400
PYLON,20151001,0.19,0.20,0.19,0.20,10001
RAJDY4X4,20151001,0.06,0.06,0.05,0.05,20032
READGENE,20151001,1.17,1.39,1.17,1.39,930
ROBINSON,20151001,12.00,12.36,11.60,12.36,225
ROCCA,20151001,0.40,0.40,0.40,0.40,50
ROTOPINO,20151001,1.10,1.30,1.10,1.30,109
RSY,20151001,6.95,6.95,6.95,6.95,10
RUCHCHORZ,20151001,0.22,0.22,0.22,0.22,1
RUNICOM,20151001,0.54,0.54,0.54,0.54,20
SAPLING,20151001,0.28,0.28,0.28,0.28,1
SARE,20151001,23.00,23.00,23.00,23.00,25
SESCOM,20151001,19.81,19.81,19.81,19.81,1
SEVENET,20151001,2.95,2.95,2.45,2.95,105
SFERANET,20151001,0.69,0.69,0.57,0.57,1070
SFKPOLKAP,20151001,4.49,4.49,4.48,4.49,303
SILVACG,20151001,0.01,0.01,0.01,0.01,200
SITE,20151001,0.05,0.05,0.05,0.05,37035
SMSKREDYT,20151001,0.85,0.85,0.85,0.85,3930
STANUSCH,20151001,8.40,8.40,8.40,8.40,5
STARFIT,20151001,1.30,1.32,1.15,1.15,479
STOPKLA,20151001,10.29,11.14,10.29,11.14,126
SUMMALING,20151001,6.40,6.40,6.40,6.40,4
SUNTECH,20151001,0.29,0.34,0.29,0.34,30314
SURFLAND,20151001,0.69,0.70,0.69,0.70,150
SWISSPSM,20151001,0.26,0.26,0.26,0.26,50
SYMBIO,20151001,3.00,3.01,3.00,3.01,102
SZAR,20151001,0.07,0.07,0.07,0.07,200
T2INVEST,20151001,1.88,1.90,1.88,1.90,1010
TABLEO,20151001,1.45,1.45,1.17,1.17,581
TAMEX,20151001,0.37,0.37,0.37,0.37,1
TAXNET,20151001,0.43,0.43,0.43,0.43,30
TAXUSFUND,20151001,0.06,0.06,0.06,0.06,74
TECHMADEX,20151001,23.10,23.10,23.10,23.10,1
TELEMEDPL,20151001,0.91,0.91,0.91,0.91,50
TELGAM,20151001,0.25,0.25,0.25,0.25,100
TERMOEXP,20151001,2.00,2.00,1.60,1.80,930
TILIA,20151001,0.70,0.70,0.70,0.70,743
UNIMOT,20151001,14.06,14.06,14.06,14.06,20
UNITED,20151001,0.44,0.52,0.44,0.48,148456
VAKOMTEK,20151001,1.19,1.19,1.19,1.19,1
VCP,20151001,0.28,0.28,0.28,0.28,50
VELTO,20151001,0.30,0.30,0.30,0.30,6822
VENITI,20151001,0.72,0.72,0.72,0.72,100
VENTUREIN,20151001,2.40,2.40,2.40,2.40,50
VIVID,20151001,5.70,5.70,5.55,5.70,10497
WDBBU,20151001,3.00,3.00,3.00,3.00,151
WEEDO,20151001,6.11,6.11,4.32,5.71,1998
WIERZYCL,20151001,0.45,0.49,0.45,0.49,500
XPLUS,20151001,0.12,0.12,0.12,0.12,395
YELLOWHAT,20151001,0.36,0.37,0.36,0.37,5016
YOURIMAGE,20151001,0.26,0.27,0.22,0.24,72290
NCINDEX,20151001,283.80,284.80,282.15,283.20,6552.799
2CP0316,20151001,93.49,93.49,93.49,93.49,5
2CP0317,20151001,80.00,83.00,80.00,83.00,10
2CP0416,20151001,88.50,88.50,88.50,88.50,50
2CP0517,20151001,80.00,80.00,80.00,80.00,2
ALR0421,20151001,103.24,103.24,103.24,103.24,1
AOW0317,20151001,100.00,100.00,100.00,100.00,17
AUT0217,20151001,100.20,100.20,100.20,100.20,67
BBI0217,20151001,99.00,99.00,98.50,99.00,34
BPS0718,20151001,95.00,95.00,95.00,95.00,50
BST0418,20151001,100.95,100.95,100.95,100.95,100
BST1018,20151001,100.90,100.90,100.90,100.90,100
CAP0617,20151001,99.60,99.85,99.60,99.85,229
CPS0721,20151001,101.00,101.05,100.90,101.00,3142
DS0725,20151001,104.50,104.50,103.95,103.95,52
DS0726,20151001,96.60,96.60,96.60,96.60,3
DS1015,20151001,100.22,100.22,100.22,100.22,14
DS1021,20151001,118.15,118.15,118.15,118.15,29
EDI1116,20151001,97.00,97.00,97.00,97.00,10
EFM1216,20151001,100.00,100.00,100.00,100.00,4
ERC0617,20151001,100.47,100.47,100.47,100.47,10
FKD0516,20151001,93.38,94.00,93.38,94.00,11
GHC0619,20151001,99.51,100.60,99.51,100.60,15
GHE0619,20151001,98.20,98.20,96.09,96.09,157
GHE0718,20151001,102.00,102.00,102.00,102.00,7
GNB0218,20151001,97.79,97.80,97.79,97.80,118
GNB0220,20151001,93.53,94.20,93.53,94.20,108
GNB0221,20151001,90.98,90.98,90.98,90.98,5
GNB0318,20151001,96.50,97.00,96.50,97.00,221
GNB0418,20151001,96.50,96.50,96.50,96.50,10
GNB0720,20151001,90.50,90.50,90.50,90.50,3
GNB0820,20151001,90.50,90.50,90.50,90.50,4
GNB1219,20151001,92.40,92.95,92.40,92.95,6
GPW0117,20151001,101.22,101.22,101.15,101.15,2244
GTB1117,20151001,92.50,92.50,92.50,92.50,10
INS1017,20151001,99.00,99.00,99.00,99.00,10
KAN1117,20151001,100.70,100.70,100.70,100.70,2266
KOS0516,20151001,100.20,100.20,99.00,100.20,302
KR20116,20151001,99.90,99.90,99.90,99.90,2
KRS0318,20151001,91.39,91.39,91.39,91.39,2
KRS0416,20151001,79.00,79.00,79.00,79.00,130
KRU0517,20151001,102.10,103.09,102.10,103.09,338
KRU0620,20151001,100.99,101.17,100.99,101.17,150
KRU1216,20151001,103.59,103.60,103.59,103.60,33
KRU1217,20151001,103.00,103.00,103.00,103.00,224
MKR1116,20151001,96.00,96.00,96.00,96.00,1
MRB0717,20151001,94.77,94.77,85.55,92.90,365
MWT0216,20151001,99.60,99.60,99.60,99.60,577
OK0716,20151001,98.90,98.90,98.90,98.90,2
OK0717,20151001,97.20,97.20,97.20,97.20,54
PCR0416,20151001,101.47,101.47,101.45,101.45,11
PCR0419,20151001,100.60,100.60,100.60,100.60,127
PCR0620,20151001,100.20,100.20,100.19,100.19,20
PCR1019,20151001,100.85,100.85,100.85,100.85,1
PKN0418,20151001,101.88,101.88,101.88,101.88,450
PKN0617,20151001,101.16,101.16,101.16,101.16,175
PKN1117,20151001,101.64,101.64,101.64,101.64,967
PND0618,20151001,99.00,99.00,99.00,99.00,7
PRE1117,20151001,99.54,99.54,99.54,99.54,10
PRF1216,20151001,100.00,100.00,100.00,100.00,5
PS1016,20151001,103.15,103.15,103.15,103.15,38
RGS0717,20151001,96.00,96.00,96.00,96.00,3
RNK0616,20151001,85.00,85.00,74.00,74.00,21
RON0119,20151001,99.99,100.00,99.99,100.00,784
SAF1115,20151001,99.00,99.00,99.00,99.00,13
SAL0317,20151001,96.50,96.50,96.50,96.50,4
SBK0923,20151001,97.90,97.90,97.90,97.90,10
VTG0617,20151001,99.50,99.50,99.50,99.50,2
VTG0618,20151001,99.83,99.83,99.83,99.83,10
WS0922,20151001,120.00,120.00,120.00,120.00,27
WZ0117,20151001,99.95,99.95,99.95,99.95,36
WZ0124,20151001,97.00,97.00,97.00,97.00,10
