FALRZ15,20151027,82.85,82.85,82.00,82.00,3,3
FCDRZ15,20151027,26.97,27.05,26.95,27.05,8,323
FCHF,20151027,395.70,395.70,393.99,395.20,215,2815
FCHFF16,20151027,395.26,395.26,395.26,395.26,1,3
FCHFM16,20151027,398.80,398.80,398.80,398.80,1,267
FCHFWS,20151027,395.70,395.70,393.99,395.20,213,1580
FCHFZ15,20151027,395.70,395.70,393.99,395.20,213,1580
FEUR,20151027,428.72,429.80,427.58,429.20,748,22713
FEURH16,20151027,430.13,431.46,429.99,431.46,28,10519
FEURM16,20151027,432.37,433.07,431.66,431.66,16,422
FEURU16,20151027,433.57,434.47,432.99,434.47,6,157
FEURWS,20151027,427.95,427.95,427.11,427.11,2,3
FEURX15,20151027,427.95,427.95,427.11,427.11,2,3
FEURZ15,20151027,428.72,429.80,427.58,429.20,696,11612
FJSWH16,20151027,13.58,13.58,13.25,13.25,22,114
FJSWM16,20151027,13.77,13.77,13.77,13.77,1,15
FJSWZ15,20151027,13.22,13.46,13.15,13.38,175,2187
FKGHH16,20151027,96.67,96.67,95.10,95.10,5,47
FKGHM16,20151027,97.00,97.00,94.00,94.71,85,55
FKGHZ15,20151027,96.79,97.40,94.21,94.30,1220,1698
FLTSZ15,20151027,29.73,29.73,28.55,28.62,31,204
FLWBZ15,20151027,52.20,52.20,50.30,50.30,69,275
FOPLH16,20151027,7.23,7.23,7.23,7.23,1,24
FOPLZ15,20151027,7.16,7.16,7.10,7.10,5,464
FPEOZ15,20151027,155.40,155.40,154.10,154.45,33,196
FPGEZ15,20151027,14.23,14.30,14.01,14.27,231,2469
FPGNZ15,20151027,6.81,6.85,6.81,6.85,14,397
FPKNM16,20151027,64.87,65.06,64.87,65.06,10,12
FPKNZ15,20151027,64.55,65.49,64.21,64.91,538,1717
FPKOH16,20151027,30.30,30.30,30.05,30.05,2,86
FPKOZ15,20151027,29.32,29.96,29.05,29.90,717,2700
FPZUZ15,20151027,376.20,382.65,375.50,382.00,314,1196
FTPEZ15,20151027,3.17,3.19,3.15,3.19,113,1359
FUSD,20151027,387.06,388.80,386.60,388.00,5719,31254
FUSDH16,20151027,388.10,388.60,387.50,388.50,1533,4082
FUSDM16,20151027,389.81,390.03,389.75,390.03,16,118
FUSDU16,20151027,389.62,390.36,388.63,390.36,21,75
FUSDWS,20151027,387.06,388.80,386.60,388.00,4149,26479
FUSDZ15,20151027,387.06,388.80,386.60,388.00,4149,26479
FW20,20151027,2109,2114,2097,2110,10101,57369
FW20H1620,20151027,2115,2119,2108,2113,34,345
FW20M1620,20151027,2098,2100,2089,2100,27,151
FW20U1620,20151027,2089,2093,2080,2085,36,143
FW20WS,20151027,2109,2114,2097,2110,9758,56730
FW20Z1520,20151027,2109,2114,2097,2110,9758,56730
FW40Z15,20151027,3698,3717,3698,3708,151,2435
OW20C161900,20151027,259.70,259.70,259.70,259.70,1,1
OW20C162500,20151027,7.00,7.00,7.00,7.00,1,80
OW20C162600,20151027,2.00,2.00,2.00,2.00,1,201
OW20C162700,20151027,1.00,1.20,1.00,1.20,4,220
OW20C162900,20151027,0.50,0.50,0.50,0.50,2,167
OW20I162600,20151027,11.50,11.50,11.50,11.50,1,112
OW20K152050,20151027,73.00,73.00,73.00,73.00,1,11
OW20K152075,20151027,58.35,58.35,58.00,58.00,2,75
OW20K152100,20151027,45.06,46.44,41.82,41.82,4,34
OW20K152125,20151027,31.25,31.25,31.25,31.25,1,19
OW20K152150,20151027,24.20,24.20,24.20,24.20,3,71
OW20K152175,20151027,16.30,16.30,14.91,14.91,9,22
OW20K152200,20151027,10.67,10.94,9.20,10.60,56,242
OW20K152225,20151027,6.54,7.26,6.54,7.00,19,76
OW20K152250,20151027,3.56,4.23,3.09,3.88,25,75
OW20K152300,20151027,1.50,1.50,1.50,1.50,29,237
OW20L152050,20151027,90.85,92.60,90.85,92.60,2,61
OW20L152100,20151027,64.00,71.75,64.00,70.90,34,1429
OW20L152150,20151027,46.63,46.63,43.00,46.00,36,118
OW20L152200,20151027,27.71,27.71,24.60,25.45,8,1245
OW20L152250,20151027,14.40,14.60,14.40,14.60,4,1358
OW20L152300,20151027,8.36,8.36,7.75,7.90,17,533
OW20L152350,20151027,4.25,4.25,3.75,3.75,5,95
OW20L152400,20151027,1.70,1.70,1.70,1.70,3,330
OW20O161700,20151027,6.20,8.30,6.20,8.30,3,141
OW20O161800,20151027,15.25,15.25,15.25,15.25,2,120
OW20O162300,20151027,235.70,235.70,235.70,235.70,1,85
OW20W151850,20151027,1.50,1.51,1.50,1.50,18,220
OW20W151900,20151027,2.99,3.31,2.94,3.31,13,81
OW20W151925,20151027,4.00,4.00,4.00,4.00,2,21
OW20W151950,20151027,5.00,5.00,4.44,4.67,16,81
OW20W151975,20151027,7.73,7.73,6.75,6.75,13,28
OW20W152000,20151027,10.40,11.05,9.10,9.35,66,133
OW20W152025,20151027,13.20,15.00,13.15,13.15,52,74
OW20W152050,20151027,19.00,21.55,19.00,19.30,16,74
OW20W152075,20151027,27.50,27.50,25.96,25.96,3,11
OW20W152100,20151027,38.59,42.96,37.00,39.19,8,94
OW20W152125,20151027,50.65,50.65,50.65,50.65,1,11
OW20X151700,20151027,1.00,1.00,1.00,1.00,5,495
OW20X151800,20151027,4.99,4.99,4.99,4.99,10,396
OW20X151850,20151027,6.55,6.55,6.55,6.55,10,110
OW20X151900,20151027,9.60,11.18,9.00,10.10,12,3659
OW20X152000,20151027,27.70,27.70,27.70,27.70,4,623
OW20X152050,20151027,41.90,41.90,41.04,41.04,3,112
06MAGNA,20151027,1.85,1.91,1.85,1.91,17
4FUNMEDIA,20151027,5.13,5.13,5.00,5.13,12
AATHOLD,20151027,20.62,21.17,20.62,21.01,896
ABCDATA,20151027,3.19,3.20,3.18,3.20,13290
ABMSOLID,20151027,0.55,0.55,0.55,0.55,405
ABPL,20151027,35.80,35.80,35.23,35.50,8978
ACAUTOGAZ,20151027,31.70,31.74,31.70,31.74,250
ACE,20151027,13.36,14.48,13.33,13.53,99982
ACTION,20151027,24.77,24.77,24.42,24.66,885
ADIUVO,20151027,28.30,29.56,28.30,29.00,2445
ADIUVO-PDA,20151027,27.02,29.00,27.02,29.00,638
AGORA,20151027,11.20,11.61,11.20,11.61,19088
AGROTON,20151027,1.36,1.36,1.26,1.26,45569
ALCHEMIA,20151027,4.90,4.93,4.90,4.90,21494
ALIOR,20151027,82.70,83.25,81.92,82.75,86048
ALMA,20151027,9.30,9.36,9.00,9.12,4610
ALTA,20151027,2.10,2.16,2.10,2.16,10
ALTUSTFI,20151027,11.15,11.35,11.15,11.20,8672
ALUMETAL,20151027,52.00,52.95,51.95,52.95,1556
AMBRA,20151027,8.17,8.17,8.10,8.17,565
AMICA,20151027,168.65,169.20,167.50,168.50,6777
AMREST,20151027,180.50,181.70,179.50,179.50,2276
APATOR,20151027,31.97,31.97,31.00,31.00,7944
APLISENS,20151027,12.30,12.50,12.30,12.50,12132
APSENERGY,20151027,5.19,5.25,5.05,5.20,11396
ARCTIC,20151027,3.08,3.15,3.08,3.10,20335
ARTERIA,20151027,14.72,15.14,14.72,15.09,699
ASBIS,20151027,1.18,1.24,1.18,1.22,303954
ASSECOBS,20151027,15.80,16.09,15.60,16.05,3764
ASSECOPOL,20151027,56.19,56.60,55.90,56.40,65397
ASSECOSEE,20151027,10.10,10.15,10.10,10.15,1662
ASTARTA,20151027,34.00,34.87,33.90,34.62,9718
ATAL,20151027,21.70,21.80,21.60,21.80,5965
ATENDE,20151027,2.81,2.81,2.72,2.79,2261
ATLANTAPL,20151027,8.99,9.00,8.93,8.93,4316
ATLANTIS,20151027,0.74,0.75,0.72,0.72,66110
ATLASEST,20151027,0.97,0.97,0.96,0.96,4879
ATM,20151027,9.40,9.69,9.40,9.60,3092
ATMGRUPA,20151027,3.37,3.37,3.29,3.34,11363
ATREM,20151027,4.80,4.80,4.79,4.79,200
AVIAAML,20151027,5.17,5.17,5.16,5.16,2
AVIASG,20151027,20.75,20.75,18.83,18.83,32
AWBUD,20151027,2.87,2.87,2.87,2.87,632
BANKBPH,20151027,35.75,36.20,35.35,36.20,683
BBIDEV,20151027,0.95,0.95,0.93,0.93,46605
BENEFIT,20151027,438.95,439.00,430.00,430.00,232
BEST,20151027,16.60,17.11,16.00,17.11,1173
BETACOM,20151027,10.48,10.49,10.48,10.49,6
BGZBNPP,20151027,50.68,50.68,49.80,49.80,4415
BIOMEDLUB,20151027,3.11,3.11,3.11,3.11,132
BIOTON,20151027,10.82,10.90,10.74,10.77,64388
BMPAG,20151027,2.73,2.73,2.73,2.73,102
BOGDANKA,20151027,54.90,54.90,52.20,52.50,92524
BORYSZEW,20151027,5.08,5.09,5.02,5.06,75176
BOS,20151027,22.45,22.50,22.42,22.50,834
BOWIM,20151027,2.12,2.15,2.05,2.05,2430
BRASTER,20151027,14.06,14.06,13.80,13.99,3864
BRIJU,20151027,13.85,13.85,13.11,13.20,2291
BSCDRUK,20151027,34.10,35.88,34.10,35.88,1320
BUDIMEX,20151027,219.00,219.00,217.00,218.00,4890
BUMECH,20151027,0.79,0.80,0.77,0.79,1145
BYTOM,20151027,3.19,3.20,3.10,3.15,26359
BZWBK,20151027,319.00,319.25,313.45,315.40,61611
CALATRAVA,20151027,0.62,0.64,0.62,0.63,27653
CAPITAL,20151027,2.20,2.25,2.20,2.25,3730
CCC,20151027,176.50,178.65,175.50,175.95,40015
CDPROJEKT,20151027,26.97,26.98,26.82,26.89,144027
CDRL,20151027,19.20,19.24,18.90,19.24,2927
CEZ,20151027,74.70,76.34,74.07,76.34,1232
CHEMOS,20151027,1.50,1.51,1.44,1.45,113327
CIECH,20151027,73.67,74.35,73.18,73.90,44676
CIGAMES,20151027,24.20,24.40,23.60,23.89,32730
CNT,20151027,8.43,8.43,8.43,8.43,24
COGNOR,20151027,1.25,1.25,1.24,1.24,2079
COLIAN,20151027,4.66,4.66,4.58,4.58,10182
COMARCH,20151027,120.05,121.00,120.00,120.10,11474
COMP,20151027,60.77,63.00,60.77,63.00,2140
CORMAY,20151027,1.91,1.93,1.87,1.93,81289
CPGROUP,20151027,5.75,6.05,5.75,6.05,32473
CUBEITG,20151027,4.94,5.11,4.70,5.01,8855
CYFRPLSAT,20151027,24.99,25.33,24.61,25.33,326660
CZTOREBKA,20151027,1.13,1.15,1.11,1.11,50058
DBWSTX1115,20151027,28.89,28.89,28.84,28.85,3000
DEBICA,20151027,87.80,88.90,86.66,88.90,7082
DECORA,20151027,7.35,7.35,7.35,7.35,319
DEKPOL,20151027,16.09,16.17,16.09,16.17,289
DELKO,20151027,9.32,9.50,9.10,9.50,858
DGA,20151027,5.70,5.70,5.50,5.70,1503
DMWDM,20151027,0.33,0.34,0.31,0.33,9735
DOMDEV,20151027,53.00,54.49,53.00,53.70,1645
DROZAPOL,20151027,2.22,2.22,2.22,2.22,24
DTP,20151027,4.62,4.62,4.39,4.47,1554
DUDA,20151027,6.06,6.15,6.00,6.00,11277
DUON,20151027,3.28,3.28,3.21,3.21,101889
ECHO,20151027,6.98,7.00,6.92,7.00,6767
EDINVEST,20151027,2.34,2.34,2.34,2.34,1
EFEKT,20151027,15.37,15.37,14.81,15.15,1218
EKOEXPORT,20151027,14.75,15.93,14.75,15.61,98133
ELBUDOWA,20151027,148.70,148.90,147.30,148.65,1433
ELEKTROTI,20151027,19.66,19.66,19.17,19.40,16101
ELEMENTAL,20151027,4.34,4.34,4.28,4.30,53310
ELKOP,20151027,1.33,1.37,1.30,1.37,392
EMCINSMED,20151027,14.10,14.92,14.10,14.92,26
EMPERIA,20151027,70.15,70.50,69.42,70.50,21038
ENAP,20151027,0.91,0.91,0.91,0.91,5
ENEA,20151027,13.12,13.35,13.11,13.22,427549
ENELMED,20151027,10.40,10.50,10.40,10.50,778
ENERGA,20151027,17.07,17.20,16.76,17.15,483705
ENERGOINS,20151027,11.15,11.15,10.73,10.97,1001
ERBUD,20151027,32.31,32.31,32.30,32.30,56
ERG,20151027,21.50,21.50,21.50,21.50,2
ERGIS,20151027,4.92,4.92,4.85,4.87,37166
ESOTIQ,20151027,34.00,34.00,34.00,34.00,40
ESSYSTEM,20151027,2.93,2.93,2.93,2.93,10
ETFDAX,20151027,445.00,445.00,442.51,442.59,16
ETFSP500,20151027,82.00,82.00,81.50,81.92,124
ETFW20L,20151027,242.55,243.96,241.75,242.33,6343
EUCO,20151027,51.19,51.19,50.50,51.07,204
EUROCASH,20151027,51.25,51.47,50.00,51.25,456162
EUROHOLD,20151027,4.11,4.50,4.11,4.50,861
EUROTEL,20151027,17.03,17.27,16.92,17.26,20254
EVEREST,20151027,2.02,2.02,2.02,2.02,42
FAMUR,20151027,1.87,1.87,1.86,1.86,4182
FARMACOL,20151027,63.20,64.97,63.20,64.90,3564
FASING,20151027,17.05,17.61,17.05,17.60,496
FASTFIN,20151027,0.62,0.62,0.62,0.62,80
FEERUM,20151027,21.95,21.95,20.01,20.20,383
FERRO,20151027,11.50,11.59,11.17,11.59,9720
FERRUM,20151027,4.76,4.76,4.65,4.67,47
FON,20151027,0.66,0.67,0.63,0.66,21259
FORTE,20151027,55.73,56.30,55.50,55.50,6241
FOTA,20151027,0.68,0.68,0.64,0.67,4796
GETIN,20151027,1.59,1.59,1.58,1.58,96502
GETINOBLE,20151027,0.85,0.86,0.84,0.84,5259584
GINOROSSI,20151027,2.49,2.50,2.47,2.49,7590
GLCOSMED,20151027,4.30,4.44,4.30,4.41,761
GORENJE,20151027,21.50,21.50,20.50,20.50,3
GPW,20151027,40.30,40.30,39.21,40.00,36037
GRAAL,20151027,32.83,32.83,32.28,32.28,2021
GRAJEWO,20151027,24.25,24.45,23.68,24.07,7419
GREMMEDIA,20151027,1.74,1.74,1.74,1.74,800
GROCLIN,20151027,13.86,13.88,13.70,13.70,4085
GRODNO,20151027,5.49,5.50,5.49,5.50,2849
GRUPAAZOTY,20151027,94.49,94.49,93.07,93.71,37759
GTC,20151027,6.95,6.95,6.82,6.87,127450
HANDLOWY,20151027,82.20,82.98,80.80,81.24,43977
HARPER,20151027,1.93,1.93,1.93,1.93,1
HAWE,20151027,0.98,0.98,0.91,0.91,3868198
HERKULES,20151027,4.10,4.22,4.10,4.20,23367
HUBSTYLE,20151027,1.03,1.03,1.03,1.03,3001
HYDROTOR,20151027,37.54,38.00,37.54,38.00,7
HYPERION,20151027,3.39,3.40,3.19,3.40,141
IDEABANK,20151027,25.05,25.47,25.05,25.47,526
IDMSA,20151027,1.55,1.55,1.41,1.55,5803
IFCAPITAL,20151027,2.84,3.02,2.08,2.08,3287134
IFSA,20151027,0.83,0.83,0.73,0.73,95035
IIAAV,20151027,10.11,10.11,10.11,10.11,130
IMCOMPANY,20151027,6.60,6.77,6.45,6.77,2737
IMMOBILE,20151027,2.38,2.38,2.30,2.38,38164
IMPEL,20151027,29.00,29.00,27.90,27.99,1462
IMPERA,20151027,1.55,1.55,1.55,1.55,8
IMPEXMET,20151027,2.80,2.81,2.75,2.78,22977
IMS,20151027,2.09,2.09,2.07,2.07,38
INC,20151027,2.24,2.24,2.24,2.24,1032
INDATA,20151027,0.89,0.89,0.87,0.89,18500
INDYGO,20151027,0.96,0.96,0.94,0.95,129715
INDYKPOL,20151027,95.00,95.27,93.30,95.27,661
INGBSK,20151027,125.00,128.00,124.05,125.95,31959
INPOST,20151027,21.31,22.28,20.10,22.28,18732
INPRO,20151027,3.90,4.10,3.90,4.10,696
INSTALKRK,20151027,12.80,12.80,12.70,12.80,1939
INTEGERPL,20151027,124.30,124.30,122.00,123.40,4864
INTERAOLT,20151027,18.00,18.25,18.00,18.25,280
INTERBUD,20151027,2.65,2.65,2.40,2.55,13673
INTERCARS,20151027,238.95,243.65,237.00,243.35,779
INTERSPPL,20151027,2.85,2.85,2.84,2.84,4455
INTROL,20151027,9.51,9.80,9.51,9.80,179
INVFIZ,20151027,925.00,925.00,925.00,925.00,11
INVISTA,20151027,2.26,2.28,2.26,2.28,1110
INVPEFIZ,20151027,950.00,950.00,943.10,944.00,45
IPERMFIZ,20151027,65.60,65.60,65.60,65.60,6
IPOPEMA,20151027,2.87,2.96,2.80,2.96,3220
IQP,20151027,0.84,0.84,0.84,0.84,5
IVMX,20151027,5.98,5.98,5.97,5.98,625
IZOBLOK,20151027,119.70,133.45,119.70,133.45,6114
IZOLACJA,20151027,1.35,1.35,1.35,1.35,3938
IZOSTAL,20151027,4.80,4.88,4.75,4.78,381
JHMDEV,20151027,1.66,1.70,1.62,1.69,4855
JSW,20151027,13.11,13.50,13.07,13.34,467257
JWCONSTR,20151027,4.97,5.09,4.92,4.96,64586
K2INTERNT,20151027,13.15,13.88,13.10,13.78,3071
KANIA,20151027,2.88,2.88,2.86,2.86,104099
KBDOM,20151027,3.28,3.30,3.28,3.30,406
KERDOS,20151027,0.51,0.55,0.50,0.52,1236339
KERNEL,20151027,52.65,52.90,52.11,52.50,105212
KETY,20151027,264.50,267.65,262.60,267.65,19773
KGHM,20151027,96.80,97.00,94.10,94.10,1002500
KOFOLA,20151027,56.99,56.99,56.99,56.99,50
KOGENERA,20151027,71.85,71.85,71.85,71.85,1
KOMPUTRON,20151027,8.88,8.88,8.81,8.85,1796
KONSSTALI,20151027,35.41,36.38,35.41,36.38,10384
KOPEX,20151027,5.93,5.97,5.92,5.95,2495
KRAKCHEM,20151027,4.10,4.19,4.10,4.15,74
KREDYTIN,20151027,26.00,26.25,25.80,25.80,79577
KREZUS,20151027,4.55,4.58,4.51,4.58,1931
KRUK,20151027,184.70,185.00,183.50,183.50,6039
KRUSZWICA,20151027,52.50,53.00,51.00,52.95,1684
KSGAGRO,20151027,1.19,1.23,1.08,1.12,81956
LARQ,20151027,6.09,6.22,6.01,6.22,7702
LCCORP,20151027,1.93,1.95,1.91,1.92,897645
LENA,20151027,4.41,4.49,4.41,4.48,3245
LENTEX,20151027,9.30,9.30,9.17,9.20,4057
LIBET,20151027,2.43,2.45,2.41,2.45,9865
LIVECHAT,20151027,35.97,36.00,35.60,35.90,4177
LMDSFIZ,20151027,1141.00,1180.00,1111.00,1111.00,66
LOTOS,20151027,28.90,29.37,28.42,28.51,227947
LPP,20151027,7619.95,7670.00,7553.80,7664.65,1226
LSISOFT,20151027,4.00,4.29,3.97,4.27,2122
LUBAWA,20151027,1.07,1.07,1.05,1.07,119495
MABION,20151027,46.88,47.00,46.00,46.49,1683
MAGELLAN,20151027,59.48,59.48,59.20,59.20,2666
MARVIPOL,20151027,6.68,6.88,6.68,6.88,660
MBANK,20151027,366.05,372.95,364.20,367.00,24211
MCI,20151027,12.11,12.22,12.07,12.22,51516
MEDIATEL,20151027,1.00,1.00,1.00,1.00,789
MEDICALG,20151027,229.80,230.10,228.00,229.00,609
MENNICA,20151027,13.73,13.93,13.68,13.93,2284
MERCATOR,20151027,18.12,18.21,18.11,18.15,870
MERCOR,20151027,9.60,9.61,9.60,9.61,342
MEXPOLSKA,20151027,4.02,4.02,3.90,4.00,14194
MFO,20151027,11.99,11.99,11.99,11.99,1
MIDAS,20151027,0.62,0.63,0.61,0.62,151858
MILKILAND,20151027,2.17,2.20,2.05,2.14,193732
MILLENNIUM,20151027,6.30,6.40,6.17,6.27,2035101
MIRACULUM,20151027,2.56,2.67,2.56,2.67,2955
MIRBUD,20151027,1.16,1.17,1.15,1.16,59771
MLPGROUP,20151027,34.99,34.99,34.70,34.70,266
MNI,20151027,0.88,0.88,0.85,0.86,11474
MOL,20151027,180.00,180.00,179.05,179.05,114
MONNARI,20151027,16.20,16.59,16.20,16.59,28022
MOSTALPLC,20151027,15.30,15.30,15.30,15.30,2
MOSTALWAR,20151027,14.39,14.50,14.07,14.50,14793
MOSTALZAB,20151027,1.79,1.79,1.77,1.79,170668
MWTRADE,20151027,16.80,16.80,16.80,16.80,1
NETIA,20151027,5.64,5.64,5.55,5.60,225698
NETMEDIA,20151027,4.89,5.28,4.89,5.28,2323
NEUCA,20151027,343.15,352.40,343.15,352.40,8591
NEWAG,20151027,16.43,16.43,16.01,16.12,6301
NFIEMF,20151027,3.29,3.41,3.29,3.41,1050
NORTCOAST,20151027,6.00,6.38,6.00,6.38,1281
NOVITA,20151027,51.89,51.89,49.93,50.88,456
NOWAGALA,20151027,1.42,1.44,1.42,1.44,1600
NTTSYSTEM,20151027,2.47,2.47,2.43,2.43,11
ODLEWNIE,20151027,2.37,2.38,2.37,2.38,1533
OLYMPIC,20151027,7.50,7.50,7.50,7.50,53
OPENFIN,20151027,4.10,4.18,4.10,4.17,1573
OPONEO.PL,20151027,23.95,23.95,22.51,23.87,10992
OPTEAM,20151027,9.91,9.91,9.76,9.76,852
ORANGEPL,20151027,7.14,7.15,7.06,7.07,2756136
ORBIS,20151027,57.10,58.76,57.10,57.70,1809
ORCOGROUP,20151027,1.02,1.05,1.01,1.05,1223
ORZBIALY,20151027,7.05,7.10,7.05,7.10,751
OTMUCHOW,20151027,6.45,6.50,6.45,6.50,278
OVOSTAR,20151027,89.11,89.11,87.21,87.30,163
PAGED,20151027,52.10,53.39,52.01,53.39,464
PAMAPOL,20151027,1.46,1.46,1.46,1.46,700
PANOVA,20151027,19.31,19.31,18.53,18.53,1671
PATENTUS,20151027,0.75,0.77,0.74,0.77,4174
PBG,20151027,2.20,2.25,2.18,2.20,22661
PCCEXOL,20151027,3.14,3.14,3.13,3.14,70
PCCINTER,20151027,2.23,2.23,2.23,2.23,24
PCCROKITA,20151027,40.17,40.17,39.80,39.80,214
PCM,20151027,42.11,42.11,42.11,42.11,66
PEKABEX,20151027,11.60,11.90,11.40,11.85,3912
PEKAES,20151027,12.69,12.74,12.69,12.70,1039
PEKAO,20151027,154.70,155.60,153.90,154.45,215896
PELION,20151027,60.80,61.00,60.80,61.00,676
PEMANAGER,20151027,134.00,134.00,134.00,134.00,5
PEP,20151027,26.40,26.50,26.00,26.38,5518
PEPEES,20151027,0.54,0.54,0.52,0.54,405
PGE,20151027,14.30,14.31,14.00,14.29,2304656
PGNIG,20151027,6.81,6.87,6.80,6.85,3951036
PGODLEW,20151027,5.15,5.30,5.15,5.30,2026
PHN,20151027,20.00,20.44,19.58,19.98,1722
PKNORLEN,20151027,64.49,65.36,64.06,64.88,660915
PKOBP,20151027,29.36,29.98,29.00,29.90,5432264
PKOGS,20151027,101.60,101.90,101.45,101.90,711
PKOSO,20151027,99.57,99.59,99.57,99.58,804
PKPCARGO,20151027,66.40,66.40,65.01,65.70,7151
PLASTBOX,20151027,2.19,2.19,2.19,2.19,60
PLATYNINW,20151027,3.80,3.80,3.61,3.63,15870
PMPG,20151027,1.40,1.40,1.40,1.40,2200
POLICE,20151027,24.00,24.50,24.00,24.35,4663
POLMED,20151027,3.31,3.31,3.31,3.31,2456
POLNA,20151027,26.25,26.25,26.25,26.25,2
POLNORD,20151027,11.94,12.48,11.94,12.37,622353
POLWAX,20151027,15.60,15.60,15.32,15.50,1494
POZBUD,20151027,6.00,6.00,5.90,5.99,2455
PRAGMAFA,20151027,13.25,13.34,13.25,13.34,106
PRAGMAINK,20151027,11.80,11.80,11.71,11.71,46
PRAIRIE,20151027,0.82,0.83,0.79,0.81,88674
PRESCO,20151027,5.30,5.30,5.15,5.28,1359
PRIMAMODA,20151027,1.53,1.56,1.53,1.56,950
PROCAD,20151027,1.70,1.83,1.70,1.83,1195
PROCHEM,20151027,18.20,18.50,18.20,18.36,885
PROCHNIK,20151027,1.08,1.10,1.04,1.08,693874
PROJPRZEM,20151027,7.09,7.17,7.09,7.15,38147
PROTEKTOR,20151027,3.05,3.07,3.05,3.07,680
PSG,20151027,0.66,0.66,0.62,0.63,11863
PTI,20151027,0.43,0.46,0.42,0.44,667004
PULAWY,20151027,171.90,173.95,170.95,173.95,514
PWRMEDIA,20151027,1.16,1.16,1.15,1.15,11110
PZU,20151027,379.00,383.75,375.65,382.75,134513
PZUAKORD,20151027,97.00,97.00,97.00,97.00,4
QUERCUS,20151027,6.31,6.65,6.31,6.62,12319
QUMAK,20151027,10.00,10.10,9.89,10.10,17693
RADPOL,20151027,6.40,6.47,6.31,6.40,1360
RAFAKO,20151027,6.75,6.89,6.69,6.88,108362
RAINBOW,20151027,25.20,25.87,25.20,25.87,3917
RANKPROGR,20151027,1.39,1.39,1.27,1.30,11741
RAWLPLUG,20151027,8.85,8.85,8.70,8.70,687
RCCOFAOPEN,20151027,2.77,2.78,2.76,2.76,107962
RCCRUAOPEN,20151027,9.20,9.21,9.10,9.10,10450
RCDACAOPEN,20151027,33.25,33.25,33.25,33.25,209
RCGBSH11116,20151027,1079.26,1079.26,1079.26,1079.26,69
RCGBSH21116,20151027,941.04,941.04,941.04,941.04,50
RCGLDAOPEN,20151027,451.33,452.68,451.24,452.68,19
RCGNS010920,20151027,1004.63,1004.63,1004.63,1004.63,17
RCGW2010620,20151027,966.71,966.71,966.71,966.71,267
RCIDXB11018,20151027,1013.23,1013.23,1013.23,1013.23,62
RCLNAGOPEN,20151027,6.23,6.23,6.18,6.18,500
RCMBK11116,20151027,802.74,802.74,802.74,802.74,3
RCSDGP0717,20151027,1109.47,1109.47,1109.47,1109.47,70
RCSUGAOPEN,20151027,3.63,3.65,3.63,3.65,1005
RCWHTAOPEN,20151027,8.59,8.65,8.54,8.65,1348
REDAN,20151027,2.25,2.28,2.20,2.24,6389
REDWOOD,20151027,5.50,5.83,5.50,5.78,569
RELPOL,20151027,6.93,7.00,6.90,6.98,17704
REMAK,20151027,23.00,23.30,22.80,22.80,762
RESBUD,20151027,1.88,1.88,1.72,1.72,24094
ROBYG,20151027,2.53,2.53,2.47,2.52,316041
ROPCZYCE,20151027,21.67,22.17,21.67,22.00,274
RUBICON,20151027,1.24,1.31,1.24,1.31,8108
SANOK,20151027,57.60,57.60,57.40,57.46,2011
SCOPAK,20151027,3.05,3.05,3.05,3.05,2
SECOGROUP,20151027,20.01,21.00,20.01,21.00,8383
SEKO,20151027,5.70,5.70,5.70,5.70,280
SELENAFM,20151027,18.00,18.49,18.00,18.49,68
SELVITA,20151027,21.50,21.89,21.50,21.89,742
SERINUS,20151027,2.06,2.07,2.01,2.02,9509
SFINKS,20151027,3.48,3.55,3.43,3.50,40272
SILVANO,20151027,5.70,5.70,5.36,5.43,2813
SIMPLE,20151027,9.55,9.55,9.55,9.55,1196
SKARBIEC,20151027,33.00,33.00,32.50,33.00,348
SKOK,20151027,1.65,1.70,1.65,1.70,1775
SKOTAN,20151027,0.57,0.58,0.55,0.57,568300
SMT,20151027,16.80,16.80,15.53,16.12,9839
SNIEZKA,20151027,53.80,55.76,53.80,54.00,367
SOBIESKI,20151027,78.70,78.70,78.68,78.68,27
SOHODEV,20151027,1.20,1.21,1.18,1.21,3809
SOLAR,20151027,1.49,1.49,1.48,1.49,13197
SONEL,20151027,13.25,13.25,13.24,13.25,210
STALEXP,20151027,3.18,3.20,3.16,3.20,16120
STALPROD,20151027,326.00,329.05,323.00,325.00,318
STALPROFI,20151027,12.16,12.25,12.16,12.25,633
STAPORKOW,20151027,4.59,4.60,4.45,4.53,13632
STARHEDGE,20151027,0.78,0.78,0.73,0.73,9030
SUNEX,20151027,0.19,0.20,0.18,0.18,693230
SUWARY,20151027,10.84,10.85,10.84,10.85,980
SWISSMED,20151027,1.84,1.88,1.83,1.88,1193
SYGNITY,20151027,9.43,9.66,9.35,9.60,16352
SYNEKTIK,20151027,16.02,16.02,15.90,16.00,9196
SYNTHOS,20151027,3.83,3.83,3.77,3.79,1135184
TALEX,20151027,18.12,18.12,17.80,18.10,210
TARCZYNSKI,20151027,13.21,13.30,13.21,13.21,752
TATRY,20151027,106.00,112.00,106.00,112.00,209
TAURONPE,20151027,3.15,3.17,3.13,3.13,2200826
TELL,20151027,12.00,12.38,11.77,12.38,29378
TERESA,20151027,15.29,15.29,15.01,15.01,165
TERMOREX,20151027,3.11,3.40,3.09,3.23,5823
TESGAS,20151027,3.77,3.77,3.77,3.77,25
TFONE,20151027,3.33,3.33,3.23,3.33,17001
TIM,20151027,9.27,9.27,9.11,9.26,4970
TORPOL,20151027,12.55,12.55,12.50,12.55,82544
TOYA,20151027,5.14,5.18,5.14,5.18,5220
TRAKCJA,20151027,10.30,10.30,10.18,10.18,56261
TRANSPOL,20151027,4.95,5.20,4.95,5.11,30047
TRIGONPP,20151027,114.26,114.26,114.25,114.26,317
ULMA,20151027,78.49,78.49,78.00,78.00,2
UNIBEP,20151027,10.90,10.97,10.60,10.60,5187
UNIMA,20151027,2.54,2.54,2.54,2.54,400
UNISYS1AB,20151027,965.00,965.00,965.00,965.00,7
UNIWHEELS,20151027,118.90,121.60,118.90,120.10,2139
URSUS,20151027,3.15,3.17,3.01,3.03,578922
VANTAGE,20151027,2.60,2.60,2.59,2.60,6985
VARIANT,20151027,1.65,1.65,1.65,1.65,70
VIGOSYS,20151027,263.00,263.00,253.00,262.00,117
VINDEXUS,20151027,6.08,6.20,6.04,6.18,33193
VISTAL,20151027,11.36,11.36,11.36,11.36,100
VISTULA,20151027,2.95,3.00,2.94,2.96,280074
VOTUM,20151027,16.68,16.68,16.40,16.68,1143
VOXEL,20151027,17.44,17.45,17.42,17.42,955
WADEX,20151027,4.09,4.23,4.09,4.23,365
WASKO,20151027,1.90,1.92,1.87,1.91,13506
WAWEL,20151027,1270.00,1270.00,1263.00,1263.00,12
WDX,20151027,5.29,5.56,5.15,5.56,118782
WIELTON,20151027,7.50,7.63,7.50,7.63,4262
WIKANA,20151027,1.52,1.58,1.37,1.42,23125
WILBO,20151027,1.27,1.29,1.27,1.29,1385
WINDMOBIL,20151027,7.85,7.85,7.50,7.70,5372
WINDMOBIL-PDA,20151027,7.80,7.80,7.80,7.80,83
WINVEST,20151027,4.14,4.14,3.80,4.00,38
WIRTUALNA,20151027,40.40,41.00,40.40,40.65,46795
WOJAS,20151027,7.36,7.58,7.36,7.58,1926
WORKSERV,20151027,15.60,15.60,15.49,15.60,26403
ZAMET,20151027,1.98,2.00,1.98,2.00,34011
ZASTAL,20151027,0.67,0.72,0.67,0.71,54665
ZEPAK,20151027,12.49,12.50,12.38,12.41,27759
ZETKAMA,20151027,88.40,89.00,88.40,88.80,285
ZPUE,20151027,366.95,366.95,350.60,351.00,105
ZUE,20151027,8.48,8.59,8.40,8.59,2423
INVESTORMS,20151027,3761.57,3762.36,3761.57,3762.36,110185.100
MWIG40,20151027,3749.54,3751.40,3734.41,3739.30,87388.239
NCINDEX30,20151027,1065.73,1066.19,1048.93,1054.61,4851.639
RESPECT,20151027,2622.59,2623.17,2607.99,2611.41,348602.461
SWIG80,20151027,13522.62,13578.31,13519.76,13578.31,31817.206
WIG,20151027,51193.23,51290.19,51056.76,51277.72,702933.952
WIG-BANKI,20151027,6730.70,6757.15,6723.89,6757.15,253970.287
WIG-BUDOW,20151027,3149.01,3152.79,3149.01,3152.76,4429.903
WIG-CEE,20151027,760.22,762.34,760.22,762.34,6664.651
WIG-CHEMIA,20151027,15302.61,15302.81,15294.07,15302.81,11331.633
WIG-DEWEL,20151027,1488.85,1488.85,1480.21,1483.29,11947.334
WIG-ENERG,20151027,3336.88,3359.09,3332.73,3359.09,54033.356
WIG-INFO,20151027,1688.18,1691.22,1688.18,1691.22,10766.447
WIG-MEDIA,20151027,4529.93,4566.65,4529.93,4566.65,10580.990
WIG-PALIWA,20151027,4727.47,4734.58,4727.47,4734.58,76708.139
WIG-POLAND,20151027,52336.17,52406.82,52293.38,52406.82,694312.466
WIG-SPOZYW,20151027,3714.08,3714.08,3699.79,3699.79,7127.152
WIG-SUROWC,20151027,2960.55,2970.93,2905.88,2905.88,107197.815
WIG-TELKOM,20151027,868.55,869.21,864.47,864.47,24495.353
WIG-UKRAIN,20151027,403.15,404.25,401.73,401.73,6458.504
WIG20,20151027,2108.50,2114.54,2099.70,2113.06,572737.253
WIG20LEV,20151027,652.70,656.44,647.24,655.52,572737.253
WIG20SHORT,20151027,3735.13,3750.68,3724.45,3727.07,572737.253
WIG20TR,20151027,3463.48,3471.42,3461.94,3471.42,572737.253
WIG30,20151027,2347.70,2351.91,2338.06,2350.19,610962.761
WIG30TR,20151027,3811.81,3816.90,3807.94,3816.90,610962.761
WIGDIV,20151027,1097.89,1097.89,1092.23,1093.68,350269.056
08OCTAVA,20151027,1.23,1.23,1.23,1.23,5529
ADVADIS,20151027,0.01,0.01,0.01,0.01,6390
B3SYSTEM,20151027,0.61,0.61,0.60,0.60,3562
BEDZIN,20151027,15.00,15.00,14.70,14.70,15000
BERLING,20151027,4.01,4.01,4.01,4.01,1
CASHFLOW,20151027,0.18,0.18,0.15,0.15,3078
CCENERGY,20151027,0.07,0.07,0.07,0.07,12400
COALENERG,20151027,0.71,0.71,0.71,0.71,14000
EFH,20151027,0.05,0.05,0.05,0.05,8764
EKANCELAR,20151027,0.03,0.03,0.03,0.03,15157
FAM,20151027,1.40,1.41,1.40,1.41,11230
HUTMEN,20151027,4.97,4.98,4.97,4.98,1695
IDEON,20151027,0.01,0.02,0.01,0.02,19600
INTERFERI,20151027,4.59,4.59,4.59,4.59,1150
KCI,20151027,0.03,0.03,0.03,0.03,5900
KDMSHIPNG,20151027,4.74,4.74,4.74,4.74,221
KOMPAP,20151027,8.19,8.19,8.19,8.19,5
MEGARON,20151027,13.07,13.07,13.07,13.07,31
MIT,20151027,0.14,0.14,0.14,0.14,12250
MSXRESOUR,20151027,0.45,0.45,0.45,0.45,8726
NEWWORLDR,20151027,0.03,0.04,0.03,0.04,2112577
PBSFINANSE,20151027,3.44,3.44,3.44,3.44,261
PEIXIN,20151027,5.31,5.31,5.31,5.31,7
PETROLINV,20151027,0.13,0.13,0.13,0.13,717591
PLAZACNTR,20151027,0.12,0.12,0.12,0.12,9694
POLCOLORIT,20151027,1.20,1.20,1.09,1.09,14065
POLIMEXMS,20151027,5.64,5.64,5.60,5.60,25213
REGNON,20151027,1.41,1.49,1.41,1.49,840
ROVESE,20151027,1.40,1.41,1.40,1.41,93203
SANWIL,20151027,0.85,0.85,0.85,0.85,1584
SKYLINE,20151027,0.53,0.53,0.53,0.53,2333
SKYSTONE,20151027,3.45,3.45,3.45,3.45,6
WISTIL,20151027,37.00,37.00,34.50,34.50,1350
ZREMB,20151027,1.13,1.13,1.13,1.13,8810
01CYBATON,20151027,3.12,3.12,3.00,3.04,19574
11BIT,20151027,70.50,71.55,68.00,70.99,2072
2CPARTNER,20151027,0.62,0.62,0.62,0.62,26
2INTELLECT,20151027,0.41,0.41,0.35,0.35,50500
5THAVENUE,20151027,1.34,1.45,1.34,1.45,23700
ABPOL,20151027,0.23,0.23,0.22,0.22,11707
ABSINVEST,20151027,1.83,1.86,1.83,1.85,13005
ACARTUS,20151027,0.24,0.24,0.24,0.24,100
ACREBIT,20151027,1.98,2.06,1.98,2.06,510
ADFORM,20151027,7.50,7.50,7.50,7.50,5
ADMASSIVE,20151027,0.30,0.30,0.30,0.30,353
ADMIRAL,20151027,0.32,0.33,0.32,0.32,83050
ADVOCULAR,20151027,2.30,2.35,2.30,2.35,60
AEDES,20151027,0.75,0.75,0.75,0.75,50
AERFINANC,20151027,0.32,0.32,0.32,0.32,50
AGROLIGA,20151027,15.15,15.43,15.00,15.43,2955
AGROTOUR,20151027,0.46,0.46,0.46,0.46,35
AIRWAY,20151027,1.56,1.66,1.56,1.66,2151
AITON,20151027,1.18,1.18,1.10,1.10,2254
ALDA,20151027,1.46,1.46,1.45,1.45,11
ALUMAST,20151027,1.16,1.27,1.14,1.24,48697
APANET,20151027,5.05,5.05,5.05,5.05,5
AQUAPOZ,20151027,6.80,7.84,6.42,7.84,1236
ARI,20151027,0.54,0.64,0.44,0.63,183750
ARRINERA,20151027,11.00,11.00,10.99,10.99,4351
ARTBIZNES,20151027,0.30,0.30,0.30,0.30,1150
ARTNEWMED,20151027,0.02,0.02,0.02,0.02,7
ARTNEWS,20151027,1.69,1.69,1.69,1.69,10
ARTP,20151027,0.10,0.10,0.10,0.10,100
ASSETUS,20151027,0.95,0.95,0.93,0.93,634
ASTORIA,20151027,3.44,3.70,3.44,3.70,3
ASTRO,20151027,1.82,1.97,1.82,1.97,766
ATCCARGO,20151027,2.80,2.80,2.80,2.80,11
ATONHT,20151027,0.14,0.15,0.14,0.15,20202
AUTOSPA,20151027,4.50,4.50,4.50,4.50,5
AZTEC,20151027,2.95,2.95,2.95,2.95,5
BALTICINV,20151027,0.86,0.88,0.86,0.88,20847
BBCONSULT,20151027,3.62,3.62,3.42,3.42,310
BDF,20151027,28.60,28.70,28.60,28.70,38
BGE,20151027,0.29,0.29,0.29,0.29,200
BGSENERGY,20151027,0.92,0.92,0.90,0.90,795
BINARY,20151027,0.21,0.21,0.21,0.21,7
BIOERG,20151027,0.22,0.22,0.22,0.22,2000
BIOGENED,20151027,12.00,12.00,12.00,12.00,1
BIOMASS,20151027,1.52,1.64,1.47,1.63,28716
BIOMAX,20151027,0.17,0.17,0.14,0.14,653200
BIOMAXIMA,20151027,4.05,4.24,4.05,4.24,417
BIOPLANET,20151027,15.98,15.98,15.92,15.92,151
BLACKPOIN,20151027,0.41,0.41,0.38,0.40,2151
BLIRT,20151027,1.80,1.80,1.80,1.80,29
BLOOBER,20151027,37.34,38.60,37.00,37.49,51019
BLUMERANG,20151027,1.36,1.63,1.34,1.63,14961
BOA,20151027,0.33,0.33,0.33,0.33,50
BOMEDIA,20151027,0.90,0.90,0.90,0.90,1300
BOOMERANG,20151027,0.44,0.45,0.44,0.45,13943
BORUTA,20151027,0.26,0.26,0.24,0.25,1078791
BPC,20151027,0.54,0.54,0.54,0.54,480
BPI,20151027,0.43,0.43,0.43,0.43,30
BROADGATE,20151027,0.78,0.78,0.78,0.78,48
BVT,20151027,1.62,1.62,1.53,1.61,2008
CALESCO,20151027,1.33,1.33,1.33,1.33,20
CCS,20151027,1.05,1.05,1.05,1.05,1500
CCTOOLS,20151027,0.29,0.29,0.29,0.29,44
CDE,20151027,0.15,0.15,0.15,0.15,31077
CENTURION,20151027,0.25,0.25,0.25,0.25,100
CEREALPLT,20151027,12.19,12.19,12.19,12.19,2
CFBPS,20151027,6.29,6.29,6.29,6.29,1
CLOUD,20151027,95.50,95.50,95.50,95.50,2
COLUMBUS,20151027,0.30,0.31,0.27,0.27,170659
COMECO,20151027,0.36,0.36,0.35,0.35,639
COPERNIC,20151027,12.00,12.68,12.00,12.68,151
CTE,20151027,5.35,5.35,5.35,5.35,1
CWPE,20151027,0.15,0.15,0.15,0.15,1000
DASE,20151027,0.44,0.44,0.44,0.44,30
DEKTRA,20151027,9.55,9.55,9.55,9.55,2
DENTAMDC,20151027,0.01,0.01,0.01,0.01,60500
DEVORAN,20151027,0.70,0.80,0.70,0.79,2562
DIGITAL,20151027,0.22,0.22,0.22,0.22,7149
DOMLEK,20151027,17.70,17.70,17.70,17.70,1
EASTSIDE,20151027,1.61,1.69,1.60,1.64,20766
EBC,20151027,0.98,0.98,0.98,0.98,4900
EC2,20151027,1.00,1.00,0.93,0.99,12197
ECA,20151027,1.50,1.58,1.50,1.58,1822
ECERAMICS,20151027,0.01,0.02,0.01,0.01,2240985
ECOTECH,20151027,1.18,1.18,1.18,1.18,10
EDISON,20151027,1.20,1.20,1.20,1.20,9
EFENERGII,20151027,0.90,0.92,0.90,0.92,550
EFICOM,20151027,0.52,0.54,0.51,0.54,8526
EFIXDM,20151027,13.10,13.10,13.10,13.10,10
EKIOSK,20151027,0.72,0.73,0.63,0.63,11330
EKOBOX,20151027,1.30,1.34,1.30,1.34,205
EKOPOL,20151027,3.05,3.63,3.05,3.21,1126
EMMERSON,20151027,0.05,0.05,0.05,0.05,39
EMONT,20151027,0.90,0.90,0.90,0.90,10
EMUZYKA,20151027,2.01,2.01,2.01,2.01,500
EONET,20151027,6.59,6.59,5.81,6.02,678
EPIGON,20151027,0.17,0.17,0.17,0.17,1000
ERNE,20151027,5.40,5.41,5.10,5.15,75730
ERS,20151027,0.28,0.28,0.28,0.28,50
ESKIMOS,20151027,0.31,0.31,0.31,0.31,100
EUROCENT,20151027,10.13,10.41,10.13,10.41,231
EUROTAX,20151027,2.59,2.59,2.59,2.59,1
EXCELLENC,20151027,1.64,1.64,1.64,1.64,450
EZO,20151027,4.90,4.90,4.51,4.51,1774
FABRYKAKD,20151027,0.94,0.97,0.81,0.89,26575
FACHOWCY,20151027,0.19,0.19,0.19,0.19,100
FARM51,20151027,14.10,14.10,13.70,13.74,6844
FLUID,20151027,0.90,0.91,0.89,0.90,12661
FLYPL,20151027,0.36,0.39,0.34,0.34,5190179
FOREVEREN,20151027,0.49,0.53,0.49,0.53,59240
FUTURIS,20151027,0.87,0.87,0.87,0.87,20
GALVO,20151027,1.40,1.43,1.28,1.43,6940
GCINVEST,20151027,0.54,0.54,0.54,0.54,20
GEKOPLAST,20151027,9.15,9.15,9.10,9.10,183
GENOMED,20151027,16.80,16.80,16.80,16.80,2
GENRG,20151027,0.14,0.15,0.12,0.14,331336
GEOTRANS,20151027,6.00,6.06,5.50,6.06,12493
GLGPHARMA,20151027,0.09,0.09,0.09,0.09,100
GOLAB,20151027,0.36,0.36,0.36,0.36,40
GRAPHIC,20151027,0.79,0.94,0.64,0.93,42542
GREENENER,20151027,0.07,0.07,0.07,0.07,4000
GRUPAEMM,20151027,0.11,0.11,0.08,0.08,425459
GRUPAHRC,20151027,2.86,2.86,2.86,2.86,10
GRUPAREC,20151027,13.29,14.89,13.00,13.00,372
GWARANT,20151027,3.17,3.17,3.17,3.17,500
HAMBURGER,20151027,1.21,1.21,1.21,1.21,10
HEFAL,20151027,0.22,0.22,0.18,0.18,31000
HETAN,20151027,0.72,0.74,0.68,0.73,861
HMINWEST,20151027,9.05,9.05,9.05,9.05,151
HOLLYWOOD,20151027,3.90,3.90,3.70,3.70,1100
HYDRAPRES,20151027,0.32,0.32,0.32,0.32,540
HYDROPHI,20151027,0.20,0.21,0.20,0.21,5816
I3D,20151027,0.65,0.65,0.57,0.58,14010
IAI,20151027,5.29,5.29,5.29,5.29,10
IFM,20151027,0.55,0.55,0.55,0.55,30
IGORIA,20151027,1.15,1.15,1.15,1.15,1
IMAGIS,20151027,0.27,0.27,0.23,0.24,7631
INBOOK,20151027,0.43,0.44,0.43,0.44,2550
INFOSYS,20151027,0.85,0.85,0.85,0.85,488
INFRA,20151027,1.70,1.81,1.54,1.65,42157
INNOGENE,20151027,7.70,7.91,7.10,7.30,2160
INTELIWIS,20151027,1.60,1.60,1.53,1.53,6100
INTERNITY,20151027,1.00,1.00,1.00,1.00,10
INVENTI,20151027,1.91,1.91,1.91,1.91,130
INVESTEKO,20151027,1.90,1.90,1.90,1.90,20
IPODS,20151027,0.44,0.44,0.44,0.44,130
IPOSA,20151027,0.07,0.07,0.07,0.07,100
JANTAR,20151027,0.61,0.61,0.61,0.61,117
JRHOLDING,20151027,0.57,0.57,0.56,0.56,2079
JUJUBEE,20151027,8.50,11.02,8.50,11.02,45279
KANCELWEC,20151027,0.45,0.45,0.36,0.41,3343
KKHERBAL,20151027,0.32,0.32,0.32,0.32,50
KLASZTORNE,20151027,0.11,0.11,0.11,0.11,250
KLEBAINV,20151027,3.85,3.85,3.60,3.85,186
KLON,20151027,1.55,1.55,1.50,1.50,1050
KME,20151027,3.16,3.60,3.06,3.44,13341
KOMPLEKS,20151027,0.93,0.93,0.93,0.93,20
KORBANK,20151027,1.66,1.66,1.66,1.66,50
KUPIEC,20151027,2.59,2.94,2.59,2.94,3750
LABOPRINT,20151027,15.35,15.35,14.70,15.00,635
LASERMED,20151027,3.21,3.21,3.21,3.21,10
LAURENPES,20151027,0.03,0.03,0.03,0.03,400
LEONIDAS,20151027,0.30,0.30,0.30,0.30,20
LETUS,20151027,0.14,0.14,0.12,0.14,113554
LGTRADE,20151027,0.55,0.55,0.55,0.55,100
LIBERTY,20151027,0.01,0.01,0.01,0.01,2278120
LOYD,20151027,0.39,0.39,0.39,0.39,50
LSTECHHOM,20151027,0.99,0.99,0.92,0.97,5450
LUG,20151027,3.35,3.48,3.35,3.48,3001
LUXIMA,20151027,0.04,0.04,0.04,0.04,300
MAGNIFICO,20151027,0.20,0.28,0.20,0.28,39140
MAKOLAB,20151027,3.94,4.03,3.90,4.01,11854
MARKA,20151027,2.57,2.57,2.57,2.57,10
MARSOFT,20151027,0.14,0.18,0.14,0.18,106872
MAXIPIZZA,20151027,0.67,0.67,0.65,0.65,11471
MBFGROUP,20151027,6.07,6.12,5.85,5.91,603
MBPARTNER,20151027,0.02,0.03,0.02,0.03,382
MEDIANPOL,20151027,0.41,0.41,0.41,0.41,50
MEGASONIC,20151027,6.07,6.07,6.07,6.07,1
MERIT,20151027,0.27,0.27,0.27,0.27,50
MGMSYS,20151027,2.08,2.25,2.08,2.25,40
MIDVEN,20151027,106.00,106.00,106.00,106.00,1
MILESTONE,20151027,7.68,7.68,7.40,7.65,72
MINERAL,20151027,0.59,0.59,0.59,0.59,405
MINOX,20151027,0.07,0.07,0.06,0.07,1502776
MODE,20151027,0.57,0.57,0.49,0.56,5017
MOLMEDICA,20151027,0.02,0.02,0.02,0.02,19810
MOMO,20151027,2.67,2.67,2.66,2.66,1290
MONDAY,20151027,0.72,0.72,0.72,0.72,8
MORIZON,20151027,1.49,1.49,1.49,1.49,1
MOTORICUS,20151027,0.70,0.76,0.67,0.75,12372
MPAY,20151027,0.40,0.40,0.40,0.40,2500
NANOTEL,20151027,2.85,2.85,2.75,2.75,665
NAVIMORIN,20151027,4.00,4.00,4.00,4.00,10
NEPTIS,20151027,29.00,29.80,29.00,29.80,91
NETWISE,20151027,4.15,4.15,4.10,4.10,725
NOVAVIS,20151027,1.09,1.15,1.05,1.08,26502
NOVINA,20151027,0.57,0.67,0.57,0.65,93860
ONICO,20151027,39.95,39.95,39.95,39.95,30024
OPTIZENLB,20151027,0.43,0.43,0.43,0.43,100
ORGANIC,20151027,4.49,4.49,4.49,4.49,41
ORIONINV,20151027,98.76,98.76,98.75,98.75,2
PARTNER,20151027,0.07,0.07,0.07,0.07,100
PATFUND,20151027,0.35,0.35,0.33,0.33,550
PFMEDICAL,20151027,35.99,35.99,35.00,35.00,501
PGPPOLONI,20151027,1.45,1.45,1.45,1.45,20
PGSSOFT,20151027,8.80,8.85,8.70,8.85,14556
PHARMENA,20151027,19.80,20.34,19.80,19.99,2275
PHOTON,20151027,0.73,0.78,0.71,0.77,14718
PILAB,20151027,40.00,40.94,39.50,39.50,1897
PLASMA,20151027,14.99,14.99,13.95,13.95,1726
PLATIGE,20151027,12.50,12.61,12.50,12.61,300
POLFA,20151027,0.29,0.29,0.29,0.29,390
POLTRONIC,20151027,0.15,0.15,0.15,0.15,1000
PPRICE,20151027,0.04,0.04,0.04,0.04,18500
PRESENT24,20151027,1.67,1.67,1.43,1.55,1000
PRESTO,20151027,0.72,0.75,0.72,0.75,9193
PRIME,20151027,30.78,32.12,29.91,30.21,35101
PROMISE,20151027,3.58,3.58,3.58,3.58,6000
PRYMUS,20151027,5.07,5.07,5.07,5.07,10
PTWP,20151027,13.00,13.00,13.00,13.00,1
RAJDY4X4,20151027,0.06,0.06,0.06,0.06,202
READGENE,20151027,1.58,1.58,1.46,1.46,150
ROBINSON,20151027,11.70,11.70,11.70,11.70,1
ROCCA,20151027,0.40,0.40,0.40,0.40,30
RSY,20151027,6.70,6.70,6.00,6.70,264
RUCHCHORZ,20151027,0.24,0.24,0.24,0.24,30
RUNICOM,20151027,0.56,0.56,0.56,0.56,20
SAKANA,20151027,0.34,0.34,0.30,0.30,8471
SAPLING,20151027,0.26,0.26,0.23,0.26,1902
SARE,20151027,28.50,29.20,27.00,29.20,227
SFERANET,20151027,0.75,0.75,0.75,0.75,50
SFKPOLKAP,20151027,5.80,5.80,5.40,5.40,302
SILVACG,20151027,0.01,0.01,0.01,0.01,200
SMOKESHOP,20151027,0.33,0.33,0.33,0.33,100
SPAC1,20151027,0.40,0.40,0.33,0.33,19894
SPC,20151027,0.05,0.05,0.05,0.05,250
STANDREW,20151027,11.80,13.81,11.25,12.50,1673
STANUSCH,20151027,8.50,8.50,8.50,8.50,5
STEMCELLS,20151027,1.14,1.14,1.00,1.10,2080
STOPKLA,20151027,9.39,9.87,9.39,9.87,145
SUMMALING,20151027,4.08,4.08,4.08,4.08,250
SURFLAND,20151027,0.95,1.05,0.95,1.03,5039
SWISSPSM,20151027,0.26,0.26,0.26,0.26,1080
SZAR,20151027,0.07,0.07,0.06,0.07,30300
TABLEO,20151027,0.68,0.70,0.56,0.67,18725
TAMEX,20151027,0.61,0.64,0.56,0.56,3720
TAXNET,20151027,0.51,0.51,0.48,0.50,2642
TAXUSFUND,20151027,0.05,0.05,0.04,0.05,31140
TECHMADEX,20151027,20.50,20.50,20.50,20.50,2
TELGAM,20151027,0.25,0.25,0.25,0.25,100
TERMOEXP,20151027,1.80,1.80,1.80,1.80,10
TILIA,20151027,1.08,1.12,0.96,1.12,2518
TRICEPS,20151027,0.41,0.41,0.41,0.41,1380
UNIMOT,20151027,13.40,13.40,13.40,13.40,20
UNITED,20151027,0.61,0.64,0.60,0.60,16427
VAKOMTEK,20151027,1.19,1.19,1.19,1.19,5
VCP,20151027,0.29,0.29,0.29,0.29,40
VELTO,20151027,0.35,0.36,0.29,0.36,208142
VENITI,20151027,0.73,0.73,0.73,0.73,10100
VENTUREIN,20151027,2.27,2.50,2.27,2.50,946
VERBICOM,20151027,2.40,2.45,2.40,2.40,2100
VERTE,20151027,1.27,1.77,1.02,1.70,227681
VISION,20151027,0.01,0.01,0.01,0.01,56963
VIVID,20151027,7.20,7.23,6.93,7.10,25161
WDBBU,20151027,2.95,2.95,2.51,2.94,872
WERTHHOLZ,20151027,0.50,0.60,0.50,0.55,6574
WIERZYCL,20151027,0.46,0.46,0.46,0.46,50
XPLUS,20151027,0.11,0.11,0.11,0.11,12675
XSYSTEM,20151027,0.91,0.96,0.88,0.96,3147
YELLOWHAT,20151027,0.29,0.29,0.24,0.28,10023
YOURIMAGE,20151027,0.36,0.37,0.32,0.33,19057
NCINDEX,20151027,290.82,291.47,288.31,289.14,8644.419
2CP0416,20151027,94.00,94.00,94.00,94.00,6
BML0818,20151027,99.00,99.00,99.00,99.00,100
BPS0718,20151027,96.50,96.50,96.50,96.50,151
BS20118,20151027,99.99,99.99,99.80,99.80,474
BST0418,20151027,100.56,100.57,100.56,100.57,100
BST0516,20151027,100.85,100.85,100.85,100.85,24
BST1018,20151027,100.95,100.95,100.65,100.65,180
CAP0617,20151027,100.00,100.00,100.00,100.00,12
CMP0620,20151027,100.30,100.30,100.30,100.30,3
CPS0721,20151027,101.25,101.40,101.20,101.40,640
DAY0916,20151027,24.60,24.60,19.00,19.00,29
DS0725,20151027,106.10,106.10,106.10,106.10,200
DS0726,20151027,98.49,98.50,97.75,97.75,3862
DS1019,20151027,114.00,114.00,114.00,114.00,47
ECH0418,20151027,102.06,102.06,101.82,101.82,1922
EFM0416,20151027,100.10,100.10,100.10,100.10,21
ERB0318,20151027,104.00,104.00,104.00,104.00,1
ERC0617,20151027,100.50,100.50,100.50,100.50,20
FFI1116,20151027,90.00,90.00,90.00,90.00,4
FKD0516,20151027,94.00,94.00,94.00,94.00,1
FRR0517,20151027,104.00,104.00,104.00,104.00,3
GHC0619,20151027,101.00,101.00,101.00,101.00,35
GHE0418,20151027,101.20,101.20,101.20,101.20,30
GHE0619,20151027,97.98,98.99,97.98,98.99,475
GHI0619,20151027,100.76,101.00,100.57,101.00,6388
GNB0218,20151027,97.40,97.90,97.40,97.50,385
GNB0220,20151027,92.21,92.21,92.21,92.21,10
GNB0221,20151027,91.00,91.40,91.00,91.40,42
GNB0318,20151027,97.70,98.47,97.70,98.47,231
GNB0320,20151027,93.54,93.54,93.54,93.54,4
GNB0418,20151027,97.49,97.49,97.49,97.49,20
GNB0421,20151027,91.84,91.85,91.84,91.85,36
GNB0518,20151027,97.32,97.32,97.30,97.30,2
GNB0720,20151027,91.91,91.91,91.91,91.91,5
GNB0819,20151027,96.50,96.50,96.50,96.50,1
GNB1017,20151027,99.40,99.40,99.40,99.40,9
GNB1019,20151027,95.01,95.01,95.01,95.01,12
IDS1018,20151027,110.50,110.50,110.50,110.50,10
INS1017,20151027,100.00,100.00,100.00,100.00,5
IVO0616,20151027,96.09,101.01,96.09,101.01,2
KLN0217,20151027,101.00,101.00,101.00,101.00,1
KME0916,20151027,101.00,101.00,101.00,101.00,9
KOS0516,20151027,99.95,99.95,99.95,99.95,1
KOS1117,20151027,99.87,99.87,99.87,99.87,1
MRB0717,20151027,91.49,91.49,91.49,91.49,11
MWT0216,20151027,99.80,99.90,99.80,99.90,330
MWT0416,20151027,99.80,99.80,99.80,99.80,1184
MWT0417,20151027,99.90,99.90,99.90,99.90,312
OK0116,20151027,99.62,99.62,99.61,99.61,14
OK0717,20151027,97.50,97.50,97.50,97.50,63
PBD0616,20151027,91.00,91.00,91.00,91.00,31
PBS0720,20151027,99.89,99.89,99.89,99.89,5
PBS1021,20151027,96.00,96.90,96.00,96.90,994
PCR0416,20151027,100.80,100.80,100.80,100.80,9
PCR0419,20151027,100.75,100.80,100.75,100.80,1184
PCR0517,20151027,102.20,102.20,102.20,102.20,61
PCR0620,20151027,100.19,100.19,100.01,100.18,133
PCR1019,20151027,100.75,100.75,100.75,100.75,124
PIN1016,20151027,99.00,99.00,99.00,99.00,10
PK11117,20151027,101.00,101.34,101.00,101.34,218
PKN0418,20151027,101.60,101.60,101.12,101.12,5030
PKN0420,20151027,107.13,107.13,107.11,107.11,647
PKN0517,20151027,101.28,101.28,101.28,101.28,846
PKN0617,20151027,100.90,100.90,100.90,100.90,597
PKN1117,20151027,101.00,101.00,101.00,101.00,62
PND0217,20151027,100.50,100.50,100.50,100.50,5
PND0618,20151027,99.57,99.57,99.56,99.56,105
PRC1215,20151027,99.00,99.00,99.00,99.00,1
PRF0218,20151027,100.35,100.35,100.35,100.35,1
PRF0418,20151027,99.98,100.00,99.98,100.00,41
PRI1117,20151027,99.80,100.00,99.80,100.00,102
PS0421,20151027,99.40,99.40,99.40,99.40,2
ROG0218,20151027,101.93,101.93,101.10,101.10,230
RON0518,20151027,100.00,100.10,100.00,100.10,100
SBK0923,20151027,98.87,98.90,98.87,98.90,1698
VOL0716,20151027,99.70,99.70,99.70,99.70,3
VOX0716,20151027,99.49,99.49,99.49,99.49,5
WS0922,20151027,120.51,120.51,120.51,120.51,1
