FCDRZ15,20151002,26.41,27.50,26.41,26.61,24,295
FCHF,20151002,390.80,391.80,390.50,391.14,195,2147
FCHFH16,20151002,392.84,392.84,392.84,392.84,1,633
FCHFM16,20151002,396.00,396.03,396.00,396.03,5,259
FCHFWS,20151002,390.51,390.51,390.51,390.51,20,0
FCHFX15,20151002,390.51,390.51,390.51,390.51,20,0
FCHFZ15,20151002,390.80,391.80,390.50,391.14,169,967
FEUR,20151002,425.88,427.11,425.80,426.47,1606,23213
FEURH16,20151002,427.57,428.50,427.57,428.50,23,10272
FEURM16,20151002,429.76,430.29,429.76,430.29,5,355
FEURU16,20151002,431.50,432.00,431.50,432.00,11,99
FEURV15,20151002,425.30,425.53,425.30,425.53,2,502
FEURWS,20151002,425.30,425.53,425.30,425.53,2,502
FEURZ15,20151002,425.88,427.11,425.80,426.47,1565,11985
FGPWZ15,20151002,39.60,39.60,39.60,39.60,1,2
FJSWH16,20151002,11.75,11.85,11.75,11.85,2,102
FJSWM16,20151002,11.69,11.69,11.69,11.69,1,11
FJSWZ15,20151002,11.48,11.71,11.25,11.48,193,1756
FKGHM16,20151002,80.11,80.11,80.11,80.11,1,46
FKGHZ15,20151002,81.48,81.97,78.40,79.10,1323,1664
FLTSZ15,20151002,28.34,28.75,28.34,28.41,53,114
FLWBZ15,20151002,60.40,60.40,59.60,59.60,2,32
FOPLZ15,20151002,7.19,7.19,7.05,7.10,10,224
FPEOZ15,20151002,154.00,155.50,150.20,151.70,102,201
FPGEH16,20151002,13.49,13.49,13.49,13.49,2,82
FPGEM16,20151002,13.36,13.36,13.36,13.36,2,22
FPGEZ15,20151002,13.53,13.65,13.10,13.25,353,1827
FPGNH16,20151002,6.56,6.56,6.56,6.56,1,12
FPGNZ15,20151002,6.50,6.66,6.50,6.61,138,331
FPKNH16,20151002,68.00,68.00,67.71,67.85,3,78
FPKNZ15,20151002,66.30,68.49,65.99,66.64,950,1167
FPKOH16,20151002,29.70,29.70,29.00,29.00,4,41
FPKOZ15,20151002,29.38,29.38,28.91,29.06,730,2037
FPZUZ15,20151002,382.00,389.75,380.70,382.30,293,668
FSENZ15,20151002,2.04,2.04,2.04,2.04,1,23
FTPEZ15,20151002,3.25,3.34,3.20,3.23,133,641
FUSD,20151002,380.69,382.00,376.90,377.90,4542,21136
FUSDH16,20151002,382.08,382.41,377.90,378.55,955,1625
FUSDM16,20151002,382.51,382.51,378.56,380.06,19,77
FUSDU16,20151002,382.98,382.98,378.59,379.62,7,25
FUSDWS,20151002,380.69,382.00,376.90,377.90,3561,18889
FUSDZ15,20151002,380.69,382.00,376.90,377.90,3561,18889
FW20,20151002,2061,2067,2027,2040,15177,53913
FW20H1620,20151002,2069,2073,2037,2048,69,266
FW20M1620,20151002,2058,2058,2024,2031,4,123
FW20U1620,20151002,2036,2036,2008,2014,10,81
FW20WS,20151002,2061,2067,2027,2040,15094,53443
FW20Z1520,20151002,2061,2067,2027,2040,15094,53443
FW40Z15,20151002,3476,3490,3435,3458,223,2143
OW20C161900,20151002,200.95,200.95,200.95,200.95,1,1
OW20C162100,20151002,94.00,94.00,90.00,90.00,5,16
OW20C162500,20151002,9.20,9.20,9.20,9.20,2,73
OW20C162600,20151002,4.00,4.00,4.00,4.00,1,176
OW20C162700,20151002,1.62,1.62,1.40,1.40,2,243
OW20C162900,20151002,0.70,0.70,0.70,0.70,3,160
OW20F162300,20151002,41.88,41.88,41.88,41.88,1,13
OW20I161700,20151002,352.00,352.00,352.00,352.00,1,2
OW20I162500,20151002,18.19,18.19,18.19,18.19,1,5
OW20J152000,20151002,54.85,55.55,48.60,54.00,28,36
OW20J152025,20151002,52.10,52.10,33.95,35.37,25,42
OW20J152050,20151002,36.95,36.95,20.00,24.20,30,78
OW20J152075,20151002,22.00,22.00,11.61,13.53,18,108
OW20J152100,20151002,15.00,15.00,7.51,8.85,48,154
OW20J152125,20151002,6.17,6.42,3.80,4.50,54,109
OW20J152150,20151002,2.78,2.78,2.00,2.50,144,251
OW20J152175,20151002,2.01,2.01,1.74,1.74,150,146
OW20J152225,20151002,1.00,1.00,1.00,1.00,1,59
OW20J152500,20151002,0.01,0.01,0.01,0.01,1,40
OW20K151900,20151002,156.70,156.70,156.70,156.70,2,2
OW20K152050,20151002,68.75,68.75,53.95,55.90,3,3
OW20K152100,20151002,34.24,34.24,33.82,33.82,4,13
OW20K152150,20151002,23.79,23.79,18.16,20.00,9,10
OW20K152200,20151002,14.70,14.70,11.92,11.92,19,34
OW20K152350,20151002,2.00,2.01,2.00,2.00,57,96
OW20L152000,20151002,112.85,112.85,112.85,112.85,5,28
OW20L152050,20151002,84.80,88.90,77.00,83.45,31,57
OW20L152100,20151002,64.10,67.00,58.60,63.30,41,97
OW20L152150,20151002,48.85,48.85,38.24,38.24,9,36
OW20L152200,20151002,32.00,32.90,28.00,32.00,42,1216
OW20L152250,20151002,19.32,20.70,19.30,19.30,11,35
OW20L152300,20151002,12.47,12.75,11.62,12.75,24,435
OW20L152350,20151002,8.85,8.85,8.85,8.85,3,88
OW20L152400,20151002,5.62,5.62,4.19,4.19,11,282
OW20L152450,20151002,2.93,3.02,2.93,3.02,11,73
OW20L152500,20151002,2.00,2.00,2.00,2.00,90,974
OW20L152600,20151002,1.44,1.44,1.40,1.40,11,326
OW20L152700,20151002,0.89,0.89,0.89,0.89,5,242
OW20O161700,20151002,15.16,15.50,15.16,15.50,12,51
OW20O162700,20151002,649.15,649.15,649.15,649.15,1,16
OW20R161700,20151002,25.17,25.50,25.17,25.50,8,41
OW20U161700,20151002,39.00,39.00,39.00,39.00,2,12
OW20V151875,20151002,1.33,1.33,1.25,1.25,2,37
OW20V151900,20151002,2.00,2.79,2.00,2.39,57,314
OW20V151925,20151002,2.39,3.41,2.39,3.41,30,49
OW20V151950,20151002,2.75,6.77,2.75,6.77,11,144
OW20V151975,20151002,8.22,12.59,8.22,12.59,14,46
OW20V152000,20151002,11.80,17.00,11.80,14.15,17,153
OW20V152025,20151002,16.29,23.13,14.25,23.13,13,82
OW20V152050,20151002,23.00,38.89,22.10,36.50,20,105
OW20V152075,20151002,35.00,43.00,35.00,43.00,6,47
OW20V152100,20151002,54.15,61.60,53.45,61.60,5,126
OW20V152175,20151002,123.80,123.80,123.80,123.80,4,45
OW20W151700,20151002,2.00,2.01,2.00,2.01,25,265
OW20W151750,20151002,2.24,2.79,2.24,2.79,12,40
OW20W151800,20151002,4.22,5.14,4.22,4.73,7,42
OW20W151850,20151002,9.70,9.70,9.70,9.70,1,19
OW20W151900,20151002,16.41,16.41,16.41,16.41,1,9
OW20W152000,20151002,42.00,44.59,37.88,44.59,17,12
OW20X151650,20151002,3.69,3.69,3.69,3.69,5,5
OW20X151700,20151002,5.89,5.89,5.89,5.89,5,260
OW20X151750,20151002,9.14,9.30,9.14,9.30,15,57
OW20X151800,20151002,12.29,16.16,12.29,16.16,16,234
OW20X151850,20151002,22.96,22.96,22.96,22.96,1,47
OW20X151900,20151002,25.00,34.62,25.00,34.62,2,3605
OW20X151950,20151002,39.25,50.70,39.25,47.32,17,73
OW20X152000,20151002,59.10,72.45,59.10,69.65,23,499
OW20X152050,20151002,74.00,74.00,74.00,74.00,1,38
OW20X152100,20151002,106.35,125.75,105.00,125.75,7,1129
OW20X152200,20151002,192.95,192.95,192.95,192.95,10,1214
4FUNMEDIA,20151002,4.15,4.51,4.10,4.50,13005
ABCDATA,20151002,3.20,3.21,3.18,3.19,2625
ABMSOLID,20151002,0.62,0.62,0.56,0.57,50227
ABPL,20151002,34.57,34.58,34.00,34.46,723
ACAUTOGAZ,20151002,29.40,29.40,29.00,29.30,21083
ACE,20151002,11.99,11.99,11.88,11.88,11842
ACTION,20151002,26.62,26.62,26.62,26.62,7
AGORA,20151002,11.80,11.80,11.42,11.45,1432
AGROTON,20151002,1.03,1.06,1.03,1.06,4000
ALCHEMIA,20151002,4.70,4.78,4.70,4.73,152060
ALIOR,20151002,77.00,78.10,76.18,76.70,314920
ALMA,20151002,10.25,10.30,10.00,10.30,1430
ALTA,20151002,1.98,1.98,1.87,1.97,1016
ALTUSTFI,20151002,10.35,10.48,10.22,10.40,1947
ALUMETAL,20151002,48.37,48.40,47.50,47.80,1045
AMBRA,20151002,8.79,8.80,8.71,8.75,1056
AMICA,20151002,159.00,159.00,155.00,156.70,553
AMREST,20151002,167.00,168.00,165.30,166.50,14139
APATOR,20151002,32.10,32.38,31.11,31.11,796
APLISENS,20151002,12.72,12.72,12.72,12.72,1
ARCTIC,20151002,3.12,3.13,3.07,3.13,10810
ARK2FRN15,20151002,63.01,64.90,62.11,64.90,107
ARKASWE17,20151002,73.68,73.68,73.68,73.68,12
ARTERIA,20151002,14.90,15.10,14.70,15.00,2326
ASBIS,20151002,1.13,1.16,1.13,1.14,139806
ASSECOBS,20151002,14.24,14.30,14.10,14.30,916
ASSECOPOL,20151002,54.08,55.25,54.08,55.25,118362
ASSECOSEE,20151002,9.75,9.75,9.75,9.75,12
ASTARTA,20151002,27.30,27.91,27.28,27.91,1392
ATAL,20151002,21.50,21.50,21.50,21.50,110
ATENDE,20151002,2.58,2.60,2.53,2.58,4306
ATLANTAPL,20151002,8.29,8.40,8.20,8.35,6700
ATLANTIS,20151002,0.56,0.57,0.54,0.57,18382
ATM,20151002,9.74,9.75,9.19,9.44,1831
ATMGRUPA,20151002,3.60,3.60,3.60,3.60,1252
ATREM,20151002,4.60,4.74,4.35,4.72,19392
AVIAAML,20151002,5.76,5.76,5.76,5.76,1
BALTONA,20151002,8.00,8.00,8.00,8.00,1
BANKBPH,20151002,38.19,38.19,37.25,37.29,666
BBIDEV,20151002,0.87,0.89,0.87,0.87,6282
BENEFIT,20151002,408.90,417.95,400.00,407.50,3584
BEST,20151002,17.50,17.50,17.00,17.10,604
BETACOM,20151002,10.70,10.70,10.51,10.51,2437
BGZBNPP,20151002,50.45,50.45,50.45,50.45,10
BIOMEDLUB,20151002,2.90,2.94,2.90,2.94,3601
BIOTON,20151002,10.00,10.05,9.96,10.04,109017
BMPAG,20151002,2.74,2.74,2.70,2.70,5597
BOGDANKA,20151002,60.54,60.60,59.00,59.20,31474
BORYSZEW,20151002,4.99,5.02,4.97,5.00,317554
BOS,20151002,21.29,21.29,20.96,20.96,684
BOWIM,20151002,1.88,1.96,1.88,1.96,1010
BPHFIZSN,20151002,42.00,47.99,42.00,47.99,634
BRASTER,20151002,13.45,13.61,13.15,13.36,1325
BRIJU,20151002,14.75,14.75,14.11,14.16,2898
BSCDRUK,20151002,32.40,32.40,32.35,32.40,1005
BUDIMEX,20151002,201.90,203.75,201.00,203.00,4896
BUMECH,20151002,0.74,0.80,0.72,0.77,168828
BUWOG,20151002,78.98,78.98,78.98,78.98,7
BYTOM,20151002,3.25,3.25,3.13,3.22,334292
BZWBK,20151002,293.00,294.00,288.50,289.30,45426
CALATRAVA,20151002,0.61,0.61,0.55,0.58,87691
CAMMEDIA,20151002,4.76,4.76,4.76,4.76,5
CAPITAL,20151002,2.16,2.26,2.16,2.26,1050
CCC,20151002,164.80,164.80,156.00,158.50,91942
CDPROJEKT,20151002,26.31,26.67,26.27,26.60,136015
CDRL,20151002,17.13,17.13,16.64,17.02,1050
CEZ,20151002,77.15,77.22,76.20,76.20,5548
CIECH,20151002,73.79,74.40,73.03,73.70,43649
CIGAMES,20151002,18.00,18.35,18.00,18.30,5977
CNT,20151002,8.40,8.47,8.24,8.47,2699
COGNOR,20151002,1.25,1.28,1.25,1.25,8238
COLIAN,20151002,4.35,4.39,4.33,4.35,2656
COMARCH,20151002,126.95,127.40,126.95,127.40,337
COMP,20151002,55.95,55.95,52.05,53.00,6069
CORMAY,20151002,1.61,1.66,1.61,1.66,54812
CORMAY-PDA,20151002,1.59,1.62,1.56,1.62,74142
CPGROUP,20151002,5.89,5.89,5.89,5.89,5
CUBEITG,20151002,5.34,5.35,5.34,5.35,2668
CYFRPLSAT,20151002,23.47,23.70,23.20,23.35,353610
CZTOREBKA,20151002,1.20,1.45,1.14,1.30,263478
DEBICA,20151002,77.16,78.88,77.15,78.64,251
DEKPOL,20151002,15.22,15.89,15.22,15.89,20
DELKO,20151002,8.00,8.22,7.95,8.20,186
DGA,20151002,5.97,5.97,5.97,5.97,1
DMWDM,20151002,0.39,0.39,0.36,0.36,22742
DOMDEV,20151002,46.00,46.00,46.00,46.00,501
DROZAPOL,20151002,2.13,2.13,1.95,2.13,140
DTP,20151002,4.44,4.44,4.35,4.35,492
DUDA,20151002,5.31,5.32,5.31,5.32,3457
DUON,20151002,3.26,3.28,3.22,3.22,57190
ECARD,20151002,3.97,3.97,3.97,3.97,5
ECHO,20151002,6.43,6.75,6.43,6.43,12169
EFEKT,20151002,15.96,15.96,15.96,15.96,4
EKOEXPORT,20151002,15.30,15.41,14.11,14.11,147364
ELBUDOWA,20151002,146.45,152.45,145.00,151.00,1582
ELEKTROTI,20151002,16.60,16.90,16.60,16.90,1002
ELEMENTAL,20151002,4.40,4.42,4.37,4.37,38812
ELKOP,20151002,1.27,1.27,1.27,1.27,9
EMCINSMED,20151002,15.00,15.00,15.00,15.00,1
EMPERIA,20151002,63.99,63.99,63.00,63.45,454
ENEA,20151002,13.50,13.58,12.94,13.13,289726
ENELMED,20151002,9.90,9.90,9.70,9.70,286
ENERGA,20151002,17.10,17.37,17.07,17.29,1028531
ENERGOINS,20151002,9.88,9.88,9.61,9.61,12
ERBUD,20151002,32.06,32.76,32.06,32.76,235
ERG,20151002,21.51,21.51,20.05,20.05,2093
ERGIS,20151002,6.07,6.10,6.00,6.09,2958
ESOTIQ,20151002,32.50,32.50,32.50,32.50,45
ESSYSTEM,20151002,2.95,2.95,2.95,2.95,10
ETFDAX,20151002,392.29,394.62,387.56,390.00,248
ETFSP500,20151002,74.63,75.33,73.00,73.87,782
ETFW20L,20151002,237.45,237.47,234.45,236.22,582
EUCO,20151002,48.30,49.75,47.50,47.98,1806
EUROCASH,20151002,44.50,46.73,44.50,45.50,691190
EVEREST,20151002,2.03,2.03,1.85,2.00,4244
FAMUR,20151002,1.95,1.95,1.87,1.87,15981
FARMACOL,20151002,61.00,63.82,61.00,63.79,514
FASTFIN,20151002,0.54,0.54,0.52,0.54,2723
FEERUM,20151002,22.15,22.15,21.97,21.97,191
FERRO,20151002,10.50,10.50,10.50,10.50,1880
FERRUM,20151002,5.10,5.10,4.89,5.08,12
FON,20151002,0.56,0.59,0.56,0.56,17250
FORTE,20151002,51.73,51.80,50.50,50.50,27691
FORTUNA,20151002,10.74,10.74,10.74,10.74,337
FOTA,20151002,0.55,0.60,0.53,0.53,80598
GETIN,20151002,1.48,1.48,1.44,1.45,90401
GETINOBLE,20151002,0.87,0.88,0.86,0.87,2356410
GINOROSSI,20151002,2.82,2.89,2.76,2.78,11910
GLCOSMED,20151002,4.62,4.62,4.59,4.59,7
GORENJE,20151002,21.50,21.50,21.50,21.50,1
GPW,20151002,39.49,39.49,39.20,39.40,8004
GRAAL,20151002,30.27,30.99,30.27,30.40,1618
GRAJEWO,20151002,23.89,23.89,23.30,23.85,895
GREMMEDIA,20151002,1.85,1.93,1.84,1.93,5134
GROCLIN,20151002,14.16,14.16,13.61,13.80,19554
GRUPAAZOTY,20151002,92.50,92.88,90.10,91.10,15972
GTC,20151002,6.21,6.24,6.20,6.23,24672
HANDLOWY,20151002,80.70,81.74,80.01,80.01,29146
HARPER,20151002,1.88,1.88,1.84,1.84,551
HAWE,20151002,1.03,1.08,1.01,1.03,2171328
HELIO,20151002,3.91,4.09,3.91,4.00,4399
HERKULES,20151002,4.06,4.10,4.06,4.10,15276
HUBSTYLE,20151002,0.90,0.93,0.90,0.93,14291
HYDROTOR,20151002,36.67,36.70,36.50,36.70,579
HYPERION,20151002,3.63,3.63,3.63,3.63,12
IDEABANK,20151002,25.10,25.50,25.10,25.50,1057
IDMSA,20151002,1.53,1.55,1.45,1.55,1019
IFSA,20151002,0.50,0.54,0.48,0.51,63137
IIAAV,20151002,8.82,8.82,8.77,8.77,3241
IMCOMPANY,20151002,5.20,5.27,5.20,5.25,1203
IMMOBILE,20151002,2.40,2.40,2.40,2.40,4
IMPEL,20151002,28.00,28.00,27.68,27.68,24
IMPERA,20151002,1.48,1.52,1.48,1.52,25
IMPEXMET,20151002,2.60,2.60,2.57,2.59,89860
IMS,20151002,2.27,2.27,2.27,2.27,247
INC,20151002,2.14,2.14,2.10,2.14,299
INDATA,20151002,0.72,0.72,0.69,0.72,153280
INDYGO,20151002,0.84,0.94,0.82,0.91,1579111
INDYKPOL,20151002,94.00,94.00,93.00,94.00,3430
INGBSK,20151002,123.00,123.00,119.55,119.55,2150
INPRO,20151002,3.63,3.63,3.63,3.63,296
INSTALKRK,20151002,10.56,10.68,10.52,10.68,638
INTEGERPL,20151002,122.55,123.80,122.55,123.70,8083
INTERAOLT,20151002,18.00,18.00,17.99,17.99,1100
INTERBUD,20151002,2.25,2.25,2.10,2.16,28730
INTERCARS,20151002,230.10,234.80,230.10,231.00,434
INTERSPPL,20151002,1.68,1.90,1.68,1.84,25828
INTROL,20151002,9.90,9.90,9.90,9.90,25
INVISTA,20151002,2.11,2.12,2.10,2.12,7795
INVPEFIZ,20151002,825.00,825.00,824.90,825.00,68
IPERMFIZ,20151002,60.00,60.00,60.00,60.00,9
IPOPEMA,20151002,3.12,3.12,2.99,3.05,9031
IQP,20151002,0.84,0.84,0.84,0.84,2400
IVMX,20151002,5.97,5.97,5.95,5.95,301
IZOBLOK,20151002,107.00,107.00,107.00,107.00,6
IZOLACJA,20151002,1.07,1.07,1.07,1.07,1
IZOSTAL,20151002,4.33,4.33,4.33,4.33,100
JHMDEV,20151002,1.54,1.56,1.53,1.53,4494
JSW,20151002,11.60,11.75,11.32,11.40,135079
JWCONSTR,20151002,4.38,4.51,4.35,4.51,6846
K2INTERNT,20151002,11.30,11.50,11.30,11.50,1389
KANIA,20151002,2.94,2.94,2.90,2.93,32628
KBDOM,20151002,3.05,3.05,2.85,2.90,5226
KERDOS,20151002,0.55,0.58,0.53,0.54,2865777
KERNEL,20151002,45.00,45.29,44.70,44.90,197459
KETY,20151002,289.00,289.90,285.00,285.00,804
KGHM,20151002,81.36,81.88,78.12,78.77,998993
KOFOLA,20151002,55.00,55.00,55.00,55.00,5020
KOGENERA,20151002,73.40,73.40,71.70,72.00,1275
KOMPUTRON,20151002,8.20,8.20,8.10,8.10,1909
KONSSTALI,20151002,34.45,34.80,33.13,34.50,465
KOPEX,20151002,5.72,5.72,5.60,5.60,9061
KRAKCHEM,20151002,4.29,4.29,4.07,4.07,4362
KREC,20151002,6.69,7.35,6.68,6.85,4429
KREDYTIN,20151002,25.99,26.00,25.80,25.97,12757
KREZUS,20151002,3.79,4.20,3.79,4.16,14437
KRUK,20151002,172.95,172.95,170.40,171.00,8624
KRUSZWICA,20151002,55.01,55.01,53.50,53.60,777
KSGAGRO,20151002,0.95,0.95,0.95,0.95,761
LCCORP,20151002,1.85,1.85,1.84,1.85,166030
LENA,20151002,4.37,4.37,4.37,4.37,2887
LENTEX,20151002,8.85,8.90,8.80,8.85,4486
LIBET,20151002,2.42,2.50,2.42,2.50,9903
LIVECHAT,20151002,31.40,31.50,30.95,30.95,1007
LOTOS,20151002,28.50,28.81,28.10,28.70,175817
LPP,20151002,7495.00,7495.00,6961.15,7004.05,5398
LSISOFT,20151002,4.58,4.58,4.58,4.58,1
LUBAWA,20151002,1.03,1.05,1.03,1.05,53861
MABION,20151002,47.36,48.20,47.00,47.45,4918
MAGELLAN,20151002,53.98,54.00,53.67,54.00,1439
MARVIPOL,20151002,6.80,7.03,6.80,7.03,354
MBANK,20151002,350.95,356.00,349.80,354.50,55329
MCI,20151002,11.41,11.50,11.40,11.45,16457
MEDIATEL,20151002,1.03,1.03,1.03,1.03,1
MEDICALG,20151002,204.00,204.80,202.00,202.00,220
MENNICA,20151002,13.20,13.20,13.20,13.20,38
MERCATOR,20151002,18.24,18.25,17.66,18.00,11523
MERCOR,20151002,9.90,9.90,9.90,9.90,13
MEXPOLSKA,20151002,4.10,4.35,4.10,4.28,41791
MIDAS,20151002,0.60,0.60,0.59,0.60,190108
MILKILAND,20151002,0.98,0.98,0.91,0.98,515
MILLENNIUM,20151002,5.80,5.80,5.71,5.73,1034663
MIRACULUM,20151002,2.85,2.95,2.81,2.89,6611
MIRBUD,20151002,1.15,1.15,1.13,1.13,97962
MLPGROUP,20151002,33.14,34.99,32.76,34.99,24800
MNI,20151002,0.91,0.93,0.91,0.93,2054
MOBRUK,20151002,9.00,9.00,9.00,9.00,4
MOJ,20151002,1.15,1.21,1.04,1.19,7464
MOL,20151002,168.45,168.90,168.45,168.90,47
MONNARI,20151002,17.23,17.25,16.92,16.99,31820
MOSTALPLC,20151002,15.00,15.00,14.59,14.59,336
MOSTALWAR,20151002,12.00,12.17,11.71,12.00,10518
MOSTALZAB,20151002,1.74,1.81,1.74,1.79,179527
MWTRADE,20151002,16.25,16.25,15.60,16.15,88
NETIA,20151002,5.57,5.67,5.44,5.45,131954
NETMEDIA,20151002,5.42,5.50,5.00,5.42,19331
NEUCA,20151002,345.00,345.00,341.05,342.00,188
NEWAG,20151002,15.98,15.98,15.61,15.61,2921
NFIEMF,20151002,3.06,3.06,3.06,3.06,72
NORTCOAST,20151002,5.80,5.80,5.80,5.80,55
NOVITA,20151002,51.98,51.98,51.00,51.00,62
NOWAGALA,20151002,1.30,1.30,1.30,1.30,7045
NTTSYSTEM,20151002,2.18,2.22,2.16,2.22,9433
ODLEWNIE,20151002,2.31,2.31,2.31,2.31,100
OPERA3GR,20151002,260.10,260.10,260.10,260.10,8
OPONEO.PL,20151002,19.00,19.43,18.24,19.43,1067
OPTEAM,20151002,8.99,8.99,8.99,8.99,4
ORANGEPL,20151002,7.08,7.12,7.03,7.03,1413726
ORBIS,20151002,58.00,58.00,56.62,56.65,2572
ORCOGROUP,20151002,0.95,0.96,0.92,0.94,6630
ORZBIALY,20151002,7.17,7.24,7.17,7.24,71
OTMUCHOW,20151002,6.32,6.35,6.25,6.35,430
OVOSTAR,20151002,85.50,85.50,85.12,85.12,58
PAGED,20151002,55.18,55.18,53.00,54.99,1740
PAMAPOL,20151002,1.17,1.26,1.17,1.24,32030
PANOVA,20151002,19.39,19.39,19.30,19.30,121
PATENTUS,20151002,0.70,0.70,0.70,0.70,2000
PBG,20151002,2.62,2.62,2.48,2.52,19566
PCCEXOL,20151002,3.20,3.24,3.19,3.24,109
PCCINTER,20151002,2.14,2.14,2.14,2.14,10
PCCROKITA,20151002,38.10,38.59,38.10,38.59,104
PCM,20151002,39.95,40.50,39.95,40.25,1948
PEKABEX,20151002,10.59,10.59,10.50,10.50,59869
PEKAES,20151002,12.18,12.32,12.00,12.32,27329
PEKAO,20151002,153.90,155.05,149.45,151.20,390804
PELION,20151002,64.55,64.55,64.51,64.51,27
PEMANAGER,20151002,126.00,127.00,126.00,127.00,250
PEP,20151002,24.50,24.50,24.20,24.20,2317
PEPEES,20151002,0.53,0.53,0.53,0.53,2800
PGE,20151002,13.55,13.62,13.06,13.13,2281915
PGNIG,20151002,6.56,6.70,6.54,6.70,3942031
PGODLEW,20151002,5.18,5.18,5.18,5.18,70
PHN,20151002,18.15,18.48,18.15,18.48,368
PKNORLEN,20151002,66.10,68.53,65.89,66.75,1480829
PKOBP,20151002,29.29,29.34,28.81,29.08,3364348
PKOGS,20151002,100.00,100.33,99.40,99.40,6067
PKOSO,20151002,98.99,98.99,98.99,98.99,305
PKPCARGO,20151002,66.00,66.40,64.56,64.64,9197
PLASTBOX,20151002,2.28,2.28,2.28,2.28,612
PLATYNINW,20151002,3.03,3.08,2.82,3.04,5569
PMPG,20151002,1.45,1.45,1.45,1.45,548
POLICE,20151002,23.98,23.98,23.81,23.98,662
POLMED,20151002,3.05,3.07,3.05,3.07,302
POLNA,20151002,23.50,23.50,23.20,23.20,171
POLNORD,20151002,11.28,11.28,11.15,11.26,31962
POLWAX,20151002,15.60,15.65,15.11,15.65,4690
POZBUD,20151002,5.43,5.43,5.25,5.25,1936
PRAGMAFA,20151002,12.76,12.76,12.73,12.73,47
PRAGMAINK,20151002,12.16,12.16,12.15,12.15,181
PRAIRIE,20151002,2.56,2.81,2.50,2.81,278341
PRESCO,20151002,4.93,5.42,4.93,5.29,6865
PRIMAMODA,20151002,1.45,1.45,1.45,1.45,250
PROCAD,20151002,1.69,1.69,1.60,1.60,493
PROCHEM,20151002,16.45,16.45,16.39,16.40,1099
PROCHNIK,20151002,1.10,1.13,1.08,1.12,54317
PROJPRZEM,20151002,7.41,7.41,7.41,7.41,2
PROTEKTOR,20151002,3.17,3.17,3.05,3.14,606
PSG,20151002,0.66,0.66,0.66,0.66,44
PTI,20151002,0.36,0.39,0.36,0.39,409462
PULAWY,20151002,170.05,170.05,167.10,169.80,162
PZU,20151002,381.20,389.90,380.05,382.50,264990
QUANTUM,20151002,6.25,6.34,5.99,6.34,2222
QUERCUS,20151002,5.99,6.00,5.90,6.00,29376
QUMAK,20151002,10.21,10.45,10.20,10.45,2631
RADPOL,20151002,6.29,6.29,6.29,6.29,104
RAFAKO,20151002,6.72,6.72,6.61,6.69,2038
RAINBOW,20151002,23.84,23.84,23.16,23.82,152
RANKPROGR,20151002,1.65,1.70,1.59,1.70,35446
RAWLPLUG,20151002,8.30,8.44,8.30,8.44,629
RCBWTI10917,20151002,491.00,491.00,491.00,491.00,4
RCCRUAOPEN,20151002,9.30,9.30,9.01,9.04,63259
RCGLDAOPEN,20151002,422.37,422.37,422.37,422.37,2
RCLNAGOPEN,20151002,6.70,6.70,6.65,6.66,7250
RCSCRAOPEN,20151002,352.18,352.18,352.18,352.18,5
RCSILAOPEN,20151002,56.28,56.72,56.28,56.72,140
RCSUGAOPEN,20151002,3.42,3.43,3.40,3.40,708
RCTWW20002,20151002,1124.87,1124.87,1124.87,1124.87,100
RCW20AOPEN,20151002,20.63,20.63,20.63,20.63,18
RCWHTAOPEN,20151002,8.67,8.67,8.67,8.67,250
REDAN,20151002,2.40,2.42,2.36,2.42,5310
REDWOOD,20151002,5.94,5.94,5.93,5.94,4528
REINHOLD,20151002,0.54,0.55,0.50,0.55,26159
RELPOL,20151002,6.79,6.79,6.70,6.70,772
REMAK,20151002,17.40,17.40,16.40,17.00,662
RESBUD,20151002,1.31,1.36,1.30,1.36,1423
ROBYG,20151002,2.39,2.39,2.34,2.38,10504
RONSON,20151002,1.24,1.25,1.24,1.25,7869
ROPCZYCE,20151002,21.19,21.19,20.26,21.00,56
RUBICON,20151002,1.19,1.19,1.19,1.19,7
SANOK,20151002,52.16,52.51,51.45,51.45,2079
SANTANDER,20151002,20.14,20.18,19.51,19.51,32
SCOPAK,20151002,3.75,3.81,3.75,3.81,1971
SECOGROUP,20151002,20.11,20.98,20.11,20.98,22
SELENAFM,20151002,18.48,18.49,17.70,18.49,55
SELVITA,20151002,20.82,21.09,20.69,20.69,11648
SERINUS,20151002,2.06,2.08,2.00,2.00,27699
SFINKS,20151002,3.45,3.58,3.45,3.58,4332
SILVANO,20151002,5.27,5.28,5.16,5.28,2324
SIMPLE,20151002,8.59,8.59,8.50,8.50,1272
SKARBIEC,20151002,35.40,35.40,34.50,34.80,605
SKOK,20151002,1.59,1.59,1.59,1.59,50
SKOTAN,20151002,0.50,0.51,0.48,0.50,315957
SMT,20151002,17.84,17.84,17.60,17.80,2594
SNIEZKA,20151002,54.00,54.00,52.80,52.99,320
SOBIESKI,20151002,78.51,78.51,77.00,77.00,108
SOHODEV,20151002,1.20,1.23,1.20,1.20,2700
SOLAR,20151002,1.28,1.40,1.28,1.37,195192
SONEL,20151002,11.90,11.90,11.89,11.89,679
STALEXP,20151002,3.27,3.27,3.23,3.24,20655
STALPROD,20151002,296.55,296.55,278.15,278.15,261
STALPROFI,20151002,11.81,12.12,11.80,12.00,2393
STAPORKOW,20151002,4.50,4.65,4.41,4.41,1691
STARHEDGE,20151002,0.59,0.60,0.58,0.59,32756
SUNEX,20151002,0.16,0.16,0.15,0.16,247816
SWISSMED,20151002,2.00,2.00,1.92,2.00,5233
SYGNITY,20151002,8.77,8.90,8.74,8.80,4788
SYNEKTIK,20151002,16.40,16.40,16.20,16.38,343
SYNTHOS,20151002,3.79,3.79,3.74,3.76,456899
TALEX,20151002,18.15,18.15,18.15,18.15,5
TARCZYNSKI,20151002,13.16,13.68,13.16,13.68,107
TAURONPE,20151002,3.26,3.32,3.18,3.19,2328985
TELL,20151002,11.69,11.89,11.50,11.89,3546
TERESA,20151002,15.30,15.30,15.30,15.30,20
TERMOREX,20151002,2.60,2.60,2.60,2.60,5
TESGAS,20151002,3.30,3.30,3.25,3.25,574
TFONE,20151002,2.93,2.93,2.87,2.93,2101
TIM,20151002,8.90,8.90,8.55,8.79,80
TORPOL,20151002,10.94,10.94,10.66,10.82,1300
TRAKCJA,20151002,8.75,8.88,8.75,8.80,23313
TRANSPOL,20151002,3.08,3.20,3.07,3.07,7356
TRIGONPP,20151002,114.00,114.00,113.60,114.00,390
ULMA,20151002,78.50,78.50,75.00,75.00,11
UNIBEP,20151002,10.75,10.90,10.66,10.90,77
UNICREDIT,20151002,23.80,24.04,23.80,24.04,501
UNIMA,20151002,1.71,1.71,1.71,1.71,50
UNIWHEELS,20151002,116.50,116.50,113.55,116.00,703
URSUS,20151002,2.86,2.98,2.84,2.97,330036
VANTAGE,20151002,2.62,2.62,2.44,2.44,5333
VARIANT,20151002,1.69,1.69,1.69,1.69,50
VINDEXUS,20151002,5.29,5.44,5.25,5.42,42509
VISTAL,20151002,10.82,11.00,10.60,11.00,5448
VISTULA,20151002,2.87,2.87,2.80,2.80,387033
VOTUM,20151002,17.15,17.17,16.71,17.16,929
VOXEL,20151002,17.17,17.17,17.15,17.15,405
WADEX,20151002,4.89,4.89,4.75,4.75,498
WARIMPEX,20151002,2.80,2.80,2.80,2.80,15
WASKO,20151002,1.79,1.84,1.77,1.77,9136
WAWEL,20151002,1270.00,1271.00,1260.00,1260.00,86
WDX,20151002,5.47,5.54,5.00,5.50,38239
WIELTON,20151002,7.50,7.60,7.40,7.45,4385
WIKANA,20151002,0.90,0.94,0.90,0.94,8073
WILBO,20151002,1.09,1.12,1.08,1.12,1220
WINDMOBIL,20151002,7.90,8.00,7.90,8.00,5391
WINDMOBIL-PDA,20151002,7.86,8.00,7.86,8.00,262
WINVEST,20151002,3.99,3.99,3.99,3.99,2
WIRTUALNA,20151002,39.00,39.50,38.30,39.50,6415
WOJAS,20151002,6.77,6.77,6.55,6.55,764
WORKSERV,20151002,16.59,16.59,16.13,16.21,6327
ZAMET,20151002,1.68,1.69,1.66,1.66,17117
ZASTAL,20151002,0.60,0.60,0.59,0.60,7085
ZEPAK,20151002,14.10,14.24,14.01,14.01,6840
ZETKAMA,20151002,87.99,87.99,86.40,86.42,18
ZUE,20151002,7.58,7.58,7.43,7.50,11108
ZYWIEC,20151002,385.90,392.50,384.45,390.00,114
INVESTORMS,20151002,3640.02,3640.02,3626.33,3626.33,103221.783
MWIG40,20151002,3597.11,3597.11,3556.84,3556.84,64515.365
NCINDEX30,20151002,968.27,979.16,967.09,975.35,3274.414
RESPECT,20151002,2523.12,2534.86,2494.24,2501.36,405994.547
SWIG80,20151002,13134.83,13137.12,13053.11,13084.24,16359.282
WIG,20151002,49670.25,49767.46,49117.34,49275.66,768500.237
WIG-BANKI,20151002,6543.44,6543.44,6485.12,6494.70,224985.994
WIG-BUDOW,20151002,2949.50,2967.51,2949.50,2967.51,2981.245
WIG-CEE,20151002,718.00,718.00,716.60,716.83,9410.862
WIG-CHEMIA,20151002,15092.78,15092.78,15050.81,15050.81,6695.905
WIG-DEWEL,20151002,1376.77,1379.58,1375.28,1379.58,1968.701
WIG-ENERG,20151002,3288.86,3288.86,3236.87,3236.87,60005.995
WIG-INFO,20151002,1627.77,1632.57,1627.77,1632.57,11022.954
WIG-MEDIA,20151002,4320.57,4320.57,4268.79,4277.70,8683.098
WIG-PALIWA,20151002,4825.31,4825.31,4772.54,4777.37,131079.933
WIG-POLAND,20151002,50877.33,50877.33,50424.82,50424.82,758556.990
WIG-SPOZYW,20151002,3395.24,3395.24,3380.10,3385.53,9926.854
WIG-SUROWC,20151002,2598.05,2598.05,2533.19,2533.19,82870.210
WIG-TELKOM,20151002,865.15,865.15,857.43,857.43,13105.496
WIG-UKRAIN,20151002,337.77,337.80,335.38,337.80,8939.826
WIG20,20151002,2053.15,2061.12,2025.98,2036.32,679011.277
WIG20LEV,20151002,620.18,624.98,603.79,610.02,679011.277
WIG20SHORT,20151002,3832.19,3883.06,3817.27,3863.70,679011.277
WIG20TR,20151002,3381.94,3381.94,3343.80,3345.36,679011.277
WIG30,20151002,2277.05,2282.26,2245.37,2255.18,715403.587
WIG30TR,20151002,3702.32,3702.32,3661.59,3662.60,715403.587
WIGDIV,20151002,1052.33,1057.21,1039.40,1043.28,397640.999
06MAGNA,20151002,1.85,1.96,1.85,1.96,4004
08OCTAVA,20151002,1.28,1.35,1.28,1.35,598
BEDZIN,20151002,14.40,14.40,14.40,14.40,1538
COALENERG,20151002,0.69,0.69,0.69,0.69,2510
COMPERIA,20151002,19.00,19.00,19.00,19.00,190
EKANCELAR,20151002,0.04,0.04,0.03,0.03,227500
FAM,20151002,1.35,1.38,1.35,1.38,25600
HUTMEN,20151002,4.52,4.52,4.52,4.52,130
IDEON,20151002,0.01,0.01,0.01,0.01,101926
INTERFERI,20151002,4.50,4.60,4.50,4.60,1970
KCI,20151002,0.03,0.03,0.02,0.02,131092
KOMPAP,20151002,8.30,8.30,8.30,8.30,117
MIT,20151002,0.15,0.15,0.15,0.15,35631
NEWWORLDR,20151002,0.03,0.03,0.03,0.03,79024
PBSFINANSE,20151002,3.80,3.80,3.80,3.80,100
PETROLINV,20151002,0.18,0.18,0.18,0.18,1368449
PLAZACNTR,20151002,0.13,0.13,0.13,0.13,500
POLCOLORIT,20151002,1.13,1.15,1.13,1.15,533
REGNON,20151002,0.82,0.85,0.82,0.85,430
ROVESE,20151002,1.36,1.36,1.36,1.36,5100
SANWIL,20151002,0.84,0.84,0.80,0.80,250
SKYLINE,20151002,0.45,0.45,0.45,0.45,349
SKYSTONE,20151002,3.35,3.35,3.35,3.35,186
ZREMB,20151002,1.20,1.25,1.20,1.25,11000
01CYBATON,20151002,2.87,2.87,2.65,2.67,23083
11BIT,20151002,65.00,65.40,64.30,65.40,2155
2CPARTNER,20151002,0.63,0.63,0.57,0.57,2949
2INTELLECT,20151002,0.42,0.42,0.40,0.40,7710
ABAK,20151002,1.26,1.26,1.26,1.26,20
ABPOL,20151002,0.23,0.23,0.20,0.22,79110
ABSINVEST,20151002,1.73,1.75,1.73,1.75,3250
ACARTUS,20151002,0.26,0.26,0.26,0.26,100
ACREBIT,20151002,2.03,2.07,2.03,2.07,514
ADFORM,20151002,8.50,8.50,8.50,8.50,10
ADIUVO,20151002,24.50,25.00,24.30,24.30,6094
ADMASSIVE,20151002,0.37,0.37,0.37,0.37,150
ADMIRAL,20151002,0.24,0.24,0.24,0.24,650
ADVOCULAR,20151002,2.42,2.42,2.42,2.42,85
AEDES,20151002,1.05,1.06,0.92,1.04,1330
AERFINANC,20151002,0.44,0.44,0.44,0.44,30
AGROLIGA,20151002,11.00,11.40,11.00,11.40,51
AGROTOUR,20151002,0.35,0.40,0.34,0.40,22530
AIRWAY,20151002,1.44,1.47,1.41,1.47,13157
AITON,20151002,1.15,1.15,1.14,1.14,70
ALDA,20151002,1.54,1.54,1.54,1.54,1
ALEJA,20151002,0.22,0.23,0.22,0.23,3570
ALUMAST,20151002,0.98,0.98,0.98,0.98,1000
APANET,20151002,4.78,4.99,4.46,4.99,713
APSENERGY,20151002,4.65,4.65,4.65,4.65,1
ARI,20151002,0.35,0.35,0.35,0.35,30
ARRINERA,20151002,9.00,9.00,8.85,8.85,111
ARTBIZNES,20151002,0.37,0.37,0.34,0.34,1685
ARTNEWMED,20151002,0.03,0.03,0.03,0.03,2000
ARTNEWS,20151002,1.74,1.76,1.61,1.73,3011
ARTP,20151002,0.10,0.10,0.09,0.09,1100
ASSETUS,20151002,0.88,0.88,0.88,0.88,1000
ASTORIA,20151002,3.29,3.30,2.92,3.30,989
ATCCARGO,20151002,2.60,2.60,2.51,2.51,1002
ATONHT,20151002,0.18,0.18,0.17,0.17,457
AUTOSPA,20151002,3.04,3.04,2.90,2.90,15
AZTEC,20151002,2.75,2.75,2.75,2.75,15
B2BPARTNER,20151002,0.16,0.16,0.13,0.16,111216
BALTICINV,20151002,0.85,0.91,0.83,0.90,142624
BALTICON,20151002,16.20,16.20,14.40,15.20,191
BBCONSULT,20151002,3.75,3.75,3.50,3.73,1015
BGE,20151002,0.24,0.26,0.24,0.26,2500
BINARY,20151002,0.15,0.16,0.15,0.15,1779
BIOGENED,20151002,11.90,11.90,11.90,11.90,1
BIOMASS,20151002,1.78,1.78,1.77,1.77,850
BIOMAX,20151002,0.16,0.16,0.14,0.16,186773
BIOMAXIMA,20151002,3.70,3.82,3.70,3.82,314
BLACKPOIN,20151002,0.52,0.52,0.51,0.52,350
BLIRT,20151002,1.86,1.86,1.86,1.86,4
BLOOBER,20151002,36.28,38.50,35.99,37.55,9069
BLUMERANG,20151002,0.89,0.95,0.89,0.95,410
BORUTA,20151002,0.24,0.25,0.23,0.24,210970
BPC,20151002,0.43,0.43,0.41,0.41,100
BPX,20151002,2.24,2.24,2.24,2.24,5
BROADGATE,20151002,0.82,0.82,0.82,0.82,10
BVT,20151002,1.51,1.54,1.21,1.53,15666
CCS,20151002,1.00,1.02,0.98,1.02,4544
CCTOOLS,20151002,0.28,0.28,0.28,0.28,9
CDE,20151002,0.14,0.14,0.12,0.12,40100
CEREALPLT,20151002,12.39,12.39,12.39,12.39,1
CFBPS,20151002,6.29,6.29,6.29,6.29,1
CLOUD,20151002,94.40,94.40,94.40,94.40,1
COLUMBUS,20151002,0.25,0.26,0.23,0.25,198059
COMECO,20151002,0.37,0.37,0.31,0.37,6950
CORELENS,20151002,0.72,0.72,0.72,0.72,30
CSY,20151002,3.38,3.38,3.38,3.38,399
CTE,20151002,5.15,5.15,4.75,4.75,212
CWPE,20151002,0.15,0.15,0.15,0.15,100
DANKS,20151002,0.91,0.91,0.90,0.90,1500
DASE,20151002,0.44,0.44,0.44,0.44,30
DEKTRA,20151002,9.21,9.35,9.21,9.35,364
DENTAMDC,20151002,0.01,0.01,0.01,0.01,300
DEVORAN,20151002,0.27,0.27,0.27,0.27,50
DOMLEK,20151002,16.00,17.80,16.00,17.80,249
DORADCY24,20151002,0.01,0.01,0.01,0.01,100000
EASTSIDE,20151002,1.55,1.62,1.55,1.62,1679
EBC,20151002,0.96,0.96,0.96,0.96,2556
EC2,20151002,1.65,1.80,1.32,1.52,13436
ECA,20151002,1.25,1.25,1.11,1.25,1140
ECERAMICS,20151002,0.01,0.01,0.01,0.01,1762300
ECOTECH,20151002,1.17,1.17,1.16,1.17,1320
EDISON,20151002,2.33,2.33,2.05,2.05,750
EFICOM,20151002,0.60,0.72,0.60,0.72,25700
EFIXDM,20151002,14.04,14.04,14.04,14.04,1
EKIOSK,20151002,0.77,0.78,0.77,0.78,500
EMONT,20151002,1.08,1.08,1.08,1.08,10
ERNE,20151002,3.95,4.32,3.91,4.32,374868
ERS,20151002,0.30,0.30,0.29,0.29,141
ESKIMOS,20151002,0.30,0.30,0.29,0.29,2000
EUROCENT,20151002,9.80,9.80,9.50,9.75,397
EUROTAX,20151002,2.70,2.70,2.70,2.70,1
EXAMOBILE,20151002,2.40,2.40,2.40,2.40,10
EZO,20151002,5.20,5.40,5.04,5.40,1098
FABRYKAKD,20151002,2.19,2.30,2.19,2.30,240
FACHOWCY,20151002,0.19,0.19,0.19,0.19,100
FARM51,20151002,11.38,11.38,10.85,10.98,9411
FHDOM,20151002,2.40,2.40,2.40,2.40,250
FLUID,20151002,0.94,0.95,0.91,0.91,56923
FLYPL,20151002,0.13,0.14,0.09,0.09,29346057
FOREVEREN,20151002,0.52,0.56,0.52,0.56,66489
FORPOSTA,20151002,1.01,1.01,1.01,1.01,2
FUTURIS,20151002,0.94,0.94,0.94,0.94,15
GALVO,20151002,1.62,1.62,1.62,1.62,306
GCINVEST,20151002,0.33,0.36,0.33,0.36,105
GENOMED,20151002,16.50,16.50,16.50,16.50,280
GENRG,20151002,0.09,0.09,0.08,0.08,53547
GEOTRANS,20151002,10.30,11.45,8.79,9.39,75416
GLOBALTR,20151002,0.05,0.05,0.05,0.05,3666
GOLAB,20151002,0.36,0.36,0.35,0.35,530
GOTFI,20151002,8.85,8.85,7.70,7.70,283
GREMPCO,20151002,0.15,0.15,0.14,0.15,850
GRJAGUAR,20151002,1.30,1.30,0.90,0.91,19188
GRUPAEMM,20151002,0.21,0.21,0.19,0.19,4001
GRUPAHRC,20151002,2.86,2.86,2.86,2.86,10
GRUPAREC,20151002,9.99,11.97,9.00,10.75,7029
HAMBURGER,20151002,1.15,1.15,1.15,1.15,10
HETAN,20151002,0.85,0.89,0.85,0.89,210
HOLLYWOOD,20151002,5.00,5.00,5.00,5.00,100
HURTIMEX,20151002,0.21,0.21,0.21,0.21,5100
HYDRAPRES,20151002,0.34,0.34,0.34,0.34,860
HYDROPHI,20151002,0.24,0.24,0.18,0.18,32568
I3D,20151002,0.77,0.77,0.69,0.69,141
IAI,20151002,5.49,5.49,5.49,5.49,20
IMAGIS,20151002,0.39,0.39,0.34,0.39,5845
INBOOK,20151002,0.43,0.43,0.43,0.43,30
INCANA,20151002,0.67,0.67,0.67,0.67,50
INDEXMEDI,20151002,2.45,2.45,2.45,2.45,10
INFRA,20151002,0.69,0.72,0.65,0.72,5232
INNOGENE,20151002,9.30,9.30,9.15,9.15,590
INVENTI,20151002,2.06,2.18,2.00,2.18,202
INVESTEKO,20151002,1.80,1.80,1.80,1.80,20
INWESTPL,20151002,0.31,0.35,0.30,0.35,19002
IPOSA,20151002,0.06,0.06,0.06,0.06,1000
ISIAG,20151002,1.69,1.69,1.11,1.11,252
JANTAR,20151002,0.73,0.73,0.73,0.73,30
JRHOLDING,20151002,0.49,0.49,0.49,0.49,9937
JUJUBEE-PDA,20151002,3.50,3.50,3.30,3.30,3505
KANCELWEC,20151002,0.41,0.45,0.41,0.45,1780
KKHERBAL,20151002,0.25,0.25,0.22,0.22,12925
KLASZTORNE,20151002,0.08,0.08,0.08,0.08,1500
KLEBAINV,20151002,4.08,4.08,4.08,4.08,2
KLON,20151002,1.78,1.78,1.50,1.50,1011
KME,20151002,3.15,3.15,3.15,3.15,15
KUPIEC,20151002,3.20,3.30,2.80,2.80,1826
LABOPRINT,20151002,15.60,15.60,15.60,15.60,1
LAURENPES,20151002,0.03,0.03,0.03,0.03,390534
LEASINGEX,20151002,0.70,0.70,0.70,0.70,100
LEONIDAS,20151002,0.23,0.23,0.23,0.23,1
LETUS,20151002,0.10,0.12,0.10,0.11,63103
LKDESIGN,20151002,5.80,6.00,5.80,6.00,604
LSTECHHOM,20151002,1.18,1.23,1.17,1.23,32471
LUG,20151002,3.20,3.20,3.20,3.20,300
LUXIMA,20151002,0.04,0.04,0.04,0.04,300
LZMO,20151002,1.49,1.49,1.40,1.49,10900
MAGNIFICO,20151002,0.17,0.17,0.17,0.17,150
MAKORA,20151002,1.53,1.55,1.45,1.55,1203
MARKA,20151002,2.00,2.00,2.00,2.00,2569
MAXIPIZZA,20151002,0.67,0.68,0.67,0.68,1448
MBFGROUP,20151002,6.80,6.99,6.21,6.99,350
MED,20151002,5.01,5.01,5.00,5.00,6902
MEDIANPOL,20151002,0.39,0.39,0.36,0.36,830
MEGASONIC,20151002,6.70,6.70,6.70,6.70,1
MERIT,20151002,0.23,0.23,0.23,0.23,50
MIDVEN,20151002,110.00,110.00,105.00,105.00,47
MILESTONE,20151002,6.30,6.50,5.55,6.49,880
MINERAL,20151002,0.56,0.56,0.52,0.52,22654
MINOX,20151002,0.08,0.08,0.08,0.08,500
MMCPL,20151002,4.01,4.60,4.01,4.60,3
MODE,20151002,0.55,0.55,0.55,0.55,1
MOLMEDICA,20151002,0.03,0.03,0.03,0.03,1272770
MOMO,20151002,2.46,2.53,2.41,2.53,3718
MORIZON,20151002,1.47,1.47,1.47,1.47,1
MOTORICUS,20151002,0.26,0.34,0.26,0.34,19945
NANOTEL,20151002,2.80,2.97,2.80,2.97,1409
NEPTIS,20151002,25.98,25.98,24.50,24.50,151
NETWISE,20151002,3.50,3.50,3.50,3.50,10
NOVATIS,20151002,0.30,0.33,0.30,0.33,1513
NOVAVIS,20151002,1.13,1.16,1.07,1.15,11678
NOVINA,20151002,0.58,0.61,0.50,0.60,129295
NWAI,20151002,2.03,2.03,2.03,2.03,492
ONICO,20151002,38.45,38.45,38.45,38.45,50
OPENNET,20151002,2.09,2.10,2.04,2.10,1090
OPTIZENLB,20151002,0.29,0.29,0.29,0.29,40
ORGANIC,20151002,4.25,4.57,4.25,4.57,568
ORIONINV,20151002,86.11,86.82,80.41,86.82,72
ORZLOPONY,20151002,0.68,0.68,0.68,0.68,10
PARTNER,20151002,0.06,0.06,0.06,0.06,8000
PATFUND,20151002,0.25,0.26,0.23,0.26,19000
PFMEDICAL,20151002,38.00,38.00,37.82,37.82,2
PGSSOFT,20151002,6.06,6.06,6.00,6.06,491
PHARMENA,20151002,19.49,19.49,19.49,19.49,1
PHOTON,20151002,0.68,0.76,0.66,0.70,23011
PILAB,20151002,43.00,44.60,43.00,44.60,177
PLANETSOF,20151002,0.14,0.16,0.14,0.16,39252
PLASMA,20151002,13.69,13.69,13.63,13.69,3223
PLATIGE,20151002,13.20,13.20,13.20,13.20,10
POLFA,20151002,0.31,0.34,0.28,0.34,19381
PPRICE,20151002,0.03,0.03,0.03,0.03,400
PREFABET,20151002,11.00,11.48,9.88,10.00,1005
PRESENT24,20151002,2.80,2.80,2.30,2.30,610
PRESTO,20151002,0.79,0.82,0.76,0.76,29362
PRIME,20151002,34.49,35.00,32.68,33.04,17081
PROLOG,20151002,8.70,8.70,8.52,8.52,315
PROMISE,20151002,3.16,3.16,3.10,3.15,49654
PRYMUS,20151002,5.10,5.10,5.10,5.10,5
RAJDY4X4,20151002,0.05,0.05,0.05,0.05,6084
ROBINSON,20151002,11.50,13.00,10.41,12.35,1135
ROCCA,20151002,0.40,0.40,0.40,0.40,50
ROTOPINO,20151002,1.38,1.38,1.38,1.38,10
RSY,20151002,6.93,6.93,6.93,6.93,5
RUNICOM,20151002,0.54,0.54,0.54,0.54,20
S4E,20151002,7.60,7.60,7.60,7.60,132
SAPLING,20151002,0.28,0.28,0.28,0.28,1
SARE,20151002,22.90,23.85,22.90,23.85,456
SEKA,20151002,6.05,6.05,6.05,6.05,250
SESCOM,20151002,19.81,19.81,19.81,19.81,1
SFKPOLKAP,20151002,4.50,4.63,4.50,4.58,3471
SILVACG,20151002,0.01,0.01,0.01,0.01,200
SPC,20151002,0.05,0.05,0.05,0.05,3000
STANUSCH,20151002,8.35,8.35,8.35,8.35,5
STEMCELLS,20151002,1.22,1.22,1.22,1.22,25
STOPKLA,20151002,11.00,11.00,9.75,9.75,217
SUMMALING,20151002,6.40,6.40,6.40,6.40,2
SUNTECH,20151002,0.33,0.34,0.33,0.34,3344
SURFLAND,20151002,0.70,0.77,0.62,0.77,11884
SWISSPSM,20151002,0.26,0.26,0.26,0.26,100
SYMBIO,20151002,3.00,3.00,2.85,2.85,20
SZAR,20151002,0.07,0.07,0.07,0.07,200
T2INVEST,20151002,1.90,1.90,1.90,1.90,10
TABLEO,20151002,1.40,1.40,1.35,1.35,120
TAMEX,20151002,0.37,0.42,0.34,0.42,10546
TAXNET,20151002,0.43,0.43,0.43,0.43,130
TAXUSFUND,20151002,0.06,0.06,0.06,0.06,75
TELEMEDPL,20151002,0.96,0.96,0.96,0.96,100
TELESTR,20151002,11.50,11.85,11.50,11.85,5090
TELGAM,20151002,0.25,0.25,0.24,0.24,22050
TILIA,20151002,0.65,0.65,0.62,0.62,1767
TROPHYRES,20151002,3.04,3.11,3.04,3.11,339
UNIMOT,20151002,13.70,13.70,12.80,13.40,318
UNITED,20151002,0.49,0.50,0.44,0.47,23095
VAKOMTEK,20151002,1.19,1.19,1.19,1.19,1
VCP,20151002,0.28,0.28,0.28,0.28,40
VELTO,20151002,0.30,0.35,0.30,0.31,119009
VENITI,20151002,0.79,0.79,0.79,0.79,30
VENTUREIN,20151002,2.45,2.45,2.45,2.45,100
VIDIS,20151002,2.70,2.70,2.70,2.70,10
VISION,20151002,0.01,0.01,0.01,0.01,5012
VIVID,20151002,5.58,5.73,5.58,5.73,14198
WBAY,20151002,3.52,3.52,3.52,3.52,100
WDBBU,20151002,3.00,3.00,3.00,3.00,1
WEEDO,20151002,4.55,5.15,4.00,5.15,2448
WESTREAL,20151002,1.79,1.79,1.79,1.79,200
XPLUS,20151002,0.12,0.12,0.12,0.12,100
YELLOWHAT,20151002,0.36,0.36,0.36,0.36,512
YOURIMAGE,20151002,0.27,0.28,0.24,0.28,5844
NCINDEX,20151002,283.43,283.85,281.29,281.87,7873.405
2CP0316,20151002,93.50,93.50,93.50,93.50,63
2CP0317,20151002,87.90,87.90,87.90,87.90,5
2CP0416,20151002,88.50,89.20,88.50,89.20,15
AIN0717,20151002,99.72,99.72,99.72,99.72,1
ALR0321,20151002,104.20,104.20,104.00,104.00,211
ALR0421,20151002,103.25,103.25,103.25,103.25,1
AUT0217,20151002,100.20,100.20,100.20,100.20,1
BPS0718,20151002,95.00,95.00,95.00,95.00,23
BS20118,20151002,100.00,100.00,100.00,100.00,57
BSC0621,20151002,90.95,90.95,90.95,90.95,11
BSC0927,20151002,89.50,89.50,88.95,88.95,26
BST0319,20151002,99.99,99.99,99.99,99.99,29
BST0418,20151002,100.75,101.00,100.50,100.50,539
BST0516,20151002,100.35,100.35,100.35,100.35,100
BST1018,20151002,100.90,100.95,100.75,100.75,486
BSW0424,20151002,93.48,93.48,93.48,93.48,1
CAP0617,20151002,99.84,99.84,99.84,99.84,310
CAS1117,20151002,100.01,100.01,97.00,100.00,216
CAS1216,20151002,99.85,100.00,99.50,100.00,260
CPS0721,20151002,101.10,101.10,101.10,101.10,262
CRS0416,20151002,97.50,97.50,97.50,97.50,10
DS0725,20151002,103.60,103.60,103.60,103.60,3
ECH0716,20151002,101.48,101.48,101.48,101.48,10
EDI1116,20151002,97.00,97.00,97.00,97.00,10
ERC0916,20151002,100.90,100.90,100.90,100.90,71
FFI0116,20151002,93.00,93.00,93.00,93.00,1
FKD0516,20151002,94.48,94.99,94.48,94.99,20
GHC0619,20151002,100.60,100.60,100.60,100.60,15
GHJ0718,20151002,100.00,100.00,99.95,99.95,100
GNB0218,20151002,97.01,97.30,97.01,97.30,6
GNB0318,20151002,96.50,97.00,96.50,97.00,143
GNB0321,20151002,90.55,90.99,90.55,90.99,9
GNB0819,20151002,95.01,95.01,95.01,95.01,4
GNB0917,20151002,99.19,99.20,99.19,99.20,40
GNB1020,20151002,92.95,93.00,92.95,93.00,25
GNB1219,20151002,92.95,93.00,92.95,93.00,60
GPW0117,20151002,101.20,101.20,101.20,101.20,10
GTC0319,20151002,100.50,100.50,100.50,100.50,4
IPP0620,20151002,100.80,101.20,100.80,101.20,12
KAN1117,20151002,101.00,101.00,101.00,101.00,1
KME0916,20151002,98.56,98.56,98.56,98.56,100
KOS1117,20151002,98.60,99.92,98.55,99.92,152
KR20116,20151002,99.90,99.90,99.90,99.90,1
KRI0116,20151002,100.00,100.00,100.00,100.00,10
KRS0416,20151002,70.00,70.00,70.00,70.00,80
KRU0317,20151002,103.31,103.31,103.31,103.31,19
KRU0517,20151002,101.10,102.60,101.10,102.60,144
KRU0620,20151002,101.15,101.15,101.13,101.14,226
KRU0621,20151002,102.00,102.00,102.00,102.00,5
KRU1116,20151002,103.20,103.20,103.20,103.20,30
KRU1217,20151002,103.00,103.00,103.00,103.00,11
KRU1220,20151002,102.50,102.50,102.50,102.50,10
LEX0616,20151002,25.50,25.50,25.50,25.50,1
LKD1017,20151002,99.00,100.00,99.00,100.00,75
LZM1116,20151002,88.00,88.00,88.00,88.00,2
MBK1223,20151002,102.00,102.00,102.00,102.00,1
MER0616,20151002,98.01,98.01,98.01,98.01,3
MKR0916,20151002,98.00,98.00,98.00,98.00,2
MKR1115,20151002,99.50,99.50,99.50,99.50,2
MRB0717,20151002,90.90,90.90,90.90,90.90,160
MUR0418,20151002,100.00,100.00,100.00,100.00,15
MWT0216,20151002,99.60,99.60,99.60,99.60,103
MWT0316,20151002,99.72,99.72,99.72,99.72,99
MWT0417,20151002,99.99,100.00,99.99,100.00,100
PBD0116,20151002,94.79,96.50,94.79,96.50,58
PBS1021,20151002,93.60,94.65,93.60,94.65,28
PBS1024,20151002,97.95,97.95,97.95,97.95,100
PCR0416,20151002,101.47,101.47,101.47,101.47,1
PCR0419,20151002,100.60,100.60,100.60,100.60,251
PCR0620,20151002,100.19,100.19,100.19,100.19,45
PCR1019,20151002,100.80,100.80,100.80,100.80,1
PKN0418,20151002,101.75,101.75,101.06,101.06,463
PKN0617,20151002,101.17,101.50,101.17,101.50,653
PKN1117,20151002,101.20,101.20,101.20,101.20,40
PND0118,20151002,100.45,100.45,100.45,100.45,101
PND0618,20151002,98.10,99.00,98.10,99.00,573
POZ0219,20151002,100.85,100.85,100.85,100.85,10
PRE1117,20151002,99.54,99.54,99.54,99.54,7
PRF0418,20151002,99.97,99.97,99.97,99.97,4
PRF1216,20151002,100.00,100.00,100.00,100.00,9
PRI1117,20151002,99.97,99.97,99.97,99.97,10
RNK0616,20151002,73.50,80.00,73.50,80.00,197
ROB0616,20151002,102.10,102.10,102.10,102.10,1122
ROG0218,20151002,101.78,101.78,101.75,101.77,110
RON0119,20151002,100.10,100.10,100.10,100.10,120
SBK1020,20151002,100.65,102.30,100.65,102.30,100
SBR0725,20151002,99.15,99.15,99.15,99.15,11
SMT0917,20151002,100.40,100.40,100.40,100.40,13
VOX0716,20151002,99.89,99.90,99.89,99.90,24
VTG0617,20151002,99.50,99.50,99.50,99.50,4
VTG0618,20151002,99.83,99.83,99.83,99.83,5
WMO0317,20151002,101.80,102.00,101.80,102.00,95
WSE0317,20151002,101.50,101.50,101.50,101.50,7
WSE0717,20151002,104.50,104.50,104.50,104.50,2
WXB0316,20151002,97.98,97.98,97.98,97.98,15
WZ0119,20151002,99.00,99.00,99.00,99.00,118
WZ0121,20151002,98.01,98.01,98.00,98.00,7
