FACPZ15,20151009,54.66,54.71,54.31,54.71,7,22
FCDRH16,20151009,27.00,27.00,27.00,27.00,1,13
FCDRZ15,20151009,26.95,27.26,26.83,26.89,32,361
FCHF,20151009,388.89,389.00,387.58,388.00,36,1998
FCHFH16,20151009,390.99,390.99,390.46,390.46,2,634
FCHFM16,20151009,393.00,393.00,393.00,393.00,10,262
FCHFWS,20151009,388.89,389.00,387.58,388.00,24,813
FCHFZ15,20151009,388.89,389.00,387.58,388.00,24,813
FEUR,20151009,423.45,423.60,422.41,423.40,957,22598
FEURH16,20151009,425.99,425.99,424.19,424.60,16,10283
FEURM16,20151009,427.20,427.20,425.59,425.59,8,351
FEURU16,20151009,428.01,428.70,427.59,428.50,8,93
FEURWS,20151009,423.45,423.60,422.41,423.40,925,11371
FEURZ15,20151009,423.45,423.60,422.41,423.40,925,11371
FGPWM16,20151009,38.21,38.21,38.21,38.21,7,7
FGPWZ15,20151009,38.85,38.90,38.85,38.90,3,4
FJSWH16,20151009,12.40,13.25,12.40,13.06,6,102
FJSWM16,20151009,12.99,13.50,12.99,13.50,2,14
FJSWZ15,20151009,12.32,13.24,12.32,12.85,798,1883
FKGHH16,20151009,95.60,96.99,94.97,96.99,5,52
FKGHM16,20151009,94.50,95.56,94.50,95.29,8,80
FKGHZ15,20151009,92.99,95.54,92.70,95.20,2011,2132
FLTSZ15,20151009,30.96,31.23,30.71,30.80,27,89
FLWBZ15,20151009,54.00,54.65,53.91,54.65,10,131
FOPLH16,20151009,7.62,7.62,7.62,7.62,1,17
FOPLZ15,20151009,7.63,7.63,7.45,7.52,20,237
FPEOH16,20151009,151.55,151.55,151.10,151.10,2,3
FPEOZ15,20151009,155.05,155.10,152.00,153.10,105,247
FPGEH16,20151009,14.05,14.59,14.05,14.59,4,73
FPGEZ15,20151009,13.93,14.47,13.91,14.35,596,2029
FPGNH16,20151009,6.85,6.85,6.85,6.85,1,17
FPGNZ15,20151009,7.00,7.03,6.92,6.94,147,457
FPKNH16,20151009,64.05,65.39,64.05,64.90,53,57
FPKNZ15,20151009,64.68,65.04,62.62,64.99,1241,1942
FPKOH16,20151009,31.90,31.90,31.80,31.80,20,62
FPKOM16,20151009,31.34,31.34,31.34,31.34,1,2
FPKOZ15,20151009,31.48,31.56,31.25,31.30,413,2107
FPZUZ15,20151009,397.00,405.00,396.45,399.50,391,776
FTPEH16,20151009,3.40,3.40,3.40,3.40,1,21
FTPEZ15,20151009,3.24,3.36,3.21,3.36,330,692
FUSD,20151009,375.06,375.06,371.50,372.82,7023,21880
FUSDH16,20151009,375.90,375.90,372.56,374.00,1094,2340
FUSDU16,20151009,376.50,376.50,375.79,375.79,2,44
FUSDV15,20151009,373.21,373.21,371.71,371.71,96,500
FUSDWS,20151009,373.21,373.21,371.71,371.71,96,500
FUSDX15,20151009,372.94,372.94,372.94,372.94,4,0
FUSDZ15,20151009,375.06,375.06,371.50,372.82,5827,18921
FW20,20151009,2139,2149,2131,2147,15222,50889
FW20H1620,20151009,2150,2157,2143,2156,132,284
FW20M1620,20151009,2130,2139,2130,2139,5,120
FW20U1620,20151009,2107,2115,2107,2113,13,73
FW20WS,20151009,2139,2149,2131,2147,15072,50412
FW20Z1520,20151009,2139,2149,2131,2147,15072,50412
FW40H16,20151009,3715,3715,3715,3715,1,7
FW40Z15,20151009,3667,3711,3661,3692,730,2119
OW20C162200,20151009,93.10,93.10,87.40,88.00,26,20
OW20C162400,20151009,26.40,26.40,25.34,25.34,12,82
OW20C162500,20151009,13.30,13.30,13.30,13.30,10,63
OW20C162600,20151009,5.81,5.81,5.81,5.81,1,194
OW20C162700,20151009,2.00,2.00,2.00,2.00,10,210
OW20F162300,20151009,60.65,60.65,60.65,60.65,1,13
OW20F162600,20151009,11.30,11.30,11.30,11.30,1,72
OW20F162700,20151009,5.64,5.64,5.64,5.64,1,212
OW20I162400,20151009,45.36,45.36,45.36,45.36,1,3
OW20I162600,20151009,16.69,16.69,16.69,16.69,1,72
OW20J152000,20151009,143.45,143.45,143.45,143.45,10,25
OW20J152050,20151009,85.10,85.10,85.10,85.10,1,70
OW20J152075,20151009,65.00,67.25,65.00,67.25,35,84
OW20J152100,20151009,44.26,48.50,36.42,48.50,10,117
OW20J152125,20151009,22.86,28.29,21.70,26.42,50,149
OW20J152150,20151009,10.00,13.00,8.00,11.98,72,184
OW20J152175,20151009,4.42,5.13,3.15,4.99,112,103
OW20J152200,20151009,2.00,2.01,2.00,2.01,199,253
OW20J152275,20151009,0.22,0.22,0.22,0.22,2,57
OW20J152350,20151009,0.30,0.30,0.30,0.30,1,157
OW20K152100,20151009,77.90,77.90,77.90,77.90,1,16
OW20K152150,20151009,45.00,45.00,45.00,45.00,1,15
OW20K152200,20151009,24.57,24.80,22.55,22.55,11,23
OW20K152300,20151009,5.16,5.16,5.16,5.16,1,17
OW20K152350,20151009,2.24,2.24,2.24,2.24,2,128
OW20L152000,20151009,168.65,173.80,168.65,173.80,6,33
OW20L152050,20151009,131.95,131.95,131.95,131.95,5,47
OW20L152100,20151009,101.00,101.00,92.00,92.25,86,295
OW20L152150,20151009,67.60,67.60,62.65,63.00,111,204
OW20L152200,20151009,46.19,46.19,42.18,42.18,17,1248
OW20L152250,20151009,31.20,31.20,31.20,31.20,10,72
OW20L152300,20151009,20.00,20.00,18.75,18.75,19,435
OW20L152400,20151009,8.00,8.00,5.46,5.46,58,325
OW20L152450,20151009,3.11,3.11,3.03,3.05,35,134
OW20L152500,20151009,2.00,2.01,1.80,1.80,64,1019
OW20L152600,20151009,0.66,0.66,0.60,0.60,6,337
OW20O161900,20151009,30.00,30.00,30.00,30.00,1,136
OW20O162100,20151009,84.00,84.00,81.30,81.30,11,45
OW20O162200,20151009,136.00,136.00,136.00,136.00,1,78
OW20R161900,20151009,45.41,45.41,45.41,45.41,1,48
OW20R162000,20151009,69.40,69.40,69.40,69.40,1,14
OW20R162200,20151009,153.55,153.55,153.55,153.55,1,13
OW20U161700,20151009,28.26,29.30,28.26,29.30,10,22
OW20V151800,20151009,0.20,0.20,0.20,0.20,1,174
OW20V151950,20151009,0.75,0.75,0.51,0.51,2,144
OW20V152000,20151009,2.00,2.00,1.50,1.50,123,220
OW20V152025,20151009,2.01,2.41,2.00,2.00,194,80
OW20V152050,20151009,3.16,3.17,2.40,2.80,89,139
OW20V152075,20151009,4.50,6.40,3.74,3.75,70,63
OW20V152100,20151009,8.22,10.13,6.00,6.24,90,198
OW20V152125,20151009,15.01,15.36,11.22,12.81,70,95
OW20V152150,20151009,26.00,26.00,21.50,21.50,6,72
OW20V152175,20151009,43.14,49.09,38.17,38.17,16,46
OW20V152200,20151009,60.50,60.50,58.85,60.00,4,43
OW20W151800,20151009,1.50,1.50,1.50,1.50,2,53
OW20W151900,20151009,6.64,6.64,6.64,6.64,3,9
OW20W151950,20151009,8.65,8.65,8.65,8.65,5,25
OW20W152050,20151009,21.75,23.21,20.40,20.40,24,38
OW20W152100,20151009,48.00,48.00,30.33,30.33,9,15
OW20W152350,20151009,216.00,216.00,216.00,216.00,2,2
OW20X151650,20151009,1.80,1.80,1.70,1.70,20,25
OW20X151700,20151009,2.50,2.69,1.97,1.97,65,394
OW20X151750,20151009,3.65,3.65,3.65,3.65,1,90
OW20X151800,20151009,6.53,6.95,5.93,6.95,6,296
OW20X151850,20151009,10.25,10.25,10.25,10.25,2,47
OW20X151900,20151009,15.00,15.00,13.60,13.60,5,3593
OW20X151950,20151009,19.50,19.50,19.00,19.00,3,56
OW20X152000,20151009,28.57,28.57,25.50,26.00,5,553
OW20X152050,20151009,40.93,41.44,33.00,33.00,26,77
OW20X152100,20151009,59.10,61.15,49.57,49.57,39,1142
OW20X152150,20151009,76.95,76.95,72.15,72.15,5,31
OW20X152200,20151009,105.20,105.20,96.00,96.00,35,1231
OW20X152300,20151009,171.15,171.15,171.15,171.15,5,2588
06MAGNA,20151009,1.85,1.93,1.85,1.93,1027
4FUNMEDIA,20151009,4.55,4.99,4.55,4.80,14730
AATHOLD,20151009,22.26,23.60,22.12,23.60,2121
ABCDATA,20151009,3.19,3.20,3.16,3.19,10850
ABMSOLID,20151009,0.58,0.60,0.58,0.60,1160
ABPL,20151009,37.00,37.29,37.00,37.29,670
ACAUTOGAZ,20151009,30.50,30.50,29.46,30.39,100
ACE,20151009,12.30,12.59,11.33,11.58,23174
ACTION,20151009,26.14,26.20,24.11,25.00,7445
AGORA,20151009,11.40,11.40,11.39,11.39,410
AGROTON,20151009,1.32,1.38,1.20,1.20,306344
ALCHEMIA,20151009,4.93,4.93,4.80,4.92,77489
ALIOR,20151009,83.43,84.30,82.56,83.37,215950
ALMA,20151009,10.15,10.15,9.90,10.14,2063
ALTA,20151009,1.97,1.97,1.80,1.97,517
ALTUSTFI,20151009,10.62,10.89,10.58,10.81,15331
ALUMETAL,20151009,45.90,46.90,45.90,45.95,27195
AMBRA,20151009,8.70,8.70,8.50,8.70,9989
AMICA,20151009,160.00,163.75,159.00,163.75,2264
AMREST,20151009,175.00,177.40,174.70,176.00,7453
APATOR,20151009,33.90,34.49,33.85,34.39,18395
APLISENS,20151009,12.72,12.72,12.65,12.65,864
APSENERGY,20151009,4.97,5.07,4.97,5.07,1093
ARCTIC,20151009,3.31,3.35,3.25,3.25,22561
ARK2FRN15,20151009,69.88,69.88,69.88,69.88,1
ARKASWE17,20151009,73.69,74.50,73.69,74.50,64
ARTERIA,20151009,15.00,15.00,14.66,14.97,709
ASBIS,20151009,1.17,1.19,1.15,1.16,228847
ASSECOBS,20151009,14.30,14.88,13.99,14.50,211
ASSECOPOL,20151009,55.20,55.20,54.05,54.25,78741
ASSECOSEE,20151009,9.61,9.61,9.60,9.60,1440
ASSECOSLO,20151009,17.97,17.97,17.97,17.97,420
ASTARTA,20151009,30.00,30.69,29.00,29.33,14220
ATAL,20151009,21.69,21.69,21.50,21.50,555
ATENDE,20151009,2.58,2.62,2.54,2.62,5050
ATLANTAPL,20151009,8.47,8.47,8.30,8.40,1927
ATLANTIS,20151009,0.59,0.61,0.59,0.61,64296
ATM,20151009,9.39,9.39,9.37,9.37,85
ATMGRUPA,20151009,3.53,3.53,3.53,3.53,1
ATREM,20151009,5.00,5.01,4.82,5.01,2603
AVIAAML,20151009,5.66,5.66,5.54,5.54,201
AVIASG,20151009,20.80,20.80,20.80,20.80,1
AWBUD,20151009,2.75,2.75,2.75,2.75,60
BALTONA,20151009,7.70,7.70,7.70,7.70,975
BANKBPH,20151009,36.10,37.19,36.10,36.51,1316
BBIDEV,20151009,0.88,0.90,0.88,0.90,26652
BENEFIT,20151009,421.90,421.90,416.00,416.15,1332
BEST,20151009,17.06,17.06,17.00,17.00,149
BETACOM,20151009,10.64,10.65,10.64,10.65,1601
BGZBNPP,20151009,50.45,51.40,50.00,51.40,485
BIOMEDLUB,20151009,2.95,2.99,2.83,2.99,3420
BIOTON,20151009,11.21,11.23,10.90,10.91,162708
BMPAG,20151009,2.70,2.70,2.70,2.70,692
BOGDANKA,20151009,59.80,59.80,58.55,59.07,39548
BORYSZEW,20151009,5.10,5.10,5.07,5.08,269705
BOS,20151009,21.37,25.85,21.37,23.54,24802
BOWIM,20151009,2.24,2.30,2.24,2.30,6465
BPHFIZMLI,20151009,86.51,86.51,86.51,86.51,200
BPHFIZSN,20151009,44.80,44.90,44.00,44.90,110
BPHFIZSN2,20151009,95.80,95.80,95.80,95.80,1
BRASTER,20151009,13.49,13.49,13.00,13.45,2421
BRIJU,20151009,14.50,14.50,13.61,13.90,554
BSCDRUK,20151009,34.20,34.64,33.42,34.64,506
BUDIMEX,20151009,210.00,213.80,208.05,210.00,5162
BUMECH,20151009,0.77,0.80,0.77,0.80,36122
BYTOM,20151009,3.20,3.24,3.18,3.20,81179
BZWBK,20151009,312.00,316.85,309.65,315.30,35732
CALATRAVA,20151009,0.64,0.68,0.63,0.65,119809
CAMMEDIA,20151009,5.20,5.73,5.20,5.73,6538
CAPITAL,20151009,2.16,2.27,2.16,2.26,2670
CCC,20151009,162.80,167.40,162.20,166.50,29529
CDPROJEKT,20151009,26.73,27.20,26.70,26.81,155285
CDRL,20151009,18.00,18.55,18.00,18.40,4725
CEZ,20151009,75.68,77.45,75.45,76.65,27349
CHEMOS,20151009,1.45,1.74,1.45,1.68,664054
CIECH,20151009,71.70,72.74,71.30,71.50,28001
CIGAMES,20151009,20.50,21.88,20.50,21.70,158478
CNT,20151009,8.25,8.45,8.21,8.44,2095
COGNOR,20151009,1.21,1.26,1.20,1.22,80495
COLIAN,20151009,4.45,4.46,4.42,4.45,13435
COMARCH,20151009,125.10,126.00,123.00,123.00,19323
COMP,20151009,55.60,56.00,55.00,55.00,2009
CORMAY,20151009,1.81,1.81,1.71,1.76,76375
CORMAY-PDA,20151009,1.74,1.74,1.70,1.73,92009
CPGROUP,20151009,5.89,5.90,5.89,5.90,31472
CUBEITG,20151009,5.30,5.30,5.30,5.30,1
CYFRPLSAT,20151009,24.20,24.55,23.74,24.55,367937
CZTOREBKA,20151009,1.27,1.31,1.21,1.29,31232
DEBICA,20151009,79.86,80.20,79.53,80.19,765
DECORA,20151009,6.51,6.65,6.51,6.65,351
DEKPOL,20151009,15.90,16.10,15.90,16.10,38
DELKO,20151009,8.14,8.14,8.10,8.10,30
DGA,20151009,5.50,5.50,5.49,5.49,1063
DMWDM,20151009,0.36,0.36,0.33,0.33,2200
DOMDEV,20151009,51.90,51.90,50.63,50.63,89
DTP,20151009,4.44,4.44,4.35,4.35,1370
DUDA,20151009,5.70,5.82,5.70,5.80,2541
DUON,20151009,3.45,3.45,3.35,3.35,122185
ECARD,20151009,3.94,3.95,3.94,3.95,335
ECHO,20151009,6.61,6.74,6.61,6.74,5046
EFEKT,20151009,15.88,15.88,15.28,15.28,252
EKOEXPORT,20151009,14.62,14.80,14.40,14.65,8116
ELBUDOWA,20151009,151.20,153.60,151.20,153.60,364
ELEKTROTI,20151009,17.10,18.00,17.04,18.00,13423
ELEMENTAL,20151009,4.29,4.29,4.19,4.19,200419
ELKOP,20151009,1.25,1.38,1.25,1.38,7503
ELZAB,20151009,14.61,14.62,14.20,14.62,1489
EMCINSMED,20151009,15.00,15.00,15.00,15.00,1
EMPERIA,20151009,67.98,67.98,66.10,66.65,537
ENAP,20151009,0.85,0.88,0.85,0.87,12603
ENEA,20151009,13.20,13.49,13.19,13.25,479566
ENELMED,20151009,9.90,10.16,9.90,10.16,250
ENERGA,20151009,16.94,17.49,16.90,17.15,1124845
ENERGOINS,20151009,9.68,9.70,9.47,9.70,2405
ERBUD,20151009,33.34,33.49,32.96,33.22,11827
ERG,20151009,21.40,21.40,21.39,21.39,11
ERGIS,20151009,6.16,6.28,6.12,6.25,24947
ESOTIQ,20151009,32.50,34.50,30.01,34.50,504
ESSYSTEM,20151009,2.94,2.94,2.94,2.94,78
ETFDAX,20151009,423.97,423.97,409.93,410.82,25
ETFSP500,20151009,77.50,77.50,76.68,76.70,96
ETFW20L,20151009,247.00,247.72,246.49,247.50,2766
EUCO,20151009,49.20,49.20,48.00,49.20,1158
EUROCASH,20151009,48.60,49.99,48.58,48.60,985303
EUROTEL,20151009,17.41,17.45,17.41,17.45,557
EVEREST,20151009,1.95,1.96,1.78,1.83,4842
FAMUR,20151009,1.90,1.91,1.89,1.90,21110
FARMACOL,20151009,63.21,64.98,63.21,64.98,233
FASING,20151009,17.20,17.70,17.20,17.69,1060
FASTFIN,20151009,0.61,0.66,0.61,0.66,17675
FEERUM,20151009,22.20,22.20,21.99,21.99,12
FERRO,20151009,11.49,11.49,11.00,11.00,805
FERRUM,20151009,4.94,4.94,4.61,4.77,9515
FON,20151009,0.57,0.60,0.57,0.60,30003
FORTE,20151009,53.41,53.69,52.00,52.00,83802
FOTA,20151009,0.63,0.63,0.60,0.63,7661
GETIN,20151009,1.53,1.65,1.53,1.65,1044971
GETINOBLE,20151009,0.93,1.01,0.93,0.98,15943168
GINOROSSI,20151009,2.51,2.52,2.45,2.48,31692
GLCOSMED,20151009,4.52,4.52,4.30,4.35,17050
GORENJE,20151009,21.50,21.50,21.50,21.50,1
GPW,20151009,38.99,39.17,38.68,38.80,31890
GRAAL,20151009,32.06,32.85,32.06,32.80,2652
GRAJEWO,20151009,26.25,26.49,26.19,26.19,6980
GREMMEDIA,20151009,1.90,1.90,1.83,1.90,7359
GROCLIN,20151009,13.85,14.00,13.20,13.48,51764
GRODNO,20151009,5.50,5.80,5.50,5.70,4730
GRUPAAZOTY,20151009,89.60,92.00,89.00,90.49,13247
GTC,20151009,6.69,6.98,6.69,6.98,418969
GTC-PDA,20151009,6.65,6.90,6.65,6.90,6480
HANDLOWY,20151009,82.50,86.50,81.51,85.97,26576
HARPER,20151009,1.80,1.85,1.80,1.85,690
HAWE,20151009,1.03,1.04,1.01,1.02,1076871
HELIO,20151009,4.17,4.17,4.17,4.17,5
HERKULES,20151009,4.29,4.29,4.22,4.26,5227
HUBSTYLE,20151009,0.95,1.03,0.95,1.02,26055
HYDROTOR,20151009,37.79,37.79,37.79,37.79,1
HYPERION,20151009,3.53,3.53,3.53,3.53,2
IDEABANK,20151009,25.27,25.80,25.27,25.80,3996
IDMSA,20151009,1.47,1.53,1.47,1.52,484
IFCAPITAL,20151009,1.12,1.23,1.06,1.15,4426
IFSA,20151009,0.52,0.53,0.50,0.53,7357
IIAAV,20151009,9.48,9.55,9.47,9.54,101059
IMCOMPANY,20151009,6.87,6.87,6.22,6.75,11203
IMMOBILE,20151009,2.40,2.40,2.40,2.40,2
IMPEL,20151009,28.00,28.00,27.88,27.99,123
IMPERA,20151009,1.52,1.58,1.52,1.58,720
IMPEXMET,20151009,2.76,2.83,2.72,2.72,148025
IMS,20151009,2.26,2.26,2.26,2.26,648
INC,20151009,2.17,2.30,2.17,2.30,710
INDATA,20151009,0.95,0.95,0.88,0.91,287038
INDYGO,20151009,1.08,1.11,1.04,1.08,1198788
INDYKPOL,20151009,93.65,95.89,92.98,95.65,5923
INGBSK,20151009,122.70,127.55,122.70,127.50,5807
INPRO,20151009,3.67,3.67,3.67,3.67,299
INSTALKRK,20151009,11.35,11.50,11.35,11.50,1350
INTEGERPL,20151009,124.30,124.30,121.95,122.95,1558
INTERAOLT,20151009,17.98,17.98,17.98,17.98,57
INTERBUD,20151009,2.28,2.28,2.08,2.14,19267
INTERCARS,20151009,238.00,241.00,236.15,241.00,103
INTERSPPL,20151009,2.06,2.06,2.00,2.06,1646
INTROL,20151009,9.85,9.85,9.84,9.85,39
INVFIZ,20151009,924.90,925.00,924.90,925.00,9
INVISTA,20151009,2.20,2.20,2.20,2.20,2890
INVPEFIZ,20151009,911.00,933.00,911.00,933.00,3
IPOPEMA,20151009,3.07,3.07,2.77,2.98,3962
IQP,20151009,0.82,0.82,0.79,0.79,87
IVMX,20151009,5.96,5.96,5.94,5.94,8505
IZOBLOK,20151009,106.50,107.00,106.50,107.00,307
IZOLACJA,20151009,1.10,1.10,1.10,1.10,1
IZOSTAL,20151009,4.37,4.37,4.37,4.37,280
JHMDEV,20151009,1.47,1.49,1.47,1.47,2050
JSW,20151009,12.40,13.28,12.38,12.77,455776
JWCONSTR,20151009,5.09,5.12,5.00,5.02,29023
K2INTERNT,20151009,12.45,12.45,12.24,12.45,1254
KANIA,20151009,2.94,2.94,2.89,2.89,1824
KBDOM,20151009,2.80,2.85,2.80,2.85,811
KERDOS,20151009,0.67,0.69,0.56,0.59,13211212
KERNEL,20151009,50.50,52.72,50.50,52.40,189606
KETY,20151009,286.65,288.90,286.55,287.70,5449
KGHM,20151009,93.00,95.54,93.00,95.50,1875629
KINOPOL,20151009,13.60,13.60,13.60,13.60,10000
KOFOLA,20151009,56.40,56.40,56.40,56.40,1
KOGENERA,20151009,71.86,71.86,68.61,70.80,262
KOMPUTRON,20151009,8.65,8.70,8.53,8.63,3017
KONSSTALI,20151009,31.00,31.31,31.00,31.00,2402
KOPEX,20151009,5.84,6.49,5.84,6.49,54709
KRAKCHEM,20151009,4.24,4.24,4.10,4.11,4074
KREC,20151009,7.22,7.22,7.19,7.22,553
KREDYTIN,20151009,27.30,27.99,27.30,27.65,264
KREZUS,20151009,4.03,4.43,4.03,4.32,9115
KRUK,20151009,180.65,181.90,180.10,181.20,6537
KRUSZWICA,20151009,50.60,51.80,49.51,51.50,911
KSGAGRO,20151009,1.21,1.23,1.13,1.17,170286
LCCORP,20151009,1.99,1.99,1.97,1.99,31612
LENA,20151009,4.40,4.41,4.34,4.40,8803
LENTEX,20151009,9.00,9.05,9.00,9.05,13135
LIBET,20151009,2.50,2.53,2.50,2.50,8278
LIVECHAT,20151009,36.47,36.80,35.80,36.71,127239
LOTOS,20151009,30.65,31.17,30.65,30.80,364008
LPP,20151009,7669.95,7669.95,7500.00,7511.00,1177
LSISOFT,20151009,4.50,4.50,4.32,4.50,1938
LUBAWA,20151009,1.05,1.08,1.05,1.06,158793
MABION,20151009,47.45,48.10,47.00,48.10,18117
MAGELLAN,20151009,54.70,57.50,54.70,57.40,3303
MAKARONPL,20151009,5.78,5.78,5.73,5.73,653
MARVIPOL,20151009,7.04,7.06,7.00,7.06,739
MBANK,20151009,385.00,391.00,376.55,386.50,24740
MCI,20151009,12.15,12.43,12.15,12.40,108560
MEDICALG,20151009,210.00,210.00,203.60,210.00,1471
MENNICA,20151009,13.58,13.58,13.58,13.58,3
MERCATOR,20151009,18.25,18.34,18.07,18.12,2834
MERCOR,20151009,9.76,9.88,9.75,9.88,5361
MEXPOLSKA,20151009,4.35,4.35,4.30,4.30,484
MFO,20151009,12.10,12.10,12.10,12.10,94
MIDAS,20151009,0.61,0.61,0.60,0.60,97906
MILKILAND,20151009,1.30,1.55,1.24,1.45,692303
MILLENNIUM,20151009,6.35,6.47,6.33,6.36,977635
MIRACULUM,20151009,2.94,2.94,2.65,2.71,52098
MIRBUD,20151009,1.13,1.14,1.12,1.12,44632
MLPGROUP,20151009,35.35,35.35,35.35,35.35,10
MNI,20151009,0.93,0.95,0.92,0.94,10476
MOJ,20151009,1.22,1.22,1.22,1.22,800
MOL,20151009,179.95,181.90,179.85,181.90,1031
MONNARI,20151009,17.19,17.53,17.00,17.21,79560
MOSTALPLC,20151009,14.99,15.95,14.99,15.40,1468
MOSTALWAR,20151009,14.20,14.26,13.67,14.10,4561
MOSTALZAB,20151009,1.87,1.89,1.85,1.86,765947
MUZA,20151009,3.20,3.20,2.95,3.20,207
MWTRADE,20151009,16.39,16.39,16.39,16.39,10
NETIA,20151009,5.51,5.66,5.51,5.59,45939
NETMEDIA,20151009,5.51,5.70,5.36,5.36,15089
NEUCA,20151009,343.00,352.50,340.00,352.50,1055
NEWAG,20151009,15.70,16.18,15.65,16.00,17272
NFIEMF,20151009,3.20,3.20,3.00,3.14,4098
NOVITA,20151009,51.59,51.59,51.50,51.50,17
NOWAGALA,20151009,1.31,1.32,1.31,1.32,400
NTTSYSTEM,20151009,2.39,2.39,2.35,2.35,1680
ODLEWNIE,20151009,2.36,2.40,2.36,2.40,4730
OPENFIN,20151009,4.11,4.15,4.02,4.15,1529
OPONEO.PL,20151009,19.00,19.36,18.95,18.95,2175
OPTEAM,20151009,9.50,9.79,9.06,9.50,4039
ORANGEPL,20151009,7.54,7.57,7.37,7.50,1621604
ORBIS,20151009,59.83,59.83,57.50,58.82,1193
ORCOGROUP,20151009,1.08,1.28,1.00,1.19,31366
ORZBIALY,20151009,6.76,6.97,6.73,6.80,58
OTMUCHOW,20151009,6.45,6.45,6.45,6.45,25
OVOSTAR,20151009,85.31,85.38,85.31,85.38,81
PAGED,20151009,53.01,53.69,52.54,53.12,780
PAMAPOL,20151009,1.43,1.48,1.43,1.48,8809
PANOVA,20151009,18.70,19.38,18.70,19.38,20888
PATENTUS,20151009,0.69,0.74,0.69,0.73,23151
PBG,20151009,2.46,2.53,2.25,2.25,184104
PCCEXOL,20151009,3.20,3.20,3.20,3.20,10
PCCINTER,20151009,2.09,2.09,2.09,2.09,65
PCCROKITA,20151009,39.70,40.40,39.70,40.40,584
PCM,20151009,42.04,42.35,41.70,42.35,295
PEKABEX,20151009,10.75,10.75,10.61,10.75,2238
PEKAES,20151009,12.48,12.70,12.48,12.69,33855
PEKAO,20151009,154.50,155.05,151.60,153.10,704900
PELION,20151009,65.09,65.09,63.11,63.11,373
PEMANAGER,20151009,127.40,127.40,127.40,127.40,1
PEP,20151009,25.94,26.59,25.94,26.01,6085
PEPEES,20151009,0.52,0.54,0.52,0.53,7800
PGE,20151009,13.91,14.45,13.91,14.31,5510838
PGNIG,20151009,6.94,7.03,6.91,6.91,4755729
PHN,20151009,18.80,18.80,18.70,18.80,1788
PKNORLEN,20151009,64.49,64.99,62.51,64.80,2502742
PKOBP,20151009,31.31,31.57,31.26,31.30,4345570
PKOGS,20151009,101.25,101.50,100.76,101.50,2421
PKOSO,20151009,99.12,100.99,99.12,100.99,640
PKPCARGO,20151009,69.65,69.65,67.12,67.15,7764
PLASTBOX,20151009,2.27,2.27,2.27,2.27,81
PLATYNINW,20151009,3.07,3.27,2.98,3.27,8097
PMPG,20151009,1.46,1.46,1.46,1.46,1765
POLICE,20151009,24.77,24.99,24.32,24.69,3913
POLMED,20151009,3.40,3.42,3.36,3.39,1216
POLNA,20151009,23.70,24.36,23.70,24.15,275
POLNORD,20151009,12.73,13.00,12.36,12.68,184589
POLWAX,20151009,16.00,16.14,15.98,16.00,8204
POZBUD,20151009,5.40,5.61,5.40,5.61,7965
PRAGMAFA,20151009,12.80,12.80,12.50,12.70,466
PRAGMAINK,20151009,12.02,12.05,12.02,12.02,213
PRAIRIE,20151009,1.46,1.46,1.15,1.15,336464
PRESCO,20151009,5.22,5.38,5.22,5.38,1586
PRIMAMODA,20151009,1.44,1.45,1.44,1.45,500
PROCAD,20151009,1.67,1.67,1.67,1.67,302
PROCHEM,20151009,16.90,16.90,16.24,16.90,327
PROCHNIK,20151009,1.17,1.18,1.15,1.16,79995
PROJPRZEM,20151009,7.49,7.49,7.49,7.49,54
PROTEKTOR,20151009,3.10,3.14,3.07,3.13,14684
PSG,20151009,0.75,0.75,0.75,0.75,15
PTI,20151009,0.87,0.87,0.72,0.72,239792
PULAWY,20151009,165.75,167.00,165.00,166.00,5743
PWRMEDIA,20151009,1.29,1.29,1.29,1.29,500
PZU,20151009,397.50,405.70,396.05,400.90,380212
QUANTUM,20151009,6.41,6.42,6.40,6.40,11636
QUERCUS,20151009,6.47,6.47,6.31,6.47,2568
QUMAK,20151009,10.72,10.85,10.70,10.78,15306
RADPOL,20151009,6.44,6.44,6.21,6.40,1002
RAFAKO,20151009,6.79,6.79,6.62,6.63,11088
RAFAMET,20151009,15.05,15.05,15.05,15.05,3
RAINBOW,20151009,24.87,24.89,24.37,24.89,6223
RANKPROGR,20151009,1.63,1.65,1.60,1.60,64917
RAWLPLUG,20151009,8.55,9.00,8.55,8.93,8295
RCCRUAOPEN,20151009,10.10,10.17,9.87,9.87,3940
RCGBSH21116,20151009,945.15,945.15,945.07,945.07,94
RCGLDAOPEN,20151009,431.07,431.07,431.07,431.07,12
RCLNAGOPEN,20151009,6.69,6.69,6.69,6.69,5000
RCSDAXOPEN,20151009,135.59,135.59,135.59,135.59,7
RCW20AOPEN,20151009,21.43,21.43,21.43,21.43,7
RCWHTAOPEN,20151009,8.52,8.52,8.48,8.48,476
REDAN,20151009,2.49,2.60,2.48,2.50,62903
REDWOOD,20151009,5.97,5.97,5.97,5.97,11
REINHOLD,20151009,0.50,0.50,0.49,0.50,16016
RELPOL,20151009,6.54,6.54,6.49,6.52,682
REMAK,20151009,17.99,17.99,17.95,17.95,51
RESBUD,20151009,1.31,1.35,1.26,1.33,5314
ROBYG,20151009,2.53,2.56,2.53,2.53,66692
RONSON,20151009,1.43,1.45,1.40,1.40,14000
ROPCZYCE,20151009,20.78,20.78,20.35,20.50,4147
RUBICON,20151009,1.17,1.23,1.17,1.17,1106
SANOK,20151009,57.12,57.12,56.90,57.12,25057
SANTANDER,20151009,22.50,22.60,22.50,22.60,5319
SCOPAK,20151009,3.80,3.80,3.71,3.72,4034
SECOGROUP,20151009,20.85,20.85,20.80,20.80,190
SEKO,20151009,4.99,4.99,4.99,4.99,1500
SELENAFM,20151009,18.10,18.99,18.10,18.99,969
SELVITA,20151009,21.51,21.89,21.51,21.64,11682
SERINUS,20151009,2.12,2.12,2.08,2.11,49895
SFINKS,20151009,3.56,3.60,3.55,3.56,20084
SIMPLE,20151009,8.59,8.86,8.59,8.70,5011
SKARBIEC,20151009,33.50,33.79,33.33,33.50,2163
SKOK,20151009,1.59,1.59,1.59,1.59,54
SKOTAN,20151009,0.48,0.50,0.48,0.48,739263
SMT,20151009,17.51,17.51,17.11,17.44,8640
SNIEZKA,20151009,54.00,56.12,52.50,52.51,300
SOBIESKI,20151009,73.28,75.58,72.99,75.00,397
SOHODEV,20151009,1.20,1.23,1.20,1.23,155
SOLAR,20151009,1.68,1.76,1.65,1.74,216274
SONEL,20151009,12.20,12.66,11.72,12.65,8628
STALEXP,20151009,3.33,3.35,3.27,3.31,31613
STALPROD,20151009,314.00,328.00,309.00,322.75,6594
STALPROFI,20151009,11.98,12.09,11.55,12.00,873
STAPORKOW,20151009,5.09,5.17,5.00,5.17,4160
STARHEDGE,20151009,0.63,0.72,0.63,0.69,42262
SUNEX,20151009,0.17,0.20,0.15,0.20,4737114
SUWARY,20151009,10.82,10.82,10.80,10.80,2
SWISSMED,20151009,1.86,1.96,1.86,1.96,6429
SYGNITY,20151009,8.68,8.72,8.40,8.68,13433
SYNEKTIK,20151009,16.10,16.10,16.10,16.10,1
SYNTHOS,20151009,3.85,3.85,3.82,3.84,640891
TALEX,20151009,18.14,18.14,17.35,18.14,121
TARCZYNSKI,20151009,13.49,13.75,13.44,13.75,367
TATRY,20151009,98.00,98.00,98.00,98.00,50
TAURONPE,20151009,3.21,3.36,3.21,3.33,4791060
TELL,20151009,11.62,11.80,11.62,11.80,14182
TERMOREX,20151009,2.84,2.85,2.70,2.84,4223
TESGAS,20151009,3.48,3.48,3.33,3.40,5032
TFONE,20151009,3.02,3.04,3.00,3.04,6830
TIM,20151009,8.50,8.93,8.13,8.72,2341
TORPOL,20151009,11.35,11.38,11.20,11.29,1519
TOYA,20151009,5.68,5.68,5.41,5.41,5030
TRAKCJA,20151009,9.60,9.63,9.57,9.63,76758
TRANSPOL,20151009,3.51,3.52,3.30,3.49,9801
TRIGONPP,20151009,113.82,113.82,113.31,113.50,613
TRITON,20151009,2.01,2.01,2.01,2.01,2
ULMA,20151009,78.50,78.50,78.50,78.50,1
UNIBEP,20151009,11.35,11.48,11.01,11.48,1092
UNIMA,20151009,1.99,1.99,1.92,1.99,1417
UNIWHEELS,20151009,118.00,118.00,115.15,116.50,3712
URSUS,20151009,2.90,2.92,2.86,2.88,119814
VANTAGE,20151009,2.50,2.53,2.50,2.53,3258
VARIANT,20151009,1.70,1.75,1.58,1.70,14396
VIGOSYS,20151009,259.00,265.00,255.00,265.00,97
VINDEXUS,20151009,5.79,5.86,5.70,5.70,18232
VISTAL,20151009,11.46,11.46,11.01,11.26,3266
VISTULA,20151009,2.94,3.01,2.92,2.96,535265
VOTUM,20151009,16.50,16.50,16.35,16.35,5094
VOXEL,20151009,17.00,17.00,16.52,16.75,5680
WADEX,20151009,4.55,4.70,4.26,4.50,5651
WARIMPEX,20151009,3.07,3.15,3.07,3.15,281
WASKO,20151009,1.88,1.90,1.85,1.90,5510
WAWEL,20151009,1280.05,1300.00,1280.05,1300.00,6
WDX,20151009,5.28,5.28,5.02,5.08,2941
WIELTON,20151009,7.48,7.48,7.35,7.44,2793
WIKANA,20151009,1.52,1.69,1.50,1.65,17624
WILBO,20151009,1.08,1.15,1.06,1.15,44134
WINDMOBIL,20151009,8.00,8.08,7.96,8.05,3328
WINDMOBIL-PDA,20151009,7.90,8.00,7.90,8.00,1790
WINVEST,20151009,3.84,3.84,3.80,3.84,717
WIRTUALNA,20151009,39.70,40.13,39.15,39.88,30740
WOJAS,20151009,6.43,6.59,6.35,6.46,4909
WORKSERV,20151009,15.15,15.73,15.15,15.15,20335
YAWAL,20151009,5.15,5.30,5.00,5.29,4670
ZAMET,20151009,1.90,1.98,1.71,1.87,13550
ZASTAL,20151009,0.58,0.60,0.58,0.60,17935
ZEPAK,20151009,13.84,14.88,13.70,14.61,50955
ZETKAMA,20151009,88.98,88.98,88.98,88.98,1
ZPUE,20151009,360.00,360.00,360.00,360.00,1
ZUE,20151009,7.60,7.60,7.55,7.55,192
ZYWIEC,20151009,398.95,399.50,398.95,399.00,35
INVESTORMS,20151009,3771.47,3771.47,3763.69,3763.69,181473.190
MWIG40,20151009,3709.69,3749.42,3708.41,3749.42,93875.439
NCINDEX30,20151009,1023.58,1026.75,1007.72,1013.03,2593.161
RESPECT,20151009,2632.02,2663.87,2632.02,2658.30,692759.908
SWIG80,20151009,13416.83,13502.19,13412.71,13450.75,37737.812
WIG,20151009,51511.33,51749.79,51443.32,51710.74,1162421.106
WIG-BANKI,20151009,6902.01,6918.10,6902.01,6907.64,310465.361
WIG-BUDOW,20151009,3083.02,3084.46,3083.00,3083.00,4699.606
WIG-CEE,20151009,744.74,747.14,744.74,747.14,14263.602
WIG-CHEMIA,20151009,15166.37,15166.37,15007.80,15007.80,5986.195
WIG-DEWEL,20151009,1459.08,1471.43,1459.08,1471.43,7055.606
WIG-ENERG,20151009,3415.67,3415.67,3399.51,3399.51,123357.245
WIG-INFO,20151009,1641.14,1641.14,1635.20,1635.20,20004.367
WIG-MEDIA,20151009,4432.22,4451.17,4432.22,4451.17,10536.510
WIG-PALIWA,20151009,4724.88,4774.71,4724.88,4774.71,204176.650
WIG-POLAND,20151009,52821.69,52899.68,52821.69,52887.25,1145913.441
WIG-SPOZYW,20151009,3686.62,3686.62,3680.19,3681.79,12946.766
WIG-SUROWC,20151009,2953.22,2978.78,2953.22,2978.78,186116.046
WIG-TELKOM,20151009,905.09,905.31,903.12,903.12,13563.552
WIG-UKRAIN,20151009,381.02,381.02,374.89,376.60,11969.089
WIG20,20151009,2129.49,2147.11,2129.03,2143.28,1013774.122
WIG20LEV,20151009,666.43,677.45,666.15,675.05,1013774.122
WIG20SHORT,20151009,3694.04,3694.84,3663.39,3670.06,1013774.122
WIG20TR,20151009,3514.84,3524.02,3514.84,3521.07,1013774.122
WIG30,20151009,2369.42,2381.16,2362.02,2378.07,1054601.736
WIG30TR,20151009,3855.94,3865.47,3855.94,3862.18,1054601.736
WIGDIV,20151009,1100.52,1109.08,1100.02,1105.68,687546.730
08OCTAVA,20151009,1.36,1.36,1.36,1.36,1287
ARCUS,20151009,0.91,0.91,0.91,0.91,655
BEDZIN,20151009,14.89,14.89,14.89,14.89,2390
CASHFLOW,20151009,0.15,0.17,0.15,0.17,6600
CCENERGY,20151009,0.06,0.06,0.06,0.06,5800
COALENERG,20151009,0.70,0.71,0.70,0.71,5484
DREWEX,20151009,1.00,1.00,1.00,1.00,429
EFH,20151009,0.04,0.05,0.04,0.05,1200
EKANCELAR,20151009,0.05,0.07,0.05,0.07,2844043
FAM,20151009,1.50,1.50,1.50,1.50,23963
HUTMEN,20151009,4.98,4.98,4.98,4.98,1939
IBSM,20151009,0.68,0.68,0.68,0.68,3790
IDEON,20151009,0.01,0.02,0.01,0.02,305236
INTERFERI,20151009,4.50,4.50,4.50,4.50,133
KCI,20151009,0.03,0.03,0.03,0.03,81500
KDMSHIPNG,20151009,2.50,2.70,2.50,2.70,4216
KOMPAP,20151009,8.50,8.50,8.50,8.50,3
MIT,20151009,0.14,0.14,0.13,0.13,302316
MSXRESOUR,20151009,0.65,0.65,0.65,0.65,72121
NEWWORLDR,20151009,0.02,0.03,0.02,0.03,2375175
PBOANIOLA,20151009,0.08,0.08,0.08,0.08,10638
PEIXIN,20151009,5.52,5.52,5.52,5.52,3260
PEMUG,20151009,0.48,0.48,0.48,0.48,1000
PETROLINV,20151009,0.16,0.16,0.16,0.16,308614
PLAZACNTR,20151009,0.13,0.13,0.13,0.13,49268
REGNON,20151009,1.17,1.17,1.17,1.17,940
ROVESE,20151009,1.40,1.40,1.40,1.40,21868
SANWIL,20151009,0.81,0.83,0.81,0.83,4704
SKYLINE,20151009,0.49,0.49,0.49,0.49,40400
SKYSTONE,20151009,3.35,3.35,3.35,3.35,5
ZREMB,20151009,1.19,1.19,1.19,1.19,5707
01CYBATON,20151009,2.65,2.72,2.53,2.71,51798
11BIT,20151009,67.00,67.34,64.30,64.31,4580
2CPARTNER,20151009,0.55,0.55,0.55,0.55,100
2INTELLECT,20151009,0.43,0.43,0.43,0.43,30
ABPOL,20151009,0.30,0.32,0.27,0.28,311770
ABSINVEST,20151009,1.82,1.87,1.79,1.87,24657
ACREBIT,20151009,2.00,2.06,2.00,2.06,2583
ADFORM,20151009,8.50,8.50,8.50,8.50,5
ADIUVO,20151009,24.20,24.20,24.14,24.15,913
ADMASSIVE,20151009,0.37,0.37,0.37,0.37,100
ADMIRAL,20151009,0.24,0.27,0.24,0.27,75001
ADVOCULAR,20151009,2.49,2.64,2.35,2.64,517
AEDES,20151009,0.67,0.72,0.67,0.69,21050
AERFINANC,20151009,0.42,0.42,0.42,0.42,30
AFHOL,20151009,1.88,1.88,1.88,1.88,15
AGROLIGA,20151009,14.75,17.64,14.75,17.24,555
AGROMA,20151009,0.03,0.03,0.03,0.03,6533
AGROTOUR,20151009,0.46,0.46,0.46,0.46,30
AIRWAY,20151009,1.42,1.43,1.41,1.43,55609
AITON,20151009,1.20,1.20,1.15,1.15,65
AKCEPTFIN,20151009,0.41,0.43,0.41,0.43,1000
ALDA,20151009,1.46,1.46,1.46,1.46,660
ALEJA,20151009,0.25,0.27,0.25,0.27,7719
ALFASTAR,20151009,0.20,0.20,0.20,0.20,1
ALKAL,20151009,1.08,1.14,1.08,1.14,1075
ANALIZY,20151009,19.20,19.62,18.70,19.62,16
APANET,20151009,5.40,5.60,5.01,5.32,1201
APS,20151009,2.91,2.91,2.91,2.91,1
AQUABB,20151009,13.00,14.04,13.00,13.55,396
ARI,20151009,0.40,0.41,0.35,0.39,11230
ARRINERA,20151009,9.00,9.00,8.00,8.00,2155
ARTBIZNES,20151009,0.32,0.32,0.28,0.30,3000
ARTNEWMED,20151009,0.03,0.03,0.03,0.03,20500
ARTNEWS,20151009,1.74,1.88,1.66,1.76,17320
ARTP,20151009,0.10,0.10,0.10,0.10,100
ASMGROUP,20151009,2.26,2.28,2.26,2.28,2778
ASSETUS,20151009,0.82,0.98,0.82,0.98,3065
ATCCARGO,20151009,2.99,2.99,2.57,2.57,981
ATONHT,20151009,0.17,0.17,0.14,0.16,42777
AUTOSPA,20151009,2.57,3.00,2.57,3.00,811
AZTEC,20151009,2.80,2.80,2.80,2.80,5
BALTICINV,20151009,1.02,1.02,0.97,1.00,95084
BALTICON,20151009,14.99,14.99,14.40,14.40,26
BBCONSULT,20151009,3.83,3.85,3.70,3.85,6055
BGSENERGY,20151009,0.86,0.86,0.86,0.86,20
BINARY,20151009,0.19,0.22,0.19,0.22,5615
BIOGENED,20151009,11.90,11.90,11.90,11.90,1
BIOMASS,20151009,1.64,1.64,1.61,1.64,4940
BIOMAX,20151009,0.17,0.19,0.17,0.19,187316
BIOMAXIMA,20151009,3.78,3.95,3.78,3.95,20
BIOPLANET,20151009,13.00,13.00,13.00,13.00,100
BLACKPOIN,20151009,0.40,0.40,0.38,0.40,426
BLIRT,20151009,1.82,1.82,1.82,1.82,52
BLOOBER,20151009,37.80,38.50,37.50,37.50,3286
BLUMERANG,20151009,1.10,1.10,1.10,1.10,10320
BOA,20151009,0.33,0.33,0.33,0.33,100
BOMEDIA,20151009,1.00,1.00,1.00,1.00,100
BOOMERANG,20151009,0.45,0.46,0.45,0.46,35315
BORUTA,20151009,0.22,0.25,0.22,0.24,2033021
BPC,20151009,0.41,0.41,0.41,0.41,30
BROADGATE,20151009,0.82,0.82,0.76,0.76,1008
BVT,20151009,1.68,1.99,1.66,1.88,21522
CALESCO,20151009,1.31,1.31,1.31,1.31,15
CCS,20151009,1.00,1.00,1.00,1.00,1000
CCTOOLS,20151009,0.25,0.26,0.25,0.26,550
CDE,20151009,0.15,0.15,0.13,0.15,2671
CENTURION,20151009,0.31,0.31,0.31,0.31,200
CFBPS,20151009,6.29,6.29,6.29,6.29,1
CLOUD,20151009,93.75,93.75,85.80,91.00,102
COLUMBUS,20151009,0.26,0.26,0.24,0.26,144539
COMECO,20151009,0.37,0.37,0.30,0.34,8370
COPERNIC,20151009,16.44,16.44,16.44,16.44,10
CORELENS,20151009,0.66,0.66,0.66,0.66,1480
CSY,20151009,3.68,3.68,3.68,3.68,7
CWPE,20151009,0.15,0.17,0.14,0.17,14775
DASE,20151009,0.44,0.44,0.44,0.44,30
DEKTRA,20151009,9.40,9.40,9.40,9.40,2
DENTAMDC,20151009,0.01,0.01,0.01,0.01,300
DEVORAN,20151009,0.32,0.32,0.31,0.32,7914
DIGITAL,20151009,0.21,0.21,0.21,0.21,200
DOMLEK,20151009,17.70,17.70,17.70,17.70,1
EASTSIDE,20151009,1.69,1.69,1.44,1.55,571
EBC,20151009,0.92,0.95,0.92,0.95,1000
EC2,20151009,1.30,1.31,1.18,1.31,472
ECA,20151009,1.35,1.41,1.35,1.41,2629
ECERAMICS,20151009,0.02,0.02,0.01,0.01,6253068
ECOTECH,20151009,1.15,1.15,1.15,1.15,10
EDISON,20151009,1.15,1.15,0.93,1.10,13743
EFICOM,20151009,0.64,0.69,0.53,0.69,35080
EKIOSK,20151009,0.72,0.72,0.72,0.72,20
EKOKOGEN,20151009,1.02,1.02,1.02,1.02,1100
EKOPOL,20151009,3.97,3.97,3.97,3.97,108
EMONT,20151009,1.03,1.03,1.03,1.03,15
EONET,20151009,4.87,5.43,4.50,4.95,801
EPIGON,20151009,0.16,0.16,0.16,0.16,85748
EQUITIER,20151009,1.53,1.80,1.53,1.80,600
ERNE,20151009,4.18,4.18,3.80,4.15,81367
ERS,20151009,0.28,0.28,0.25,0.25,150
ESKIMOS,20151009,0.30,0.30,0.30,0.30,300
EUROCENT,20151009,9.30,9.99,9.11,9.99,804
EUROTAX,20151009,2.65,2.65,2.23,2.64,8
EXAMOBILE,20151009,2.37,2.37,2.37,2.37,350
EZO,20151009,5.15,5.40,5.15,5.40,657
FABRYKAKD,20151009,2.36,2.36,2.00,2.00,50
FACHOWCY,20151009,0.18,0.18,0.17,0.17,30200
FARM51,20151009,11.89,12.47,11.52,11.61,19797
FHDOM,20151009,2.40,2.40,2.37,2.37,615
FLUID,20151009,0.90,0.93,0.90,0.92,48182
FLYPL,20151009,0.15,0.21,0.15,0.21,11093617
FOREVEREN,20151009,0.54,0.58,0.54,0.57,19470
FORPOSTA,20151009,1.01,1.01,1.01,1.01,2
FUTURIS,20151009,0.94,0.94,0.94,0.94,20
GALVO,20151009,1.47,1.59,1.44,1.59,660
GCINVEST,20151009,0.45,0.51,0.45,0.51,12237
GEKOPLAST,20151009,9.10,9.10,8.85,8.85,2294
GENRG,20151009,0.12,0.16,0.11,0.15,1257132
GEOTRANS,20151009,6.86,7.12,6.43,7.12,4595
GKSKAT,20151009,0.32,0.37,0.31,0.37,5100
GOLAB,20151009,0.35,0.35,0.35,0.35,50
GOTFI,20151009,8.70,9.10,8.70,9.10,270
GPPI,20151009,0.16,0.16,0.13,0.15,12550
GRAPHIC,20151009,0.22,0.22,0.22,0.22,100
GREMPCO,20151009,0.13,0.13,0.11,0.12,37090
GRJAGUAR,20151009,0.96,0.96,0.76,0.90,6599
GRUPAEMM,20151009,0.19,0.19,0.19,0.19,2
GRUPAHRC,20151009,2.86,2.86,2.86,2.86,10
GRUPAREC,20151009,12.39,12.39,12.39,12.39,1
GWARANT,20151009,3.15,3.25,3.15,3.25,801
HAMBURGER,20151009,1.14,1.22,1.14,1.22,7000
HETAN,20151009,0.66,0.78,0.66,0.78,1640
HFTGROUP,20151009,2.79,2.79,2.79,2.79,10
HOLLYWOOD,20151009,5.00,5.00,5.00,5.00,100
HOTBLOK,20151009,0.03,0.04,0.03,0.04,200111
HYDRAPRES,20151009,0.38,0.38,0.35,0.35,2850
HYDROPHI,20151009,0.20,0.24,0.20,0.23,122699
I3D,20151009,0.75,0.75,0.63,0.73,20614
IAI,20151009,5.49,5.49,5.49,5.49,50
IFM,20151009,0.55,0.55,0.55,0.55,20
IGORIA,20151009,1.09,1.09,0.88,0.95,5178
IMAGIS,20151009,0.30,0.31,0.25,0.30,17967
INBOOK,20151009,0.43,0.44,0.43,0.44,350
INCANA,20151009,0.67,0.67,0.67,0.67,20
INDEXMEDI,20151009,2.45,2.45,2.45,2.45,20
INFOSCAN,20151009,4.50,4.50,4.50,4.50,10
INFRA,20151009,0.64,0.64,0.64,0.64,5646
INNOGENE,20151009,9.33,9.33,9.03,9.03,148
INTELIWIS,20151009,1.86,1.86,1.86,1.86,10
INVENTI,20151009,2.05,2.05,2.04,2.04,240
INVESTEKO,20151009,1.80,1.80,1.80,1.80,20
INWESTPL,20151009,0.31,0.31,0.31,0.31,1
ISIAG,20151009,1.10,1.10,1.10,1.10,300
JANTAR,20151009,0.52,0.55,0.52,0.55,3539
JRHOLDING,20151009,0.57,0.57,0.55,0.57,16300
JUJUBEE-PDA,20151009,4.02,4.43,4.02,4.39,27536
KANCELWEC,20151009,0.44,0.48,0.42,0.42,12474
KKHERBAL,20151009,0.24,0.27,0.24,0.27,1530
KLASZTORNE,20151009,0.07,0.07,0.07,0.07,11028
KLEBAINV,20151009,4.00,4.00,4.00,4.00,1
KME,20151009,3.40,3.40,3.40,3.40,10
KUPIEC,20151009,2.90,2.99,2.84,2.97,2037
LABOPRINT,20151009,15.60,15.60,15.60,15.60,1
LANGLOO,20151009,0.06,0.06,0.06,0.06,21000
LAURENPES,20151009,0.04,0.04,0.04,0.04,10300
LEASINGEX,20151009,0.56,0.56,0.45,0.48,14555
LEONIDAS,20151009,0.24,0.28,0.24,0.28,19473
LETUS,20151009,0.12,0.13,0.12,0.13,164101
LGTRADE,20151009,0.50,0.50,0.50,0.50,6000
LIBERTY,20151009,0.01,0.01,0.01,0.01,5000
LKDESIGN,20151009,6.18,6.18,6.18,6.18,40
LOYD,20151009,0.33,0.38,0.33,0.38,21779
LSTECHHOM,20151009,1.00,1.02,1.00,1.00,14100
LUG,20151009,3.19,3.19,3.08,3.10,815
LUXIMA,20151009,0.04,0.04,0.04,0.04,300
LZMO,20151009,1.59,1.59,1.50,1.56,3768
M4B,20151009,0.07,0.07,0.07,0.07,1000
MADKOM,20151009,1.72,1.72,1.72,1.72,120
MAKORA,20151009,1.42,1.42,1.25,1.38,1819
MARKA,20151009,2.37,2.37,2.37,2.37,5
MARSOFT,20151009,0.13,0.13,0.13,0.13,500
MAXIMUS,20151009,0.80,0.80,0.80,0.80,500
MAXIPIZZA,20151009,0.72,0.72,0.72,0.72,1500
MBFGROUP,20151009,6.40,6.40,6.36,6.36,400
MED,20151009,5.40,5.40,5.40,5.40,1
MEDIACAP,20151009,2.40,2.40,2.40,2.40,235
MEGASONIC,20151009,6.20,6.20,6.19,6.20,1330
MENNICASK,20151009,3.11,3.11,2.50,2.65,2423
MERA,20151009,1.59,1.59,1.59,1.59,20
MERIT,20151009,0.23,0.23,0.23,0.23,50
MFOOD,20151009,0.47,0.47,0.47,0.47,4256
MILESTONE,20151009,6.35,6.70,6.35,6.70,1480
MILKPOL,20151009,0.22,0.24,0.22,0.24,8082
MINOX,20151009,0.08,0.08,0.07,0.08,8668
MMCPL,20151009,5.54,5.54,5.54,5.54,59
MODE,20151009,0.55,0.55,0.55,0.55,4
MOLMEDICA,20151009,0.02,0.03,0.02,0.03,130000
MOMO,20151009,2.74,2.74,2.68,2.68,2449
MONDAY,20151009,0.90,0.90,0.90,0.90,100
MORIZON,20151009,1.46,1.46,1.46,1.46,1
MOTORICUS,20151009,0.56,0.63,0.56,0.62,5256
NANOTEL,20151009,3.02,3.02,2.80,3.00,2845
NAVIMORIN,20151009,4.00,4.00,4.00,4.00,10
NEPTIS,20151009,24.00,24.00,24.00,24.00,10
NETWISE,20151009,3.50,3.50,3.50,3.50,5
NOVATIS,20151009,0.33,0.37,0.32,0.37,9684
NOVAVIS,20151009,1.24,1.27,1.10,1.10,64894
NOVINA,20151009,0.61,0.61,0.56,0.60,28423
OPENNET,20151009,1.80,1.85,1.76,1.85,1355
OPTIZENLB,20151009,0.29,0.29,0.29,0.29,50
ORGANIC,20151009,4.45,4.45,4.45,4.45,559
ORZLOPONY,20151009,0.63,0.63,0.63,0.63,125
PARTNER,20151009,0.06,0.06,0.06,0.06,2000
PATFUND,20151009,0.31,0.33,0.31,0.33,1000
PFMEDICAL,20151009,37.50,37.50,35.00,35.00,76
PGSSOFT,20151009,7.88,7.88,7.47,7.60,6490
PHARMENA,20151009,21.30,21.30,20.40,21.00,295
PHOTON,20151009,0.76,0.80,0.74,0.80,33360
PIK,20151009,0.32,0.38,0.32,0.38,13300
PILAB,20151009,43.00,44.99,42.50,44.99,133
PLANETSOF,20151009,0.11,0.13,0.11,0.13,23360
PLASMA,20151009,12.90,12.90,12.85,12.85,348
PLATIGE,20151009,12.80,12.80,12.80,12.80,196
PPRICE,20151009,0.03,0.03,0.03,0.03,400
PRESENT24,20151009,1.95,1.97,1.92,1.92,1888
PRESTO,20151009,0.75,0.75,0.75,0.75,6955
PRIME,20151009,39.70,39.76,35.50,37.50,672
PROLOG,20151009,8.70,8.95,8.55,8.95,410
PROMISE,20151009,3.17,3.17,3.17,3.17,24546
PRYMUS,20151009,5.10,5.10,5.10,5.10,10
RAJDY4X4,20151009,0.05,0.05,0.05,0.05,200
READGENE,20151009,1.50,1.52,1.50,1.52,1050
ROBINSON,20151009,11.95,12.00,10.70,12.00,332
ROCCA,20151009,0.40,0.40,0.40,0.40,50
RSY,20151009,6.93,6.93,6.93,6.93,11
RUNICOM,20151009,0.53,0.53,0.50,0.50,270
SAKANA,20151009,0.30,0.30,0.30,0.30,5600
SAPLING,20151009,0.29,0.29,0.29,0.29,1
SARE,20151009,28.00,28.10,27.26,28.00,57
SESCOM,20151009,19.81,19.81,19.81,19.81,54
SEVENET,20151009,2.70,2.70,2.70,2.70,100
SFKPOLKAP,20151009,6.12,6.80,6.12,6.47,2894
SILVACG,20151009,0.01,0.01,0.01,0.01,212
SITE,20151009,0.06,0.06,0.06,0.06,150500
SMOKESHOP,20151009,0.26,0.29,0.26,0.26,3446
SPC,20151009,0.05,0.05,0.05,0.05,500
STANDREW,20151009,7.55,9.00,7.55,8.98,301
STANUSCH,20151009,8.00,8.00,8.00,8.00,10
STOPKLA,20151009,10.00,10.00,10.00,10.00,2
SUMMALING,20151009,5.19,5.19,5.00,5.00,7670
SURFLAND,20151009,0.82,0.82,0.80,0.80,787
SWISSPSM,20151009,0.26,0.26,0.26,0.26,50
SYMBIO,20151009,3.15,3.30,3.15,3.30,387
SZAR,20151009,0.07,0.07,0.06,0.07,1100
T2INVEST,20151009,1.85,1.85,1.85,1.85,10
TAMEX,20151009,0.49,0.49,0.42,0.49,39084
TAXNET,20151009,0.43,0.43,0.43,0.43,30
TAXUSFUND,20151009,0.05,0.06,0.05,0.06,177167
TECHMADEX,20151009,23.06,23.06,23.06,23.06,117
TELESTR,20151009,11.50,11.50,11.30,11.50,4265
TELGAM,20151009,0.24,0.24,0.24,0.24,100
TERMOEXP,20151009,1.62,1.70,1.62,1.70,450
TILIA,20151009,0.85,0.86,0.85,0.86,700
UNIMOT,20151009,15.12,15.12,14.75,14.75,376
UNITED,20151009,0.45,0.48,0.45,0.48,17974
VAKOMTEK,20151009,1.19,1.19,1.19,1.19,1
VCP,20151009,0.28,0.28,0.28,0.28,50
VELTO,20151009,0.30,0.30,0.30,0.30,150
VENITI,20151009,0.70,0.70,0.70,0.70,4400
VENTUREIN,20151009,2.35,2.35,2.35,2.35,10
VERBICOM,20151009,3.00,3.00,3.00,3.00,650
VIDIS,20151009,2.59,2.59,2.59,2.59,362
VIVID,20151009,6.02,6.14,5.72,5.90,44308
WBAY,20151009,3.55,4.25,3.55,4.25,465
WESTREAL,20151009,1.50,1.50,1.50,1.50,660
WIERZYCL,20151009,0.48,0.48,0.48,0.48,50
WODKAN,20151009,5.69,5.69,5.69,5.69,78
XPLUS,20151009,0.12,0.12,0.11,0.11,395
YELLOWHAT,20151009,0.35,0.35,0.32,0.35,176200
YOURIMAGE,20151009,0.29,0.30,0.27,0.30,12535
NCINDEX,20151009,285.94,287.42,282.88,284.96,5418.156
BBI0217,20151009,98.90,98.90,98.90,98.90,126
BPS0720,20151009,101.65,101.65,101.40,101.40,3
BPS1122,20151009,96.00,96.00,96.00,96.00,100
BSC0621,20151009,92.99,93.00,92.99,93.00,5
BSP0620,20151009,101.30,101.30,101.30,101.30,4
BSS0418,20151009,100.00,100.50,100.00,100.50,5
BST0418,20151009,100.37,100.37,100.05,100.05,156
BST0516,20151009,101.00,101.10,101.00,101.10,83
BSW0323,20151009,80.00,80.00,80.00,80.00,20
CHS0318,20151009,100.00,100.00,100.00,100.00,22
CPS0721,20151009,101.20,101.20,101.20,101.20,434
DAY0916,20151009,45.00,50.00,40.00,40.00,157
DS0725,20151009,104.80,104.80,104.75,104.75,1955
DS0726,20151009,97.65,97.65,97.65,97.65,4384
DS1019,20151009,113.00,113.00,112.90,112.90,20
DS1020,20151009,113.80,113.80,113.80,113.80,10
ERC0617,20151009,100.80,100.80,100.80,100.80,27
ERC0916,20151009,100.86,100.86,100.86,100.86,101
EVC0418,20151009,101.00,101.00,101.00,101.00,3
FFI1116,20151009,90.00,92.00,90.00,92.00,4
GHE0619,20151009,97.00,97.00,97.00,97.00,21
GHI0619,20151009,99.32,99.32,99.32,99.32,100
GNB0218,20151009,98.00,98.20,98.00,98.20,293
GNB0318,20151009,97.50,97.90,97.50,97.90,14
GNB0421,20151009,91.55,91.73,90.90,90.90,5
GNB0819,20151009,95.50,95.95,95.50,95.95,10
GNB0820,20151009,91.70,92.00,91.70,92.00,56
GNB0917,20151009,99.30,99.30,99.30,99.30,21
GNB1019,20151009,95.00,95.00,95.00,95.00,42
GNB1119,20151009,94.30,94.30,94.30,94.30,10
GNB1219,20151009,93.95,94.30,93.95,94.30,37
GRA0816,20151009,99.50,99.50,99.50,99.50,6
IIF1115,20151009,99.79,99.79,99.79,99.79,16
IVO0616,20151009,92.48,92.48,92.48,92.48,3
IZ0816,20151009,105.98,105.98,105.98,105.98,1
KBS0518,20151009,100.50,100.50,100.50,100.50,12
KME0916,20151009,99.00,99.00,99.00,99.00,130
KOS0516,20151009,98.55,100.00,98.55,100.00,21
KRI0116,20151009,99.80,99.80,99.60,99.60,8
KRS0316,20151009,68.00,68.00,64.00,64.00,41
KRS0416,20151009,70.00,70.00,70.00,70.00,1
KRU0620,20151009,100.48,100.50,100.47,100.50,311
KRU1217,20151009,103.70,103.70,103.70,103.70,1
LKD1017,20151009,100.15,100.15,100.15,100.15,6
LZM1116,20151009,88.85,88.85,88.85,88.85,2
MER0616,20151009,99.00,99.00,99.00,99.00,5
MKR1116,20151009,97.00,97.92,97.00,97.92,30
MRB0717,20151009,88.00,90.40,87.00,90.40,502
MUR1116,20151009,100.39,100.39,100.39,100.39,50
OK0717,20151009,97.40,97.40,97.40,97.40,5
OTS1118,20151009,101.51,101.51,101.50,101.50,7
PBD0116,20151009,97.50,97.50,97.50,97.50,24
PBD0616,20151009,96.00,97.38,96.00,97.38,42
PCR0419,20151009,100.80,100.80,100.80,100.80,1
PCR0620,20151009,100.26,100.26,100.26,100.26,1
PCR1019,20151009,100.80,100.80,100.80,100.80,51
PKN0418,20151009,101.58,101.69,101.58,101.69,3115
PKN0420,20151009,108.00,108.00,108.00,108.00,80
PKN0517,20151009,100.80,100.90,100.80,100.90,15852
PKN0617,20151009,100.80,100.80,100.80,100.80,50
PND0618,20151009,99.19,99.19,99.19,99.19,14
PRF0418,20151009,99.98,99.98,99.98,99.98,1
PRF1216,20151009,99.30,99.30,99.30,99.30,1
PRI1117,20151009,99.99,99.99,99.99,99.99,1
PS0416,20151009,101.65,101.65,101.65,101.65,117
PS0718,20151009,101.90,101.90,101.40,101.40,16
RNK0616,20151009,80.00,80.00,79.50,79.50,13
SAF1115,20151009,99.00,99.00,99.00,99.00,1
VTG0617,20151009,100.50,101.00,100.50,101.00,8
VTG0618,20151009,99.90,99.90,99.90,99.90,10
WLO0516,20151009,44.91,44.97,44.91,44.97,8
WS0922,20151009,120.20,120.20,120.20,120.20,35
WZ0121,20151009,98.00,98.00,97.90,97.90,2037
WZ0124,20151009,97.00,97.00,97.00,97.00,105
