FALRZ15,20151026,83.43,83.43,83.43,83.43,1,3
FCDRZ15,20151026,26.60,27.06,26.50,27.00,44,323
FCHF,20151026,396.10,396.20,395.00,395.00,156,2941
FCHFF16,20151026,397.01,397.01,396.48,396.60,3,2
FCHFH16,20151026,397.83,398.27,397.83,398.27,6,649
FCHFM16,20151026,399.50,399.50,399.50,399.50,1,267
FCHFWS,20151026,396.10,396.20,395.00,395.00,146,1707
FCHFZ15,20151026,396.10,396.20,395.00,395.00,146,1707
FEUR,20151026,426.74,428.57,426.67,427.90,453,22347
FEURH16,20151026,428.46,429.99,428.46,429.20,14,10493
FEURM16,20151026,430.05,431.67,430.05,431.67,21,408
FEURU16,20151026,431.54,433.00,431.54,433.00,3,152
FEURWS,20151026,426.74,428.57,426.67,427.90,415,11289
FEURZ15,20151026,426.74,428.57,426.67,427.90,415,11289
FJSWH16,20151026,13.87,14.12,13.32,13.32,16,101
FJSWM16,20151026,13.95,14.07,13.95,14.07,6,15
FJSWZ15,20151026,13.68,14.00,12.95,13.34,453,2120
FKGHH16,20151026,98.00,98.00,95.76,95.76,5,48
FKGHZ15,20151026,99.70,100.80,95.75,96.20,1397,1719
FLTSZ15,20151026,29.30,29.31,28.85,28.85,30,181
FLWBZ15,20151026,49.02,52.30,49.02,52.30,9,231
FOPLZ15,20151026,7.15,7.20,7.05,7.13,35,463
FPEOZ15,20151026,154.10,156.45,152.50,154.55,80,206
FPGEZ15,20151026,13.04,14.30,12.99,14.24,710,2523
FPGNZ15,20151026,6.81,6.94,6.75,6.82,68,399
FPKNZ15,20151026,63.79,65.65,63.12,64.66,971,1648
FPKOH16,20151026,29.70,30.10,29.22,29.22,9,85
FPKOZ15,20151026,29.75,29.92,29.05,29.41,1268,2722
FPZUZ15,20151026,372.60,378.40,370.35,376.50,318,1219
FTPEZ15,20151026,3.19,3.20,3.16,3.18,85,1257
FUSD,20151026,386.20,388.50,385.46,386.90,4320,26987
FUSDH16,20151026,387.09,389.24,386.48,387.09,33,2549
FUSDM16,20151026,387.50,389.62,387.50,389.50,32,118
FUSDU16,20151026,388.50,390.40,388.50,390.40,7,59
FUSDWS,20151026,386.20,388.50,385.46,386.90,4248,23761
FUSDZ15,20151026,386.20,388.50,385.46,386.90,4248,23761
FW20,20151026,2091,2129,2087,2110,18445,57044
FW20H1620,20151026,2109,2136,2100,2118,63,336
FW20M1620,20151026,2090,2119,2089,2119,10,138
FW20U1620,20151026,2080,2105,2080,2089,5,134
FW20WS,20151026,2091,2129,2087,2110,18367,56436
FW20Z1520,20151026,2091,2129,2087,2110,18367,56436
FW40Z15,20151026,3671,3723,3665,3711,250,2406
OW20A162450,20151026,2.72,2.72,2.41,2.41,7,1
OW20C162000,20151026,170.00,170.00,170.00,170.00,1,122
OW20C162500,20151026,9.15,9.15,7.14,7.14,12,79
OW20C162600,20151026,2.53,2.53,2.53,2.53,5,201
OW20C162700,20151026,0.50,0.50,0.50,0.50,140,220
OW20F162100,20151026,122.15,122.15,122.15,122.15,2,16
OW20F162300,20151026,47.78,47.78,47.78,47.78,1,13
OW20F162600,20151026,6.54,6.60,6.43,6.60,13,90
OW20I162000,20151026,182.00,182.00,182.00,182.00,1,15
OW20K152000,20151026,117.15,117.15,117.15,117.15,1,2
OW20K152050,20151026,74.95,75.95,74.95,75.95,9,10
OW20K152075,20151026,58.40,59.00,49.44,59.00,4,76
OW20K152100,20151026,39.22,58.30,36.00,43.99,19,31
OW20K152125,20151026,30.15,32.09,30.15,32.09,2,18
OW20K152150,20151026,24.18,24.18,21.84,22.44,9,69
OW20K152175,20151026,21.50,21.50,14.43,14.43,14,21
OW20K152200,20151026,9.31,13.88,8.89,8.89,37,209
OW20K152225,20151026,7.40,7.80,5.96,6.21,15,61
OW20K152250,20151026,4.35,5.46,3.00,3.00,59,64
OW20K152300,20151026,1.40,1.40,1.40,1.40,1,208
OW20L152050,20151026,105.00,105.00,94.00,94.00,2,59
OW20L152100,20151026,65.10,80.80,65.10,71.20,7,202
OW20L152150,20151026,52.40,52.40,43.50,44.00,3,135
OW20L152200,20151026,29.98,32.63,28.10,28.10,16,1241
OW20L152250,20151026,18.44,20.50,16.30,16.30,13,108
OW20L152300,20151026,8.19,10.80,8.16,8.16,35,516
OW20L152350,20151026,5.00,5.00,4.19,4.20,29,90
OW20L152400,20151026,1.92,1.92,1.92,1.92,6,327
OW20M161700,20151026,3.52,3.52,3.52,3.52,6,0
OW20M162100,20151026,69.35,69.35,69.35,69.35,1,1
OW20O161700,20151026,8.93,8.93,6.58,7.20,12,141
OW20O161800,20151026,15.30,15.30,15.30,15.30,8,118
OW20U161800,20151026,36.92,36.92,36.92,36.92,1,23
OW20W151875,20151026,2.79,2.79,2.00,2.01,50,40
OW20W151900,20151026,2.48,3.52,2.35,3.52,31,80
OW20W151950,20151026,5.00,5.90,4.92,5.90,8,79
OW20W152000,20151026,15.00,15.00,8.92,12.33,67,108
OW20W152025,20151026,13.34,15.09,12.59,15.09,20,32
OW20W152050,20151026,15.02,22.56,15.02,22.40,20,61
OW20W152100,20151026,35.92,35.92,28.78,34.00,42,95
OW20W152125,20151026,58.50,58.50,40.03,45.69,8,10
OW20W152150,20151026,77.30,77.30,51.90,58.30,12,91
OW20W152175,20151026,76.65,87.00,76.65,87.00,2,9
OW20X151650,20151026,0.50,0.50,0.50,0.50,10,71
OW20X151700,20151026,1.50,1.50,1.50,1.50,50,500
OW20X151750,20151026,2.70,2.79,2.70,2.79,20,257
OW20X151850,20151026,6.61,7.00,6.61,7.00,20,102
OW20X151900,20151026,14.00,14.00,10.65,11.70,14,3653
OW20X151950,20151026,17.90,17.90,17.90,17.90,2,81
OW20X152000,20151026,25.15,26.60,24.10,26.60,32,623
OW20X152050,20151026,39.90,40.00,39.90,40.00,2,109
OW20X152100,20151026,57.25,63.00,57.25,63.00,13,1162
OW20X152300,20151026,196.80,196.80,196.80,196.80,5,2610
06MAGNA,20151026,1.85,1.92,1.85,1.92,15
4FUNMEDIA,20151026,5.15,5.15,4.92,5.13,3
AATHOLD,20151026,21.00,21.00,20.50,20.61,2298
ABCDATA,20151026,3.19,3.19,3.18,3.19,7668
ABPL,20151026,36.62,36.62,36.15,36.15,453
ACAUTOGAZ,20151026,31.74,31.74,31.74,31.74,100
ACE,20151026,11.63,12.60,11.63,12.48,4229
ACTION,20151026,24.70,24.78,24.51,24.70,3044
ADIUVO,20151026,27.35,28.00,26.20,28.00,1410
ADIUVO-PDA,20151026,27.20,27.50,27.00,27.00,497
AGORA,20151026,11.20,11.28,11.20,11.21,7239
AGROTON,20151026,1.37,1.41,1.35,1.38,41516
ALCHEMIA,20151026,4.90,4.90,4.90,4.90,23150
ALIOR,20151026,81.00,83.70,81.00,83.30,96725
ALMA,20151026,9.65,9.65,9.00,9.31,1074
ALTA,20151026,2.16,2.16,2.16,2.16,341
ALTUSTFI,20151026,11.00,11.17,11.00,11.15,8962
ALUMETAL,20151026,50.46,51.90,50.46,51.90,17412
AMBRA,20151026,8.18,8.20,8.00,8.18,5391
AMICA,20151026,168.35,170.00,168.20,168.65,2463
AMREST,20151026,180.00,181.00,179.95,180.30,27730
APATOR,20151026,32.15,32.40,31.05,31.30,3962
APSENERGY,20151026,5.19,5.19,5.00,5.00,1717
ARCTIC,20151026,3.07,3.14,3.06,3.08,17518
ARTERIA,20151026,15.22,15.25,14.62,14.64,875
ASBIS,20151026,1.21,1.24,1.13,1.18,343984
ASSECOBS,20151026,15.18,15.84,15.18,15.60,3391
ASSECOPOL,20151026,54.70,56.44,54.70,55.84,83181
ASSECOSEE,20151026,10.21,10.22,10.10,10.10,2339
ASSECOSLO,20151026,17.78,17.78,17.78,17.78,32
ASTARTA,20151026,31.20,33.20,31.20,33.20,3883
ATAL,20151026,21.71,21.75,21.60,21.75,1912
ATENDE,20151026,2.78,2.78,2.75,2.78,380
ATLANTAPL,20151026,9.00,9.20,8.95,9.20,4494
ATLANTIS,20151026,0.75,0.77,0.73,0.77,26337
ATLASEST,20151026,0.96,0.96,0.96,0.96,5000
ATM,20151026,9.42,9.70,9.36,9.70,4137
ATMGRUPA,20151026,3.30,3.40,3.28,3.35,28872
ATREM,20151026,4.80,4.80,4.79,4.80,1500
AVIAAML,20151026,4.97,5.19,4.97,5.18,220
AVIASG,20151026,20.75,20.75,20.75,20.75,1
AWBUD,20151026,2.95,2.95,2.73,2.85,2485
BALTONA,20151026,7.30,7.30,7.00,7.00,990
BANKBPH,20151026,36.00,36.38,35.85,36.38,250
BBIDEV,20151026,0.97,0.97,0.93,0.95,83183
BENEFIT,20151026,431.15,434.00,431.15,434.00,51
BEST,20151026,17.20,17.20,16.60,16.60,57
BETACOM,20151026,10.48,10.49,10.48,10.49,10
BGZBNPP,20151026,50.80,50.80,49.80,49.80,6512
BIOMEDLUB,20151026,3.31,3.31,3.01,3.15,6331
BIOTON,20151026,10.89,10.95,10.75,10.85,56827
BOGDANKA,20151026,52.51,55.40,52.40,55.40,45310
BORYSZEW,20151026,5.09,5.09,5.05,5.08,36746
BOS,20151026,23.00,23.00,22.42,22.42,13960
BOWIM,20151026,2.12,2.12,2.12,2.12,3820
BPHFIZSN,20151026,47.99,48.00,47.95,48.00,30
BRASTER,20151026,13.85,14.15,13.85,14.06,2314
BRIJU,20151026,13.89,13.89,13.15,13.60,5474
BSCDRUK,20151026,34.70,34.70,34.00,34.70,8828
BUDIMEX,20151026,215.00,218.00,214.80,217.90,5979
BUMECH,20151026,0.77,0.80,0.77,0.79,49361
BYTOM,20151026,3.16,3.19,3.13,3.18,54747
BZWBK,20151026,311.00,325.00,310.85,318.00,100913
CALATRAVA,20151026,0.67,0.67,0.61,0.64,79838
CAMMEDIA,20151026,6.10,6.10,6.10,6.10,50
CAPITAL,20151026,2.26,2.27,2.26,2.27,6281
CCC,20151026,174.00,181.60,173.00,177.15,57929
CDPROJEKT,20151026,26.45,27.06,26.40,26.99,130113
CDRL,20151026,19.24,19.24,19.24,19.24,25
CEZ,20151026,75.06,75.13,75.00,75.13,390
CHEMOS,20151026,1.51,1.53,1.47,1.49,92149
CIECH,20151026,72.00,73.99,71.30,73.90,14571
CIGAMES,20151026,23.60,24.25,23.23,24.00,26047
CNT,20151026,8.43,8.43,8.43,8.43,2
COGNOR,20151026,1.20,1.25,1.20,1.25,12125
COLIAN,20151026,4.70,4.78,4.65,4.69,25025
COMARCH,20151026,120.30,120.95,120.00,120.05,8656
COMP,20151026,57.00,61.10,56.90,60.98,1418
CORMAY,20151026,1.94,1.97,1.91,1.93,166947
CPGROUP,20151026,5.95,6.07,5.70,6.07,9545
CUBEITG,20151026,4.82,5.10,4.82,5.09,605
CYFRPLSAT,20151026,24.66,25.30,24.62,25.30,471026
CZTOREBKA,20151026,1.16,1.16,1.12,1.13,28007
DBGBSH0118,20151026,98.80,98.80,98.80,98.80,500
DEBICA,20151026,87.10,87.85,87.10,87.85,1573
DECORA,20151026,7.48,7.48,7.48,7.48,227
DELKO,20151026,9.30,9.30,9.26,9.30,435
DGA,20151026,5.70,5.70,5.42,5.70,1252
DMWDM,20151026,0.33,0.34,0.33,0.33,2810
DOMDEV,20151026,52.00,53.00,52.00,53.00,662
DROZAPOL,20151026,2.24,2.24,2.24,2.24,26
DTP,20151026,4.52,4.65,4.40,4.65,3142
DUDA,20151026,5.80,6.05,5.80,6.05,4339
DUON,20151026,3.23,3.28,3.23,3.23,64671
ECHO,20151026,6.92,6.98,6.92,6.95,82135
EDINVEST,20151026,2.26,2.27,2.26,2.26,1416
EFEKT,20151026,15.44,15.44,14.79,15.20,378
EKOEXPORT,20151026,14.87,15.08,14.62,14.66,4190
ELBUDOWA,20151026,150.50,150.50,146.25,148.90,1842
ELEKTROTI,20151026,19.32,19.86,19.02,19.40,16006
ELEMENTAL,20151026,4.31,4.32,4.28,4.30,26531
ELEMENTAL-PDA,20151026,4.29,4.29,4.29,4.29,636
ELKOP,20151026,1.37,1.37,1.33,1.33,4972
ELZAB,20151026,14.55,15.24,14.55,15.24,170
EMCINSMED,20151026,14.09,14.10,14.09,14.09,201
EMPERIA,20151026,70.30,70.30,68.60,70.00,20568
ENAP,20151026,0.91,0.91,0.91,0.91,2
ENEA,20151026,13.01,13.38,12.90,13.11,391365
ENELMED,20151026,10.90,10.90,10.40,10.40,873
ENERGA,20151026,16.65,17.19,16.59,16.97,699023
ENERGOINS,20151026,11.24,11.24,10.79,11.00,1039
ERBUD,20151026,33.04,33.04,32.06,32.90,162
ERG,20151026,21.50,21.50,21.50,21.50,2
ERGIS,20151026,4.88,4.92,4.87,4.88,29592
ESOTIQ,20151026,32.00,32.00,30.21,32.00,258
ESSYSTEM,20151026,2.89,2.92,2.83,2.92,7032
ETFDAX,20151026,443.00,445.23,442.61,445.23,375
ETFSP500,20151026,81.09,82.00,81.09,82.00,375
ETFW20L,20151026,242.00,245.60,242.00,242.55,114
EUCO,20151026,50.20,51.59,50.03,51.49,103
EUROCASH,20151026,50.08,51.92,50.00,51.25,357464
EUROHOLD,20151026,3.80,4.10,3.80,4.10,708
EUROTEL,20151026,17.40,17.40,16.92,17.34,875
EVEREST,20151026,1.80,1.97,1.80,1.97,7431
FAMUR,20151026,1.88,1.88,1.87,1.87,4038
FARMACOL,20151026,63.20,63.20,62.53,62.70,334
FASING,20151026,17.03,17.61,17.03,17.60,278
FASTFIN,20151026,0.65,0.65,0.62,0.62,12345
FEERUM,20151026,20.36,21.96,20.36,21.96,29
FERRO,20151026,11.40,11.50,11.40,11.50,10233
FERRUM,20151026,4.77,4.77,4.50,4.65,2927
FON,20151026,0.66,0.67,0.65,0.66,36212
FORTE,20151026,54.99,55.85,54.99,55.85,1347
FORTUNA,20151026,11.60,11.60,11.50,11.50,5200
FOTA,20151026,0.69,0.69,0.65,0.67,36904
GETIN,20151026,1.60,1.61,1.52,1.59,366946
GETINOBLE,20151026,0.88,0.90,0.85,0.85,13945878
GINOROSSI,20151026,2.50,2.54,2.41,2.49,171845
GLCOSMED,20151026,4.44,4.44,4.30,4.30,1334
GORENJE,20151026,21.50,21.50,21.50,21.50,1
GPW,20151026,40.20,40.42,40.08,40.30,46634
GRAAL,20151026,32.80,32.86,32.25,32.86,6588
GRAJEWO,20151026,24.10,24.64,24.10,24.26,542
GREMMEDIA,20151026,1.73,1.79,1.65,1.79,2536
GROCLIN,20151026,13.99,13.99,13.74,13.86,1477
GRODNO,20151026,5.30,5.59,5.30,5.59,1610
GRUPAAZOTY,20151026,94.00,94.49,93.15,94.49,28084
GTC,20151026,7.02,7.02,6.86,6.90,99173
GTC-PDA,20151026,6.83,6.83,6.83,6.83,192
HANDLOWY,20151026,82.99,83.30,81.81,83.00,41327
HARPER,20151026,1.93,1.93,1.93,1.93,1
HAWE,20151026,0.88,0.99,0.87,0.99,4241115
HELIO,20151026,4.69,4.70,4.24,4.40,6908
HERKULES,20151026,4.07,4.08,4.07,4.08,11395
HUBSTYLE,20151026,1.03,1.03,1.03,1.03,1
HYDROTOR,20151026,37.54,37.54,37.54,37.54,47
HYPERION,20151026,3.39,3.40,3.39,3.40,23
IDEABANK,20151026,24.99,25.47,24.91,25.47,3825
IDMSA,20151026,1.46,1.57,1.46,1.52,2310
IFCAPITAL,20151026,3.01,3.28,2.71,2.77,1018274
IFSA,20151026,0.83,0.87,0.79,0.83,158295
IIAAV,20151026,10.00,10.00,10.00,10.00,423
IMCOMPANY,20151026,6.70,6.80,6.70,6.70,1160
IMMOBILE,20151026,2.38,2.38,2.30,2.35,57601
IMPEL,20151026,29.00,29.00,27.99,27.99,163
IMPERA,20151026,1.57,1.57,1.57,1.57,5
IMPEXMET,20151026,2.68,2.79,2.67,2.79,73357
IMS,20151026,2.09,2.09,2.08,2.09,1760
INC,20151026,2.24,2.24,2.24,2.24,34
INDATA,20151026,0.91,0.92,0.88,0.90,35044
INDYGO,20151026,0.97,0.97,0.94,0.96,116521
INDYKPOL,20151026,95.43,95.50,94.00,95.30,360
INGBSK,20151026,125.05,127.00,125.05,125.30,1778
INPOST,20151026,21.70,21.95,21.70,21.70,4368
INPRO,20151026,4.00,4.00,4.00,4.00,520
INSTALKRK,20151026,12.89,12.89,12.66,12.80,1477
INTEGERPL,20151026,122.50,126.50,122.40,123.00,10421
INTERAOLT,20151026,18.00,18.00,18.00,18.00,200
INTERBUD,20151026,2.61,2.61,2.45,2.60,3392
INTERCARS,20151026,235.85,239.00,235.85,237.10,1521
INTERSPPL,20151026,2.80,2.85,2.80,2.82,1947
INTROL,20151026,9.85,9.85,9.50,9.70,126
INVFIZ,20151026,915.01,915.01,915.01,915.01,5
INVISTA,20151026,2.27,2.28,2.20,2.25,6400
INVPEFIZ,20151026,940.00,958.00,939.99,939.99,25
IPOPEMA,20151026,2.87,2.87,2.87,2.87,85
IQP,20151026,0.80,0.80,0.80,0.80,2
IVMX,20151026,5.98,5.98,5.96,5.98,3113
IZOBLOK,20151026,120.00,120.00,119.70,119.70,11
IZOLACJA,20151026,1.35,1.35,1.30,1.35,9163
IZOSTAL,20151026,4.63,4.77,4.42,4.75,3808
JHMDEV,20151026,1.64,1.66,1.62,1.66,13914
JSW,20151026,13.86,13.99,12.93,13.21,555883
JWCONSTR,20151026,4.87,4.97,4.86,4.97,29571
K2INTERNT,20151026,13.86,13.86,13.05,13.38,2246
KANIA,20151026,2.90,2.95,2.87,2.89,29040
KBDOM,20151026,3.28,3.30,3.28,3.30,1687
KERDOS,20151026,0.50,0.52,0.48,0.51,2110032
KERNEL,20151026,52.40,52.80,52.01,52.65,70492
KETY,20151026,271.00,271.00,262.80,265.00,7514
KGHM,20151026,99.99,100.00,95.80,96.05,833474
KINOPOL,20151026,14.01,14.18,14.01,14.18,269
KOGENERA,20151026,71.85,71.85,70.00,71.84,893
KOMPUTRON,20151026,8.99,9.00,8.82,8.82,3670
KONSSTALI,20151026,35.30,36.00,34.76,36.00,3522
KOPEX,20151026,5.97,5.98,5.96,5.98,5428
KRAKCHEM,20151026,4.10,4.15,3.99,4.10,54767
KREC,20151026,7.50,7.50,7.50,7.50,200
KREDYTIN,20151026,25.00,26.00,25.00,25.90,64257
KREZUS,20151026,4.63,4.65,4.51,4.58,9960
KRKA,20151026,269.95,280.00,269.95,277.75,790
KRUK,20151026,185.40,185.40,182.75,183.05,5590
KRUSZWICA,20151026,50.00,52.50,48.80,52.50,1714
KSGAGRO,20151026,1.22,1.25,1.18,1.19,25521
LCCORP,20151026,1.95,1.98,1.94,1.94,25269
LENA,20151026,4.45,4.45,4.45,4.45,401
LENTEX,20151026,9.25,9.41,9.25,9.30,13139
LIBET,20151026,2.41,2.45,2.41,2.43,5256
LIVECHAT,20151026,34.98,36.00,34.51,35.95,3410
LOTOS,20151026,29.00,29.32,28.70,28.90,203437
LPP,20151026,7540.00,7678.80,7501.00,7600.00,3910
LSISOFT,20151026,4.35,4.35,3.79,3.91,6035
LUBAWA,20151026,1.04,1.08,1.04,1.07,168515
MABION,20151026,46.00,47.45,46.00,46.88,1487
MAGELLAN,20151026,59.48,59.48,59.48,59.48,100
MAKARONPL,20151026,5.66,5.85,5.66,5.84,47
MARVIPOL,20151026,6.69,6.90,6.69,6.89,4575
MBANK,20151026,379.95,379.95,368.55,370.05,58754
MCI,20151026,12.00,12.18,11.90,12.11,9551
MCLOGIC,20151026,40.36,40.36,38.66,38.66,113
MEDIATEL,20151026,1.04,1.04,1.00,1.04,24
MEDICALG,20151026,227.80,229.80,227.80,229.60,535
MERCATOR,20151026,18.11,18.24,18.11,18.12,1707
MERCOR,20151026,9.56,9.70,9.56,9.69,1794
MEXPOLSKA,20151026,3.82,3.95,3.65,3.95,14009
MFO,20151026,11.99,11.99,11.99,11.99,1
MIDAS,20151026,0.62,0.63,0.61,0.61,45548
MILKILAND,20151026,2.04,2.24,2.01,2.14,353496
MILLENNIUM,20151026,6.28,6.28,6.10,6.25,1518449
MIRACULUM,20151026,2.62,2.68,2.55,2.68,2441
MIRBUD,20151026,1.16,1.18,1.14,1.15,81169
MLPGROUP,20151026,35.00,35.00,34.99,34.99,40
MNI,20151026,0.90,0.90,0.85,0.89,157908
MOBRUK,20151026,8.15,8.15,8.15,8.15,300
MOL,20151026,181.75,182.65,180.30,180.30,71
MONNARI,20151026,15.99,16.18,15.82,16.15,148604
MOSTALPLC,20151026,15.00,15.00,15.00,15.00,90
MOSTALWAR,20151026,13.83,14.39,13.67,14.35,6792
MOSTALZAB,20151026,1.83,1.83,1.79,1.81,159694
MUZA,20151026,3.16,3.16,3.16,3.16,3
MWTRADE,20151026,16.67,16.67,16.67,16.67,1
NETIA,20151026,5.47,5.66,5.47,5.64,207942
NETMEDIA,20151026,5.08,5.08,5.08,5.08,1800
NEUCA,20151026,334.00,343.15,333.00,342.00,3392
NEWAG,20151026,16.40,16.40,16.21,16.26,1757
NFIEMF,20151026,3.25,3.41,3.25,3.41,352
NORTCOAST,20151026,6.20,6.20,6.20,6.20,41
NOVITA,20151026,51.91,51.92,50.20,50.43,178
NOWAGALA,20151026,1.43,1.43,1.42,1.42,95705
NTTSYSTEM,20151026,2.48,2.48,2.48,2.48,11
ODLEWNIE,20151026,2.36,2.39,2.36,2.39,3550
OPENFIN,20151026,4.10,4.10,4.10,4.10,450
OPONEO.PL,20151026,23.95,24.02,23.14,23.95,5857
OPTEAM,20151026,10.07,10.07,9.60,10.00,1125
ORANGEPL,20151026,7.11,7.25,7.07,7.11,1252957
ORBIS,20151026,56.75,58.11,56.75,57.60,2136
ORCOGROUP,20151026,1.01,1.09,1.01,1.09,766
ORZBIALY,20151026,7.16,7.16,7.05,7.05,304
OTLOG,20151026,230.15,230.15,230.15,230.15,10
OTMUCHOW,20151026,6.45,6.50,6.38,6.38,1050
OVOSTAR,20151026,89.00,89.51,89.00,89.51,136
PAGED,20151026,51.50,52.71,51.40,52.71,6250
PANOVA,20151026,18.55,18.55,18.45,18.52,225
PATENTUS,20151026,0.76,0.77,0.76,0.77,2840
PBG,20151026,2.28,2.29,2.20,2.20,21817
PCCEXOL,20151026,3.17,3.17,3.05,3.17,1151
PCCINTER,20151026,2.24,2.24,2.21,2.23,180
PCCROKITA,20151026,40.15,40.17,39.60,40.17,564
PCM,20151026,42.89,42.89,41.51,42.71,1177
PEGAS,20151026,122.05,122.05,122.05,122.05,8
PEKABEX,20151026,11.10,11.62,11.10,11.62,85
PEKAES,20151026,12.60,12.72,12.60,12.70,160
PEKAO,20151026,152.60,156.50,152.50,155.10,412725
PELION,20151026,60.75,60.75,60.75,60.75,1
PEMANAGER,20151026,134.70,134.80,130.00,134.70,42
PEP,20151026,25.20,26.34,25.20,26.25,4552
PEPEES,20151026,0.54,0.54,0.54,0.54,302
PGE,20151026,13.70,14.31,13.70,14.30,2446962
PGNIG,20151026,6.86,6.94,6.75,6.83,3345266
PGODLEW,20151026,5.19,5.22,5.19,5.22,1026
PHN,20151026,20.75,20.97,19.45,20.44,3887
PKNORLEN,20151026,63.65,65.60,63.40,64.74,1119923
PKOBL1,20151026,105.00,105.00,105.00,105.00,250
PKOBP,20151026,29.49,29.93,28.97,29.47,7120539
PKOGS,20151026,101.55,101.60,101.52,101.53,1377
PKPCARGO,20151026,66.00,66.50,66.00,66.20,3118
PLASTBOX,20151026,2.25,2.25,2.21,2.21,135
PLATYNINW,20151026,4.25,4.59,3.84,3.84,81327
PMPG,20151026,1.39,1.40,1.30,1.40,22196
POLICE,20151026,23.61,24.00,23.50,24.00,1892
POLMED,20151026,3.30,3.35,3.30,3.35,4802
POLNA,20151026,26.18,26.25,26.18,26.25,158
POLNORD,20151026,11.82,12.32,11.82,11.92,168798
POLWAX,20151026,15.65,15.70,15.46,15.48,3584
POZBUD,20151026,6.00,6.00,6.00,6.00,5
PRAGMAFA,20151026,13.25,13.25,13.25,13.25,220
PRAGMAINK,20151026,11.76,11.80,11.71,11.71,95
PRAIRIE,20151026,0.83,0.87,0.81,0.83,163644
PRESCO,20151026,5.44,5.44,5.25,5.29,4181
PRIMAMODA,20151026,1.56,1.56,1.53,1.56,730
PROCAD,20151026,1.80,1.80,1.70,1.78,5121
PROCHEM,20151026,18.77,18.79,18.00,18.45,4666
PROCHNIK,20151026,1.14,1.14,1.08,1.08,424610
PROJPRZEM,20151026,7.44,7.44,7.15,7.15,9349
PROTEKTOR,20151026,3.05,3.06,3.03,3.06,8126
PROVIDENT,20151026,24.95,24.95,24.95,24.95,3
PSG,20151026,0.66,0.66,0.64,0.66,5745
PTI,20151026,0.42,0.46,0.41,0.42,967383
PULAWY,20151026,172.05,177.00,172.00,172.00,470
PWRMEDIA,20151026,1.20,1.20,1.20,1.20,1500
PZU,20151026,372.40,379.00,371.10,378.50,162567
QUANTUM,20151026,6.00,6.00,5.96,5.96,139
QUERCUS,20151026,6.25,6.47,6.11,6.47,6606
QUMAK,20151026,10.22,10.39,9.90,10.10,6487
RADPOL,20151026,6.75,6.75,6.41,6.46,7909
RAFAKO,20151026,6.70,6.74,6.65,6.72,15383
RAINBOW,20151026,24.89,25.49,24.89,25.40,2353
RANKPROGR,20151026,1.46,1.46,1.35,1.35,52024
RAWLPLUG,20151026,9.09,9.09,8.70,8.70,7
RCCRUAOPEN,20151026,9.37,9.37,9.37,9.37,10970
RCDACAOPEN,20151026,33.30,33.30,33.30,33.30,665
RCDAXAOPEN,20151026,463.87,463.87,463.81,463.81,20
RCESXAOPEN,20151026,146.32,146.32,145.97,145.97,378
RCGBSH10520,20151026,981.42,981.42,981.42,981.42,2
RCGBSH11116,20151026,1075.26,1075.26,1075.26,1075.26,20
RCGLDAOPEN,20151026,451.92,451.92,451.92,451.92,5
RCGNS010920,20151026,1009.01,1009.01,1009.01,1009.01,100
RCLNAGOPEN,20151026,6.30,6.30,6.14,6.14,3365
RCMBK11116,20151026,822.80,822.80,813.84,813.84,4
RCSDGP0720,20151026,987.45,987.45,987.45,987.45,10
RCSILAOPEN,20151026,61.21,61.38,61.21,61.38,53
REDAN,20151026,2.30,2.30,2.30,2.30,500
REDWOOD,20151026,5.65,6.02,5.65,6.02,419
REINHOLD,20151026,0.54,0.54,0.44,0.44,65585
RELPOL,20151026,6.84,6.91,6.75,6.90,16893
REMAK,20151026,23.30,23.30,22.70,23.00,511
RESBUD,20151026,1.85,1.98,1.77,1.85,30984
ROBYG,20151026,2.45,2.54,2.45,2.53,52110
RONSON,20151026,1.37,1.37,1.37,1.37,500
ROPCZYCE,20151026,21.50,21.50,21.12,21.47,2626
RUBICON,20151026,1.25,1.31,1.25,1.31,689
SANOK,20151026,57.42,57.60,57.41,57.60,600
SCOPAK,20151026,3.09,3.09,2.97,3.05,602
SECOGROUP,20151026,20.88,21.00,20.88,21.00,343
SELVITA,20151026,21.30,21.30,21.16,21.30,4525
SERINUS,20151026,2.08,2.08,2.01,2.04,10495
SFINKS,20151026,3.64,3.64,3.46,3.50,91550
SILVANO,20151026,5.48,5.53,5.32,5.53,7571
SIMPLE,20151026,9.39,9.60,9.39,9.60,9364
SKARBIEC,20151026,32.50,33.00,32.50,33.00,111
SKOK,20151026,1.67,1.67,1.65,1.67,3415
SKOTAN,20151026,0.57,0.59,0.56,0.57,260371
SMT,20151026,16.85,16.85,16.41,16.85,1374
SNIEZKA,20151026,55.74,55.74,53.53,53.58,369
SOBIESKI,20151026,76.00,78.69,76.00,76.14,155
SOHODEV,20151026,1.18,1.18,1.18,1.18,32
SOLAR,20151026,1.48,1.51,1.46,1.50,41027
SONEL,20151026,13.20,13.20,13.19,13.20,1105
STALEXP,20151026,3.21,3.21,3.12,3.19,12988
STALPROD,20151026,321.00,325.00,321.00,325.00,18
STAPORKOW,20151026,4.98,4.98,4.59,4.60,22479
STARHEDGE,20151026,0.74,0.80,0.74,0.80,6099
SUNEX,20151026,0.21,0.21,0.18,0.20,2699682
SUWARY,20151026,10.70,11.00,10.56,11.00,1505
SWISSMED,20151026,1.90,1.90,1.89,1.89,602
SYGNITY,20151026,9.13,9.43,9.05,9.43,7093
SYNEKTIK,20151026,16.00,16.00,15.65,16.00,592
SYNTHOS,20151026,3.78,3.84,3.78,3.81,555613
TALEX,20151026,18.10,18.10,18.10,18.10,12
TARCZYNSKI,20151026,13.20,13.20,13.19,13.20,1874
TATRY,20151026,103.00,105.50,103.00,105.50,48
TAURONPE,20151026,3.14,3.19,3.14,3.16,1678060
TELL,20151026,11.97,12.00,11.75,12.00,352
TERESA,20151026,15.15,15.15,15.15,15.15,400
TERMOREX,20151026,2.97,3.21,2.97,3.09,4211
TESGAS,20151026,3.77,3.77,3.76,3.76,105
TFONE,20151026,3.38,3.39,3.22,3.31,12370
TIM,20151026,9.20,9.27,9.20,9.27,8931
TORPOL,20151026,12.35,12.70,12.15,12.59,8282
TOYA,20151026,5.15,5.15,5.15,5.15,32
TRAKCJA,20151026,10.04,10.30,10.04,10.30,33656
TRANSPOL,20151026,4.70,5.10,4.70,4.95,2683
TRIGONPP,20151026,115.09,115.09,114.24,114.25,560
TRITON,20151026,1.97,1.98,1.97,1.98,229
ULMA,20151026,78.00,78.00,78.00,78.00,53
UNIBEP,20151026,10.85,10.90,10.51,10.63,816
UNIMA,20151026,2.65,2.65,2.50,2.50,3459
UNISYS1AB,20151026,952.00,952.00,952.00,952.00,1
UNIWHEELS,20151026,117.00,118.90,116.30,118.85,1214
URSUS,20151026,3.13,3.18,3.13,3.15,203421
VANTAGE,20151026,2.60,2.60,2.60,2.60,321
VARIANT,20151026,1.67,1.67,1.60,1.64,7490
VINDEXUS,20151026,6.17,6.17,6.04,6.08,21186
VISTAL,20151026,11.24,11.38,11.19,11.38,3002
VISTULA,20151026,2.90,2.95,2.90,2.95,119274
VOTUM,20151026,16.68,16.68,16.65,16.68,268
VOXEL,20151026,17.48,17.48,17.00,17.00,246
WADEX,20151026,4.30,4.30,4.11,4.11,2690
WARIMPEX,20151026,3.25,3.25,3.25,3.25,959
WASKO,20151026,1.94,1.94,1.86,1.92,2761
WAWEL,20151026,1275.00,1275.00,1270.00,1270.00,22
WDX,20151026,5.27,5.27,5.15,5.26,607
WIELTON,20151026,7.40,7.50,7.40,7.45,9254
WILBO,20151026,1.29,1.29,1.26,1.28,8755
WINDMOBIL,20151026,7.85,7.90,7.81,7.81,2108
WINVEST,20151026,4.14,4.14,4.00,4.00,1748
WIRTUALNA,20151026,39.80,40.50,39.80,40.40,4089
WOJAS,20151026,7.53,7.58,7.36,7.58,5361
WORKSERV,20151026,15.75,15.75,15.50,15.50,1378
YAWAL,20151026,4.01,4.20,3.46,3.46,34236
ZAMET,20151026,1.90,2.05,1.90,2.05,96750
ZASTAL,20151026,0.70,0.70,0.67,0.69,15170
ZEPAK,20151026,12.31,12.60,12.23,12.36,5886
ZETKAMA,20151026,88.40,88.99,88.00,88.40,1721
ZUE,20151026,8.49,8.50,8.49,8.50,992
ZYWIEC,20151026,395.30,399.00,395.00,399.00,22
INVESTORMS,20151026,3758.43,3760.21,3758.43,3760.21,92503.854
MWIG40,20151026,3729.77,3755.40,3726.35,3746.01,85638.887
NCINDEX30,20151026,1052.97,1069.93,1047.79,1062.52,3371.077
RESPECT,20151026,2604.67,2638.40,2604.67,2622.69,366242.385
SWIG80,20151026,13389.43,13499.39,13389.43,13497.75,16652.976
WIG,20151026,50787.47,51433.35,50787.47,51233.42,820861.698
WIG-BANKI,20151026,6788.86,6788.86,6748.92,6748.92,362093.286
WIG-BUDOW,20151026,3156.74,3156.74,3150.14,3153.69,3163.654
WIG-CEE,20151026,744.97,764.62,744.97,761.12,5088.512
WIG-CHEMIA,20151026,15298.36,15372.50,15298.36,15372.50,5990.440
WIG-DEWEL,20151026,1485.53,1485.53,1477.58,1482.38,4021.440
WIG-ENERG,20151026,3354.32,3361.44,3353.68,3353.68,57379.897
WIG-INFO,20151026,1669.79,1682.00,1669.79,1682.00,10575.819
WIG-MEDIA,20151026,4510.50,4553.82,4510.50,4553.82,12253.713
WIG-PALIWA,20151026,4762.90,4762.90,4703.18,4729.73,101675.942
WIG-POLAND,20151026,52487.31,52487.31,52348.67,52365.58,815096.995
WIG-SPOZYW,20151026,3698.84,3710.22,3698.84,3707.46,5400.125
WIG-SUROWC,20151026,3012.40,3012.40,2973.73,2973.73,91428.562
WIG-TELKOM,20151026,867.35,869.82,866.16,869.82,14208.369
WIG-UKRAIN,20151026,397.01,398.19,397.01,398.14,4707.323
WIG20,20151026,2093.76,2125.08,2087.42,2110.74,709114.351
WIG20LEV,20151026,643.60,662.98,639.67,654.11,709114.351
WIG20SHORT,20151026,3761.00,3772.24,3705.48,3730.90,709114.351
WIG20TR,20151026,3480.33,3480.33,3465.86,3467.61,709114.351
WIG30,20151026,2328.35,2364.36,2328.35,2350.84,743885.089
WIG30TR,20151026,3830.43,3830.43,3817.95,3817.95,743885.089
WIGDIV,20151026,1088.50,1102.82,1088.50,1097.23,364556.030
08OCTAVA,20151026,1.24,1.24,1.24,1.24,2306
AMPLI,20151026,0.22,0.22,0.22,0.22,50
ARCUS,20151026,0.99,0.99,0.99,0.99,2477
BERLING,20151026,4.16,4.16,4.16,4.16,240
CCENERGY,20151026,0.07,0.07,0.07,0.07,1600
COMPERIA,20151026,18.40,18.40,18.40,18.40,3
DREWEX,20151026,1.00,1.00,1.00,1.00,2084
EFH,20151026,0.06,0.06,0.05,0.05,2388
EKANCELAR,20151026,0.02,0.03,0.02,0.03,727976
FAM,20151026,1.30,1.30,1.30,1.30,2000
HUTMEN,20151026,4.97,4.97,4.97,4.97,37
IDEON,20151026,0.02,0.02,0.02,0.02,44000
KCI,20151026,0.03,0.03,0.03,0.03,168144
MIT,20151026,0.15,0.15,0.15,0.15,93898
MSXRESOUR,20151026,0.47,0.47,0.47,0.47,5200
PEIXIN,20151026,5.31,5.31,5.31,5.31,7
PEMUG,20151026,0.53,0.53,0.53,0.53,20
PETROLINV,20151026,0.14,0.14,0.13,0.13,631645
PLAZACNTR,20151026,0.13,0.13,0.13,0.13,90
POLCOLORIT,20151026,1.30,1.30,1.30,1.30,4002
POLIMEXMS,20151026,5.75,5.75,5.67,5.67,21575
REGNON,20151026,1.40,1.40,1.40,1.40,2810
ROVESE,20151026,1.40,1.40,1.40,1.40,3357
SANWIL,20151026,0.82,0.84,0.82,0.84,5234
SKYLINE,20151026,0.54,0.54,0.53,0.53,1106
SKYSTONE,20151026,3.45,3.45,3.45,3.45,5
WISTIL,20151026,37.00,37.00,37.00,37.00,10
ZREMB,20151026,1.16,1.16,1.16,1.16,1
01CYBATON,20151026,3.20,3.20,3.00,3.08,26049
11BIT,20151026,70.11,70.90,68.00,70.20,2670
2CPARTNER,20151026,0.62,0.62,0.62,0.62,470
2INTELLECT,20151026,0.43,0.43,0.43,0.43,30
ABPOL,20151026,0.23,0.23,0.22,0.22,24421
ABSINVEST,20151026,1.85,1.86,1.83,1.86,26451
ACARTUS,20151026,0.24,0.24,0.24,0.24,100
ADFORM,20151026,7.77,7.77,7.56,7.56,164
ADMASSIVE,20151026,0.37,0.37,0.37,0.37,25
ADMIRAL,20151026,0.32,0.34,0.30,0.32,232299
ADVOCULAR,20151026,2.24,2.39,2.15,2.39,2325
AEDES,20151026,0.74,0.74,0.74,0.74,1000
AERFINANC,20151026,0.31,0.31,0.30,0.30,240
AFHOL,20151026,1.76,2.05,1.75,2.05,1104
AGROLIGA,20151026,15.59,15.59,15.10,15.45,126
AGROTOUR,20151026,0.46,0.46,0.46,0.46,20
AIRWAY,20151026,1.65,1.65,1.65,1.65,550
AITON,20151026,1.20,1.20,1.10,1.20,2351
ALDA,20151026,1.46,1.46,1.46,1.46,24
ALUMAST,20151026,1.17,1.17,1.09,1.09,4400
APANET,20151026,4.83,5.29,4.50,5.05,781
AQUAPOZ,20151026,7.27,7.27,6.77,6.77,321
ARI,20151026,0.50,0.54,0.49,0.54,9926
ARRINERA,20151026,11.59,11.59,11.00,11.00,86
ARTBIZNES,20151026,0.30,0.30,0.30,0.30,12760
ARTNEWMED,20151026,0.03,0.03,0.03,0.03,500
ARTNEWS,20151026,1.69,1.69,1.64,1.69,751
ARTP,20151026,0.10,0.10,0.10,0.10,100
ASMGROUP,20151026,2.26,2.26,2.26,2.26,982
ASTORIA,20151026,3.44,3.44,3.23,3.44,44
ASTRO,20151026,1.80,1.80,1.80,1.80,278
ATCCARGO,20151026,2.79,2.79,2.79,2.79,4
AUTOSPA,20151026,4.70,4.70,4.35,4.35,503
AZTEC,20151026,2.95,2.95,2.95,2.95,5
B2BPARTNER,20151026,0.17,0.17,0.16,0.17,13000
BALTICINV,20151026,0.89,0.91,0.86,0.89,74256
BALTICON,20151026,13.50,14.25,13.50,14.25,94
BBCONSULT,20151026,3.55,3.63,3.55,3.63,1175
BDF,20151026,27.40,28.05,27.40,28.05,51
BGE,20151026,0.29,0.29,0.29,0.29,200
BINARY,20151026,0.22,0.22,0.22,0.22,20
BIOERG,20151026,0.20,0.22,0.20,0.22,110
BIOGENED,20151026,11.18,12.00,10.75,12.00,1505
BIOMASS,20151026,1.53,1.53,1.49,1.53,10193
BIOMAX,20151026,0.19,0.19,0.16,0.17,629622
BIOMAXIMA,20151026,4.10,4.25,4.05,4.05,3644
BIOPLANET,20151026,15.00,16.00,15.00,15.04,518
BLIRT,20151026,1.79,1.80,1.79,1.80,35
BLOOBER,20151026,36.50,37.50,36.50,36.98,6637
BLUMERANG,20151026,1.10,1.30,1.01,1.30,27490
BOA,20151026,0.33,0.33,0.31,0.32,20100
BOMEDIA,20151026,0.90,0.90,0.90,0.90,700
BOOMERANG,20151026,0.44,0.44,0.44,0.44,1200
BORUTA,20151026,0.26,0.28,0.24,0.26,3293041
BPC,20151026,0.54,0.54,0.54,0.54,30
BROADGATE,20151026,0.78,0.78,0.78,0.78,19
BVT,20151026,1.66,1.66,1.51,1.62,17037
CALESCO,20151026,1.33,1.33,1.33,1.33,10
CCTOOLS,20151026,0.29,0.29,0.29,0.29,65
CDE,20151026,0.16,0.16,0.15,0.16,1300
CENTURION,20151026,0.25,0.25,0.25,0.25,150
CEREALPLT,20151026,12.19,12.19,12.19,12.19,1
CFBPS,20151026,6.29,6.29,6.29,6.29,1
CLOUD,20151026,95.50,95.50,95.50,95.50,2
COLUMBUS,20151026,0.31,0.33,0.29,0.31,208355
COMECO,20151026,0.36,0.36,0.35,0.35,740
CORELENS,20151026,0.58,0.58,0.58,0.58,100
CSY,20151026,3.70,3.70,3.70,3.70,13
CTE,20151026,5.35,5.35,5.35,5.35,1
CWPE,20151026,0.15,0.16,0.13,0.16,21491
DANKS,20151026,0.87,0.87,0.87,0.87,163
DASE,20151026,0.44,0.44,0.44,0.44,30
DEKTRA,20151026,9.55,9.55,9.55,9.55,2
DENTAMDC,20151026,0.01,0.01,0.01,0.01,344003
DEVORAN,20151026,0.49,0.66,0.49,0.64,8458
DOMLEK,20151026,17.70,17.70,17.70,17.70,1
EASTSIDE,20151026,1.64,1.64,1.55,1.56,1759
EASTSIDE-PP,20151026,0.04,0.04,0.01,0.03,85627
EASYCALL,20151026,2.37,2.37,2.37,2.37,200
EBC,20151026,0.93,0.95,0.93,0.95,2567
EC2,20151026,0.99,1.00,0.95,1.00,11888
ECA,20151026,1.45,1.50,1.45,1.50,4331
ECERAMICS,20151026,0.01,0.01,0.01,0.01,328919
ECOTECH,20151026,1.15,1.15,1.15,1.15,10
EDISON,20151026,1.18,1.18,1.18,1.18,11
EFICOM,20151026,0.55,0.55,0.55,0.55,20
EFIXDM,20151026,13.10,13.10,13.10,13.10,20
EGB,20151026,4.02,4.02,4.02,4.02,35
EKIOSK,20151026,0.72,0.72,0.72,0.72,30
EMMERSON,20151026,0.05,0.05,0.05,0.05,44
EMONT,20151026,0.92,0.92,0.91,0.91,10150
EMUZYKA,20151026,2.08,2.08,2.08,2.08,2011
EONET,20151026,6.64,6.64,6.59,6.59,11
EPIGON,20151026,0.17,0.17,0.17,0.17,1000
ERNE,20151026,5.22,5.40,5.22,5.40,82598
ERS,20151026,0.28,0.28,0.28,0.28,50
ESKIMOS,20151026,0.32,0.32,0.32,0.32,100
EUROCENT,20151026,10.14,10.14,10.00,10.00,108
EUROTAX,20151026,2.60,2.60,2.60,2.60,52
EXCELLENC,20151026,1.64,1.64,1.64,1.64,10
EZO,20151026,5.00,5.00,4.80,4.92,4127
FABRYKAKD,20151026,0.92,1.08,0.74,0.79,11330
FACHOWCY,20151026,0.18,0.18,0.18,0.18,200
FARM51,20151026,14.00,14.25,13.80,14.10,8957
FLUID,20151026,0.91,0.94,0.89,0.92,23630
FLYPL,20151026,0.32,0.37,0.28,0.35,7581801
FOREVEREN,20151026,0.49,0.49,0.48,0.49,3383
FUTURIS,20151026,0.87,0.87,0.87,0.87,30
GALVO,20151026,1.40,1.43,1.40,1.43,280
GEKOPLAST,20151026,9.35,9.35,9.35,9.35,10
GENRG,20151026,0.13,0.15,0.13,0.14,223057
GEOTRANS,20151026,6.00,6.07,5.60,5.80,854
GOLAB,20151026,0.36,0.36,0.36,0.36,50
GONTYNIEC,20151026,1.40,1.40,1.40,1.40,3955
GRAPHIC,20151026,0.73,0.87,0.70,0.79,8498
GREMPCO,20151026,0.14,0.16,0.14,0.14,51835
GRJAGUAR,20151026,0.84,0.84,0.84,0.84,749
GRUPAEMM,20151026,0.11,0.13,0.10,0.10,668661
GRUPAHRC,20151026,2.86,2.86,2.86,2.86,10
GRUPAREC,20151026,13.29,13.29,13.00,13.29,92
GTRINITY,20151026,5.20,5.49,5.20,5.49,164
GWARANT,20151026,3.10,3.15,3.10,3.15,2001
HAMBURGER,20151026,1.21,1.21,1.21,1.21,10
HFTGROUP,20151026,2.55,2.55,2.45,2.45,350
HOLLYWOOD,20151026,4.00,4.00,4.00,4.00,300
HORTICO,20151026,3.25,3.41,3.25,3.41,790
HOTBLOK,20151026,0.05,0.06,0.05,0.06,67669
HYDRAPRES,20151026,0.32,0.34,0.32,0.34,865
HYDROPHI,20151026,0.21,0.21,0.20,0.20,3618
I3D,20151026,0.65,0.65,0.65,0.65,70
IAI,20151026,5.29,5.29,5.29,5.29,5
IFM,20151026,0.55,0.55,0.55,0.55,30
IGORIA,20151026,1.00,1.00,1.00,1.00,700
IMAGIS,20151026,0.29,0.30,0.24,0.30,15251
INBOOK,20151026,0.43,0.44,0.43,0.44,5280
INDEXMEDI,20151026,2.45,2.45,2.30,2.30,849
INFRA,20151026,1.68,1.89,1.56,1.70,42842
INNOGENE,20151026,7.80,7.80,7.65,7.65,443
INTELIWIS,20151026,1.61,1.61,1.61,1.61,600
INTERNITY,20151026,1.00,1.00,1.00,1.00,20
INVENTI,20151026,1.80,1.93,1.80,1.93,524
INVESTEKO,20151026,1.90,1.90,1.90,1.90,20
INWESTPL,20151026,0.31,0.31,0.31,0.31,1
IPODS,20151026,0.52,0.55,0.52,0.52,981
IPOSA,20151026,0.07,0.07,0.07,0.07,32392
JRHOLDING,20151026,0.55,0.57,0.55,0.56,28828
JUJUBEE,20151026,7.25,8.39,7.25,8.15,23451
KANCELWEC,20151026,0.45,0.45,0.37,0.45,3048
KKHERBAL,20151026,0.32,0.32,0.32,0.32,50
KLASZTORNE,20151026,0.10,0.11,0.10,0.11,10380
KLEBAINV,20151026,3.85,3.85,3.85,3.85,2
KLON,20151026,1.68,1.68,1.60,1.60,1113
KME,20151026,3.26,3.26,3.11,3.12,920
KOMPLEKS,20151026,0.93,0.93,0.93,0.93,15
KORBANK,20151026,1.66,1.66,1.66,1.66,50
KUPIEC,20151026,2.59,2.59,2.59,2.59,10
LABOPRINT,20151026,15.08,15.50,15.08,15.35,470
LAURENPES,20151026,0.03,0.03,0.03,0.03,300
LEASINGEX,20151026,0.40,0.42,0.35,0.42,2450
LEONIDAS,20151026,0.34,0.34,0.29,0.33,5028
LETUS,20151026,0.14,0.14,0.12,0.14,75467
LIBERTY,20151026,0.01,0.01,0.01,0.01,1230000
LOYD,20151026,0.39,0.39,0.39,0.39,50
LSTECHHOM,20151026,1.02,1.03,0.90,0.97,34515
LUXIMA,20151026,0.04,0.04,0.04,0.04,300
LZMO,20151026,1.47,1.47,1.47,1.47,50
MAKOLAB,20151026,3.94,3.94,3.85,3.94,1505
MAKORA,20151026,1.09,1.09,0.95,1.01,13041
MARKA,20151026,2.57,2.57,2.40,2.53,614
MARSOFT,20151026,0.15,0.15,0.13,0.13,63695
MAXIMUS,20151026,0.80,0.80,0.80,0.80,10
MBFGROUP,20151026,6.10,6.26,5.85,6.26,1484
MBPARTNER,20151026,0.03,0.03,0.03,0.03,88
MEDIACAP,20151026,3.00,3.10,2.90,3.10,6091
MEDIANPOL,20151026,0.41,0.41,0.41,0.41,30
MEGASONIC,20151026,5.60,5.60,5.60,5.60,500
MERIT,20151026,0.27,0.27,0.27,0.27,50
MFOOD,20151026,0.53,0.60,0.53,0.60,6774
MGAMES,20151026,0.04,0.04,0.04,0.04,12250
MGMSYS,20151026,2.07,2.08,2.07,2.08,280
MILESTONE,20151026,7.51,7.68,7.51,7.68,235
MILKPOL,20151026,0.22,0.23,0.20,0.22,26880
MINOX,20151026,0.07,0.07,0.06,0.07,698579
MODE,20151026,0.57,0.57,0.49,0.57,14017
MOLMEDICA,20151026,0.01,0.01,0.01,0.01,281759
MOMO,20151026,2.70,2.70,2.70,2.70,15
MORIZON,20151026,1.45,1.49,1.40,1.49,25721
MOTORICUS,20151026,0.53,0.74,0.53,0.74,60218
NANOTEL,20151026,2.85,2.85,2.85,2.85,109
NAVIMORIN,20151026,4.00,4.00,3.99,4.00,50
NEPTIS,20151026,29.95,29.95,29.95,29.95,176
NETWISE,20151026,4.15,4.15,4.15,4.15,302
NFPL,20151026,0.18,0.18,0.18,0.18,100
NOVATIS,20151026,0.39,0.40,0.34,0.40,14550
NOVAVIS,20151026,1.12,1.15,1.10,1.13,14036
NOVINA,20151026,0.54,0.57,0.54,0.57,5906
OPENNET,20151026,1.91,1.91,1.91,1.91,50
OPTIZENLB,20151026,0.43,0.43,0.43,0.43,30
ORGANIC,20151026,4.49,4.50,4.49,4.50,8
ORIONINV,20151026,98.78,98.78,98.77,98.77,2
PARTNER,20151026,0.07,0.07,0.07,0.07,100
PATFUND,20151026,0.41,0.41,0.41,0.41,15
PCHVENTURE,20151026,0.38,0.38,0.38,0.38,100
PFMEDICAL,20151026,36.75,36.75,33.91,36.00,31
PGPPOLONI,20151026,1.50,1.50,1.45,1.45,1000
PGSSOFT,20151026,8.24,9.00,8.24,8.75,14129
PHARMENA,20151026,19.70,19.80,17.34,19.70,2180
PHOTON,20151026,0.74,0.77,0.74,0.77,2420
PIK,20151026,0.35,0.35,0.35,0.35,1300
PILAB,20151026,40.88,40.88,39.49,39.90,1083
PLATIGE,20151026,12.49,12.50,12.49,12.50,2
PLAYMAKER,20151026,0.02,0.02,0.02,0.02,10000
POLFA,20151026,0.29,0.29,0.29,0.29,900
PPRICE,20151026,0.04,0.04,0.04,0.04,1505000
PRESENT24,20151026,1.67,1.67,1.67,1.67,50
PRESTO,20151026,0.71,0.73,0.71,0.73,17437
PRIME,20151026,30.17,31.94,29.81,30.85,18897
PROLOG,20151026,8.80,8.80,8.80,8.80,225
PROMISE,20151026,3.57,3.58,3.57,3.58,3000
PRYMUS,20151026,5.07,5.07,5.07,5.07,5
PTWP,20151026,13.00,13.00,13.00,13.00,101
RAJDY4X4,20151026,0.06,0.06,0.05,0.05,206
ROBINSON,20151026,11.55,11.70,11.55,11.70,27
ROCCA,20151026,0.40,0.40,0.40,0.40,30
ROVITA,20151026,0.24,0.24,0.24,0.24,50
RSY,20151026,6.93,6.93,5.70,6.70,41
RUCHCHORZ,20151026,0.24,0.24,0.24,0.24,30
RUNICOM,20151026,0.56,0.56,0.56,0.56,30
SAPLING,20151026,0.29,0.29,0.29,0.29,1
SESCOM,20151026,19.81,19.81,19.81,19.81,1
SETANTA,20151026,16.23,16.90,16.23,16.90,72
SFD,20151026,0.45,0.45,0.45,0.45,2000
SFERANET,20151026,0.75,0.75,0.74,0.75,130
SFKPOLKAP,20151026,5.82,5.82,5.60,5.80,809
SILVACG,20151026,0.01,0.01,0.01,0.01,210
SMOKESHOP,20151026,0.33,0.33,0.33,0.33,50
SPC,20151026,0.05,0.05,0.05,0.05,100
STANDREW,20151026,10.40,12.00,10.09,11.80,147
STANUSCH,20151026,8.49,8.50,8.49,8.50,30
STARFIT,20151026,1.20,1.20,1.12,1.12,1000
STEMCELLS,20151026,1.22,1.22,1.22,1.22,10
STOPKLA,20151026,9.13,10.50,9.13,10.50,224
SUMMALING,20151026,4.00,4.00,4.00,4.00,1677
SURFLAND,20151026,0.94,0.94,0.93,0.94,460
SWISSPSM,20151026,0.26,0.26,0.26,0.26,100
SZAR,20151026,0.07,0.07,0.07,0.07,200
TAMEX,20151026,0.60,0.68,0.59,0.59,16639
TAXNET,20151026,0.51,0.51,0.48,0.50,2950
TAXUSFUND,20151026,0.04,0.05,0.04,0.05,94476
TECHMADEX,20151026,20.50,20.50,20.50,20.50,3
TELGAM,20151026,0.25,0.25,0.25,0.25,100
TERMOEXP,20151026,1.57,1.75,1.57,1.75,308
TILIA,20151026,1.23,1.23,1.08,1.08,5221
TROPHYRES,20151026,3.00,3.00,2.94,2.94,713
UNITED,20151026,0.57,0.63,0.57,0.60,47139
VAKOMTEK,20151026,1.19,1.19,1.19,1.19,9
VCP,20151026,0.29,0.29,0.29,0.29,40
VELTO,20151026,0.30,0.36,0.30,0.36,102300
VENTUREIN,20151026,2.20,2.32,2.17,2.32,900
VIVID,20151026,6.88,7.28,6.85,7.12,26923
WDBBU,20151026,2.95,2.95,2.55,2.95,90
WIERZYCL,20151026,0.46,0.46,0.46,0.46,50
XPLUS,20151026,0.11,0.11,0.11,0.11,1425
XSYSTEM,20151026,0.85,0.96,0.85,0.96,2970
YELLOWHAT,20151026,0.28,0.30,0.23,0.29,11148
YOURIMAGE,20151026,0.38,0.38,0.38,0.38,400
NCINDEX,20151026,290.42,291.79,289.66,290.36,6401.421
2CP0416,20151026,91.40,91.40,91.15,91.15,20
2CP0517,20151026,88.98,88.98,88.98,88.98,2
ALR0421,20151026,103.08,103.08,102.85,102.85,9
BSC0621,20151026,92.50,92.50,92.50,92.50,4
BSW0721,20151026,80.50,80.50,77.00,77.00,9
CAP0917,20151026,100.29,100.29,100.29,100.29,50
CCA0216,20151026,97.55,97.55,97.55,97.55,5
CMP0620,20151026,100.30,100.30,100.30,100.30,305
CPS0721,20151026,101.40,101.40,101.20,101.20,118
CSV0217,20151026,98.40,98.40,98.40,98.40,5
CTG0417,20151026,98.50,98.50,98.50,98.50,20
DAY0916,20151026,22.10,22.10,20.00,20.00,109
DS0725,20151026,106.20,106.20,106.20,106.20,5
DS0726,20151026,97.80,97.80,97.80,97.80,2217
DS1019,20151026,113.71,113.71,113.71,113.71,209
DS1020,20151026,115.50,115.50,115.50,115.50,10
DS1021,20151026,119.19,119.29,119.19,119.29,321
ERC0916,20151026,101.00,101.00,101.00,101.00,250
FFI0116,20151026,94.00,94.00,94.00,94.00,2
GHE0519,20151026,100.75,100.75,100.75,100.75,9
GHE0619,20151026,97.99,97.99,97.95,97.98,1434
GHI0619,20151026,101.00,101.00,101.00,101.00,2118
GNB0218,20151026,97.30,97.98,97.30,97.98,48
GNB0221,20151026,91.00,91.00,91.00,91.00,10
GNB0318,20151026,96.66,96.66,96.65,96.65,22
GNB0420,20151026,93.50,93.50,93.50,93.50,5
GNB0421,20151026,91.50,91.50,91.50,91.50,15
GNB0720,20151026,91.91,91.91,91.91,91.91,27
GNB0819,20151026,96.40,96.49,96.40,96.49,4
GNB0820,20151026,91.50,91.50,91.50,91.50,20
GNB1020,20151026,92.50,92.50,92.50,92.50,5
GNB1119,20151026,94.10,95.20,92.00,95.20,24
GNB1120,20151026,92.10,92.10,91.50,91.50,13
GNB1220,20151026,91.49,91.49,91.49,91.49,5
GNO1120,20151026,90.00,90.00,90.00,90.00,55
GPW0117,20151026,100.81,100.81,100.81,100.81,256
GTB0617,20151026,94.99,94.99,94.99,94.99,3
HGR0517,20151026,99.10,99.10,99.10,99.10,5
KLN0217,20151026,101.00,101.00,101.00,101.00,1
KOS0516,20151026,99.95,99.95,99.95,99.95,57
KOS1117,20151026,99.87,99.87,99.87,99.87,1
KRI0116,20151026,99.60,99.60,99.60,99.60,6
KRS0416,20151026,68.00,68.00,68.00,68.00,3
KRU0317,20151026,103.80,103.80,103.80,103.80,18
KRU0517,20151026,103.35,103.35,103.35,103.35,5
KRU0621,20151026,101.00,101.00,101.00,101.00,243
KRU1116,20151026,103.00,103.00,103.00,103.00,22
KRU1216,20151026,103.11,103.11,103.11,103.11,49
KRU1220,20151026,102.52,102.52,102.52,102.52,5
LKD1017,20151026,100.47,100.47,100.47,100.47,10
MBK1223,20151026,101.95,101.95,101.95,101.95,6
MCI1216,20151026,101.50,101.50,101.50,101.50,4
MKR1116,20151026,97.90,97.90,94.93,94.93,2
MWT0216,20151026,99.90,99.90,99.90,99.90,20
MWT0416,20151026,99.80,99.80,99.80,99.80,75
OK0716,20151026,98.70,98.70,98.70,98.70,94
OK0717,20151026,97.50,97.50,97.50,97.50,1
PBD0616,20151026,92.00,97.00,92.00,97.00,27
PBS0720,20151026,99.89,99.89,99.89,99.89,2
PCR0416,20151026,100.80,100.80,100.80,100.80,91
PCR0419,20151026,100.83,100.83,100.80,100.83,110
PCR0517,20151026,103.00,103.00,102.21,102.21,101
PCR0620,20151026,100.19,100.19,100.19,100.19,1
PCR1019,20151026,100.80,100.80,100.80,100.80,1
PIN1016,20151026,99.98,99.99,99.98,99.99,5
PK11117,20151026,100.51,100.51,100.51,100.51,35
PKN0420,20151026,108.00,108.00,108.00,108.00,1
PKN0517,20151026,101.29,101.30,101.29,101.30,118
PKN0617,20151026,101.54,101.54,100.70,100.70,198
PKN1117,20151026,100.50,100.50,100.50,100.50,1
PND0118,20151026,100.50,100.50,100.50,100.50,20
PND0217,20151026,100.50,100.50,100.50,100.50,9
PND0618,20151026,99.56,99.56,99.56,99.56,1
POZ0219,20151026,100.85,100.85,100.85,100.85,10
PRE1117,20151026,100.10,100.10,100.10,100.10,5
PS0416,20151026,101.60,101.60,101.60,101.60,23
PS0718,20151026,101.81,101.81,101.81,101.81,4
PS1016,20151026,103.20,103.20,103.20,103.20,200
SFK1215,20151026,99.11,99.11,99.11,99.11,6
WLO0516,20151026,42.00,42.00,42.00,42.00,1
